-52
-50
-46
-44
-38
-30
-25
-17
-8
-3
3
8
9
7
6
5
3
1
0
-1
-1
-1
-2
-4
-6
-6
-6
-8
-11
-13
-15
-18
-25
-29
-30
-32
-32
-32
-32
-34
-33
-30
-26
-22
-15
-7
-4
-4
-4
-4
-4
-5
-6
-6
-7
-7
-7
-8
-9
-12
-13
-13
-15
-16
-17
-18
-19
-20
-20
-20
-20
-20
-20
-20
-20
-19
-19
-19
-19
-19
-18
-17
-17
-17
-16
-15
-16
-17
-17
-17
-17
-18
-18
-18
-18
-18
-18
-18
-18
-18
-18
-18
-18
-18
-18
-18
-18
-18
-18
-18
-18
-18
-18
-18
-17
-17
-18
-17
-17
-17

