-17
-17
-17
-18
-20
-25
-33
-39
-40
-41
-43
-42
-41
-38
-31
-19
-5
3
4
2
3
3
2
0
-2
-3
-5
-7
-16
-30
-34
-39
-43
-43
-38
-34
-32
-31
-29
-24
-15
-7
-3
0
1
1
0
-1
-1
-1
0
0
-2
-4
-5
-6
-7
-8
-10
-12
-15
-20
-23
-21
-20
-20
-20
-20
-20
-19
-19
-19
-19
-19
-19
-19
-18
-17
-17
-17
-16
-15
-14
-13
-14
-16
-17
-17
-19
-19
-18
-18
-18
-18
-18
-18
-18
-18
-18
-18
-18
-18
-18
-17
-17
-17
-17
-17
-17
-17
-17
-17
-18
-17
-17
-17
-17
-17
-17
-17

