-17
-17
-16
-16
-16
-16
-16
-16
-16
-16
-16
-16
-16
-16
-16
-16
-16
-16
-16
-16
-16
-16
-16
-16
-16
-16
-17
-17
-17
-17
-17
-17
-16
-16
-16
-16
-16
-16
-16
-16
-16
-17
-17
-16
-17
-17
-17
-17
-17
-17
-17
-17
-17
-18
-18
-17
-16
-17
-17
-17
-17
-17
-16
-13
-10
-8
-8
-7
-5
-5
-7
-9
-12
-16
-19
-20
-21
-23
-26
-27
-27
-26
-25
-24
-22
-21
-22
-22
-22
-21
-20
-19
-19
-16
-15
-16
-16
-16
-15
-16
-16
-16
-16
-16
-16
-16
-16
-16
-16
-16
-16
-16
-16
-16
-17
-19
-19
-19
-18
-18
-17
-16
-16
-16
-16
-16
-16
-16
-16
-16
-16
-16
-16
-16
-16
-16
-17
-17
-16
-16
-16
-16
-16
-17
-17
-16
-16
-17
-17
-17

