-40
-38
-36
-33
-33
-33
-32
-32
-31
-30
-28
-27
-25
-23
-22
-20
-19
-14
-12
-10
-4
-2
-3
-3
-4
-4
-4
-5
-6
-8
-11
-14
-17
-19
-20
-21
-21
-22
-24
-27
-29
-29
-29
-29
-29
-29
-28
-27
-26
-26
-24
-23
-22
-20
-19
-17
-13
-12
-11
-8
-7
-6
-5
-6
-6
-7
-7
-9
-10
-11
-13
-16
-18
-19
-19
-20
-23
-26
-26
-27
-27
-26
-26
-26
-25
-24
-24
-22
-21
-19
-18
-17
-15
-13
-14
-14
-14
-14
-14
-15
-15
-15
-15
-15
-15
-15
-15
-16
-18
-19
-20
-19
-18
-17
-17
-16
-16
-16
-16
-16
-16
-15
-15
-15
-15
-15
-15
-16
-16
-16
-16
-16
-16
-16
-16
-16
-16
-16
-16
-16
-16
-16
-16
-16
-17
-17
-17
-17
-17
-17

