-16
-16
-16
-16
-16
-16
-16
-16
-16
-16
-16
-16
-16
-16
-16
-16
-16
-16
-16
-16
-16
-16
-16
-16
-16
-16
-16
-16
-16
-16
-16
-17
-16
-16
-16
-17
-17
-17
-17
-16
-16
-17
-17
-17
-17
-17
-17
-17
-17
-17
-17
-17
-17
-16
-17
-17
-17
-17
-17
-17
-17
-17
-17
-17
-17
-17
-17
-17
-15
-9
-6
-6
-5
-5
-7
-10
-15
-19
-20
-21
-22
-25
-26
-25
-24
-23
-24
-24
-23
-22
-21
-21
-20
-19
-18
-18
-17
-17
-17
-17
-17
-17
-16
-16
-16
-16
-16
-16
-16
-16
-16
-16
-16
-16
-16
-16
-16
-16
-16
-16
-16
-16
-17
-16
-16
-17
-17
-17
-16
-16
-16
-16
-16
-17
-17
-17
-17
-17
-16
-16
-17
-17
-17
-16
-16
-17
-17
-17
-17
-17

