-17
-19
-22
-28
-34
-38
-39
-41
-41
-40
-39
-34
-25
-12
1
4
3
3
4
2
1
0
-1
-3
-6
-9
-13
-22
-31
-31
-34
-38
-41
-41
-39
-36
-34
-33
-29
-26
-22
-16
-9
-5
2
6
5
1
-1
0
-1
-2
-2
-3
-3
-3
-4
-7
-9
-11
-9
-9
-9
-10
-10
-11
-11
-12
-13
-14
-16
-18
-20
-22
-21
-21
-21
-21
-21
-20
-20
-20
-20
-20
-20
-19
-19
-19
-19
-19
-19
-19
-19
-19
-18
-18
-18
-18
-18
-18
-18
-18
-18
-18
-18
-18
-18
-18
-18
-18
-18
-18
-17
-17
-17
-17
-17
-17
-17
-17
-17
-17
-17
-17
-17
-17
-17
-17
-17
-17

