-50
-48
-47
-45
-44
-43
-41
-38
-32
-27
-19
-15
-13
-13
-13
-14
-14
-13
-10
-3
5
13
14
12
10
8
6
3
-1
-8
-17
-23
-29
-37
-41
-42
-43
-44
-44
-42
-40
-37
-35
-34
-32
-29
-27
-25
-23
-23
-22
-20
-19
-17
-16
-15
-14
-10
-6
-11
-13
-13
-14
-15
-15
-15
-14
-13
-14
-15
-14
-15
-16
-16
-15
-15
-15
-15
-16
-17
-18
-20
-20
-19
-19
-18
-19
-19
-18
-17
-17
-17
-15
-12
-12
-12
-12
-12
-13
-14
-15
-14
-14
-14
-15
-14
-14
-15
-17
-17
-17
-16
-18
-20
-20
-19
-19
-19
-19
-18
-18
-18
-18
-17
-14
-13
-14
-14
-14
-14
-14
-15
-15
-15
-15
-15
-16
-16
-16
-16
-16
-16
-16
-14
-15
-17
-18
-18
-19
-17

