7
18
27
31
32
33
33
32
29
27
23
16
6
-5
-20
-35
-41
-41
-52
-63
-63
-61
-59
-56
-53
-51
-49
-47
-44
-42
-41
-41
-40
-37
-35
-33
-29
-22
-9
3
-1
2
9
11
13
13
12
10
6
-3
-13
-20
-34
-41
-41
-41
-41
-42
-41
-40
-38
-37
-34
-31
-29
-27
-25
-22
-20
-18
-17
-15
-14
-8
-3
-10
-12
-14
-14
-14
-15
-15
-15
-16
-15
-15
-15
-14
-15
-20
-22
-21
-20
-19
-19
-18
-18
-16
-16
-16
-15
-15
-16
-16
-16
-16
-16
-15
-15
-10
-9
-14
-15
-14
-16
-17
-17
-17
-16
-16
-17
-16
-16
-16
-17
-17
-15
-14
-15
-18

