-9
-16
-21
-26
-29
-31
-34
-37
-39
-39
-39
-38
-37
-36
-30
-24
-21
-13
-1
6
6
5
5
3
2
0
-2
-3
-4
-4
-5
-6
-7
-7
-8
-9
-11
-12
-13
-13
-11
-10
-10
-11
-13
-17
-22
-24
-25
-26
-28
-31
-34
-34
-34
-34
-33
-30
-27
-23
-19
-17
-15
-13
-9
-5
-4
-4
-6
-7
-7
-7
-9
-11
-14
-14
-11
-8
-7
-9
-10
-11
-11
-11
-11
-11
-12
-13
-14
-16
-18
-21
-21
-21
-21
-21
-21
-20
-20
-20
-20
-20
-19
-19
-19
-19
-19
-19
-19
-19
-19
-18
-18
-18
-18
-18
-18
-18
-18
-18
-17
-17
-17
-17
-16
-16
-17
-17
-18
-18
-18
-18
-18
-18
-18
-18
-18
-17
-17
-17
-17
-17
-17
-17
-17
-17
-17
-17
-17
-17

