-13
-13
-13
-13
-13
-12
-11
-11
-10
-10
-10
-10
-9
-8
-8
-8
-8
-9
-13
-19
-22
-23
-23
-23
-23
-22
-21
-20
-19
-18
-17
-16
-16
-15
-14
-12
-10
-8
-7
-6
-6
-8
-9
-10
-11
-12
-13
-15
-17
-17
-19
-19
-19
-18
-18
-18
-18
-18
-18
-18
-19
-18
-17
-17
-17
-17
-16
-15
-14
-13
-13
-14
-17
-17
-17
-19
-20
-19
-19
-18
-17
-18
-18
-18
-20
-21
-21
-19
-18
-18
-17
-16
-14
-13
-12
-12
-12
-13
-14
-15
-16
-17
-17
-17
-18
-19
-17
-18
-18
-17
-18
-19
-18
-18
-18
-18
-18
-18
-17
-17
-17
-17
-16
-16
-15
-14
-13
-13
-14
-15
-16
-18
-21
-21
-20
-19
-20
-19
-19
-19
-18
-18
-18
-17
-17
-17
-17
-17
-16
-15

