-10
-10
-13
-14
-15
-24
-35
-44
-52
-55
-53
-54
-53
-47
-43
-35
-24
-18
-14
-7
1
12
14
13
10
8
5
3
1
-1
-3
-5
-6
-8
-9
-10
-11
-12
-16
-13
-13
-20
-27
-27
-29
-30
-30
-30
-29
-28
-25
-22
-17
-10
-4
-3
-2
-2
-2
-2
-3
-4
-6
-7
-9
-10
-12
-14
-15
-16
-17
-17
-17
-17
-18
-18
-19
-19
-19
-19
-19
-19
-19
-19
-18
-18
-18
-18
-18
-18
-18
-18
-15
-14
-16
-16
-17
-17
-17
-17
-17
-17
-17
-17
-17
-17
-17
-18
-18
-18
-18
-18
-18
-18
-18
-18
-18
-17
-18
-18
-17
-17
-17
-17
-17
-17
-17
-17
-17
-17

