-28
-27
-26
-25
-23
-22
-21
-19
-18
-18
-17
-16
-15
-15
-15
-15
-15
-15
-14
-14
-12
-10
-9
-9
-10
-11
-12
-13
-15
-17
-20
-22
-22
-24
-25
-24
-23
-21
-19
-19
-18
-17
-17
-17
-17
-17
-16
-16
-16
-17
-17
-17
-17
-17
-17
-17
-17
-17
-17
-17
-17
-17
-17
-17
-17
-17
-17
-17
-17
-17
-17
-17
-17
-17
-17
-16
-15
-13
-13
-12
-12
-11
-12
-12
-13
-14
-15
-16
-17
-18
-19
-20
-20
-20
-20
-21
-20
-20
-19
-19
-19
-19
-19
-19
-18
-18
-17
-17
-17
-17
-17
-17
-17
-17
-17
-17
-17
-17
-17
-17
-17
-17
-17
-17
-17
-17
-17
-17
-17
-17
-17
-17
-17
-17
-17
-17
-17
-17
-17
-17
-17
-17
-17
-17
-17
-17
-17
-17
-17
-17

