-17
-17
-17
-17
-17
-14
-5
-1
-1
-1
-2
0
1
2
1
-5
-12
-18
-23
-27
-29
-31
-32
-32
-33
-33
-32
-32
-31
-28
-27
-28
-27
-26
-24
-21
-18
-15
-14
-11
-9
-9
-8
-8
-8
-8
-9
-9
-9
-10
-11
-11
-12
-15
-18
-22
-24
-26
-25
-24
-24
-23
-21
-20
-19
-19
-19
-19
-17
-17
-16
-16
-16
-16
-16
-16
-16
-16
-16
-16
-16
-16
-16
-16
-16
-16
-16
-17
-17
-17
-17
-17
-17
-17
-17
-17
-17
-17
-17
-17
-17
-17
-17
-17
-17
-17
-17
-17
-17
-17

