-16
-16
-15
-15
-15
-14
-14
-14
-15
-15
-15
-15
-15
-15
-15
-15
-15
-15
-15
-15
-15
-16
-16
-16
-16
-16
-16
-16
-16
-16
-16
-16
-17
-16
-16
-16
-16
-16
-16
-16
-16
-16
-16
-16
-16
-16
-16
-16
-16
-16
-17
-17
-16
-16
-16
-17
-17
-16
-16
-17
-17
-17
-16
-15
-12
-9
-8
-6
-6
-5
-4
-4
-5
-7
-12
-16
-19
-21
-24
-26
-28
-31
-32
-31
-31
-28
-28
-27
-25
-21
-18
-18
-17
-16
-16
-16
-16
-16
-15
-15
-15
-15
-15
-15
-15
-16
-16
-16
-16
-16
-16
-16
-16
-16
-16
-16
-16
-16
-16
-16
-16
-16
-16
-16
-16
-16
-16
-16
-16
-16
-16
-16
-16
-17
-17
-16
-17
-17
-17
-17
-17
-17
-17
-17
-17
-17
-17
-17
-17
-17

