8
8
8
9
10
8
6
5
3
-2
-6
-13
-19
-24
-29
-36
-49
-52
-50
-44
-40
-38
-37
-35
-34
-33
-31
-30
-29
-28
-28
-28
-29
-26
-22
-18
-13
-8
-5
-5
-5
-4
-3
-4
-6
-7
-9
-13
-14
-16
-18
-19
-20
-22
-24
-25
-25
-26
-25
-24
-23
-23
-22
-21
-19
-19
-19
-19
-18
-18
-18
-18
-18
-18
-18
-17
-16
-16
-15
-15
-14
-13
-13
-12
-10
-10
-11
-11
-12
-14
-15
-17
-18
-18
-19
-21
-21
-20
-20
-19
-19
-19
-18
-18
-17
-17
-17
-17
-17
-17
-16
-16
-16
-17
-17
-17
-17
-17
-17
-17
-17
-17
-17
-17
-17
-17
-17
-17
-17
-17
-17
-17
-17
-17
-17
-17
-17
-17
-17
-17
-17
-17
-17
-17
-17
-17
-17
-17
-17
-17

