-16
-13
-4
0
1
5
11
10
10
9
4
-5
-17
-27
-35
-38
-42
-43
-43
-43
-41
-38
-32
-29
-26
-24
-18
-8
-5
-3
0
3
4
3
3
2
-1
-4
-8
-13
-19
-23
-29
-33
-36
-36
-36
-37
-38
-38
-38
-37
-36
-34
-31
-26
-24
-23
-20
-18
-15
-11
-11
-11
-12
-12
-12
-13
-13
-13
-14
-14
-14
-15
-18
-21
-21
-20
-18
-17
-16
-16
-16
-16
-16
-15
-15
-14
-14
-15
-15
-15
-15
-15
-15
-15
-15
-15
-15
-15
-15
-15
-16
-16
-16
-16
-17
-18
-17
-17
-16
-16
-16
-16
-16
-16
-16
-16
-16
-16
-16
-16
-16
-16
-16
-16
-16
-16
-16
-16

