-12
-8
-1
7
8
8
7
5
3
-1
-8
-16
-24
-32
-37
-39
-39
-37
-36
-36
-36
-35
-31
-26
-22
-18
-11
-3
0
-2
-5
-6
-7
-8
-6
-8
-11
-10
-10
-14
-19
-23
-25
-28
-30
-32
-32
-31
-29
-28
-28
-28
-26
-25
-23
-23
-23
-22
-23
-23
-22
-21
-18
-16
-14
-14
-14
-14
-14
-14
-14
-12
-10
-10
-9
-9
-9
-10
-11
-14
-20
-23
-23
-21
-20
-20
-20
-19
-19
-19
-18
-17
-17
-16
-16
-16
-16
-16
-16
-16
-16
-16
-16
-16
-16
-16
-16
-16
-16
-16
-16
-17
-17
-17
-16
-16
-17
-17
-16
-16
-17
-17
-17
-17
-17
-17
-17
-17
-17
-17
-17
-17
-17
-17
-17
-17
-17
-17
-17
-17

