-8
-9
-14
-26
-34
-39
-39
-41
-42
-40
-39
-34
-26
-13
-4
3
4
3
3
3
0
-1
-4
-6
-8
-9
-10
-9
-8
-13
-25
-32
-34
-38
-40
-39
-37
-35
-34
-31
-25
-19
-12
-7
-3
0
0
0
0
-1
-1
-3
-5
-4
-3
-4
-5
-5
-6
-7
-9
-10
-11
-13
-15
-17
-21
-21
-21
-21
-21
-20
-20
-20
-20
-20
-20
-19
-19
-19
-19
-19
-18
-17
-17
-17
-17
-17
-18
-18
-18
-18
-18
-18
-18
-18
-18
-18
-18
-18
-18
-18
-18
-18
-18
-18
-18
-18
-18
-17
-17
-17
-17
-17
-17
-17
-17
-17
-17
-17

