-11
-17
-22
-26
-35
-40
-43
-44
-43
-40
-36
-35
-27
-20
-16
-13
-7
-6
-3
0
3
5
4
0
-1
-4
-9
-18
-28
-31
-32
-35
-39
-42
-44
-45
-42
-37
-33
-34
-35
-32
-28
-27
-28
-29
-27
-20
-19
-21
-20
-17
-14
-14
-12
-11
-9
-8
-7
-6
-2
0
0
-1
-3
-8
-13
-16
-21
-28
-31
-32
-32
-31
-30
-30
-29
-29
-28
-27
-27
-25
-22
-22
-21
-19
-17
-16
-16
-16
-15
-15
-13
-13
-14
-14
-14
-14
-14
-14
-14
-14
-15
-15
-15
-15
-15
-15
-16
-17
-19
-18
-17
-17
-17
-16
-16
-16
-16
-16
-16
-16
-15
-15
-15
-16
-16
-16
-16
-16
-16
-16
-16
-16
-16
-16
-16
-16
-16
-17
-17
-17
-17
-17
-17
-17
-17
-17
-16
-16

