-17
-17
-17
-16
-12
-4
-3
0
4
10
15
15
13
8
0
-11
-22
-31
-36
-38
-40
-41
-41
-39
-36
-33
-33
-32
-30
-27
-21
-11
-7
-4
2
7
9
8
6
4
2
-1
-3
-6
-11
-15
-17
-19
-22
-28
-31
-30
-30
-34
-39
-39
-37
-36
-35
-34
-32
-30
-30
-30
-29
-29
-29
-30
-29
-27
-27
-27
-26
-25
-24
-23
-23
-22
-19
-17
-15
-14
-13
-13
-13
-13
-13
-13
-13
-13
-13
-13
-13
-13
-13
-12
-12
-13
-13
-13
-13
-13
-13
-14
-14
-14
-14
-14
-14
-14
-15
-15
-15
-15
-15
-16
-16
-16
-16
-16
-16
-16
-16
-16
-16
-16
-16
-16
-16
-16
-16
-16
-16
-16
-16
-16
-16
-16
-16
-16

