-9
-4
-2
-2
-2
-3
-4
-6
-10
-16
-21
-25
-32
-37
-37
-39
-41
-41
-38
-37
-34
-26
-27
-25
-11
-5
0
4
3
3
4
4
5
3
0
-8
-24
-43
-47
-43
-41
-41
-41
-40
-41
-40
-40
-40
-40
-39
-38
-32
-20
-13
-11
-7
-6
-7
-7
-7
-6
-5
-5
-4
-4
-5
-5
-6
-6
-9
-16
-22
-22
-21
-23
-25
-25
-24
-21
-18
-16
-15
-15
-14
-14
-14
-14
-14
-14
-14
-14
-13
-13
-13
-13
-13
-14
-14
-14
-14
-14
-14
-15
-15
-15
-15
-15
-16
-17
-17
-16
-16
-16
-16
-16
-16
-16
-16
-16
-16
-16
-16
-16
-16
-16
-16
-16
-16
-16
-16
-16
-16
-16
-16
-16
-16
-16
-16
-16
-16

