-19
-23
-28
-38
-46
-47
-47
-44
-40
-36
-28
-13
2
4
3
4
3
0
-2
-5
-8
-16
-27
-33
-36
-39
-39
-36
-32
-29
-19
-6
1
3
3
2
3
1
0
-2
-6
-6
-6
-5
-6
-9
-14
-20
-26
-31
-33
-37
-39
-37
-35
-33
-31
-30
-28
-24
-17
-11
-5
-3
-2
-2
-1
-2
-3
-4
-5
-6
-5
-5
-6
-6
-7
-7
-7
-8
-10
-12
-15
-18
-17
-15
-16
-19
-21
-22
-21
-21
-20
-20
-20
-20
-20
-20
-19
-19
-19
-19
-19
-19
-18
-16
-16
-16
-16
-17
-17
-17
-17
-17
-17
-17
-17
-18
-18
-18
-19
-18
-18
-18
-18
-18
-18
-18
-18
-18
-18
-18
-18
-18
-18
-18
-17
-17
-17
-17

