-23
-24
-26
-29
-30
-30
-31
-36
-37
-35
-32
-30
-27
-26
-23
-17
-10
-8
-8
-7
-6
-4
-4
-6
-9
-10
-11
-13
-15
-17
-20
-22
-24
-25
-25
-28
-32
-32
-32
-30
-28
-27
-25
-23
-22
-20
-19
-17
-15
-13
-11
-12
-12
-12
-12
-12
-13
-13
-13
-13
-13
-14
-14
-14
-14
-14
-14
-14
-15
-15
-15
-16
-16
-16
-16
-16
-16
-16
-16
-16
-16
-16
-16
-16
-15
-15
-16
-16
-16
-16
-16
-16
-16
-16
-16
-16
-16
-16
-16
-16
-16
-16
-16
-16
-16
-16
-16
-16
-16
-16

