-6
-2
-2
-4
-5
-5
-7
-10
-13
-17
-24
-30
-34
-40
-42
-42
-42
-41
-38
-33
-28
-24
-22
-17
-11
-6
-5
-4
-4
-5
-7
-6
-6
-7
-9
-11
-13
-15
-18
-18
-17
-18
-18
-19
-19
-20
-20
-21
-23
-26
-28
-27
-26
-25
-23
-23
-21
-19
-18
-17
-16
-15
-13
-12
-12
-12
-13
-13
-13
-13
-13
-13
-14
-14
-14
-14
-14
-14
-14
-15
-15
-15
-15
-15
-15
-16
-16
-16
-16
-16
-16
-16
-16
-17
-17
-16
-16
-16
-16
-16
-16
-16
-16
-16
-16
-16
-16
-16
-16
-16
-16
-16
-16
-16
-16
-16
-16
-16
-16
-16

