-17
-16
-15
-12
-10
-11
-8
-7
-7
-7
-8
-9
-12
-15
-18
-22
-23
-23
-24
-25
-26
-25
-25
-27
-29
-31
-29
-27
-25
-24
-22
-18
-15
-14
-13
-12
-11
-10
-8
-8
-7
-7
-6
-6
-7
-10
-13
-16
-19
-21
-21
-23
-24
-24
-23
-22
-21
-19
-20
-21
-21
-22
-25
-26
-24
-22
-22
-22
-20
-19
-19
-18
-18
-16
-16
-15
-15
-14
-13
-13
-14
-14
-14
-14
-14
-14
-14
-15
-15
-15
-15
-15
-15
-15
-15
-15
-15
-15
-15
-16
-16
-16
-16
-16
-16
-16
-16
-16
-16
-16
-16
-17
-17
-17
-17
-17
-17
-16
-16
-16
-16
-16
-16
-16
-16
-16
-16
-16
-16
-16

