-5
-5
-2
-1
-1
-6
-14
-20
-22
-25
-30
-33
-41
-43
-37
-34
-32
-29
-25
-20
-12
-7
-3
0
1
2
0
-1
-4
-9
-14
-18
-20
-25
-30
-32
-34
-37
-40
-39
-37
-34
-31
-28
-24
-22
-20
-15
-11
-10
-7
-4
-2
-2
-1
-2
-5
-6
-9
-13
-15
-17
-18
-18
-19
-20
-21
-21
-22
-23
-25
-27
-29
-29
-27
-23
-22
-21
-19
-18
-17
-16
-15
-14
-13
-12
-12
-12
-13
-13
-13
-13
-13
-14
-14
-14
-14
-14
-14
-14
-15
-15
-15
-15
-15
-15
-16
-16
-16
-16
-16
-16
-16
-16
-16
-16
-16
-16
-16
-16
-16
-16
-16
-16
-16
-16
-16
-16
-16
-16
-16
-16
-16
-16
-16
-16
-16
-16
-16
-16

