-29
-39
-46
-45
-46
-44
-40
-35
-29
-21
-9
2
4
0
-1
1
2
1
0
-3
-6
-10
-13
-20
-26
-28
-33
-37
-38
-38
-35
-31
-27
-23
-15
-8
-4
0
1
-1
-1
0
0
-2
-2
-3
-4
-5
-6
-7
-8
-8
-9
-10
-12
-16
-20
-21
-20
-20
-20
-20
-20
-20
-19
-19
-19
-19
-19
-19
-19
-19
-18
-18
-18
-18
-18
-18
-18
-18
-18
-18
-18
-18
-18
-18
-18
-18
-17
-17
-17
-17
-17
-17
-17
-17
-17
-17
-17
-17
-17
-17
-17
-17
-17
-17
-17
-17
-17
-17
-17
-17
-17
-17
-17
-17
-17
-17
-17
-17

