-17
-17
-16
-14
-10
-6
-2
1
1
1
1
-2
-9
-16
-21
-22
-24
-28
-29
-31
-34
-42
-47
-41
-37
-34
-27
-21
-12
-6
-3
-2
-2
-3
-4
-4
-5
-7
-12
-18
-23
-28
-30
-29
-29
-26
-26
-26
-26
-27
-28
-32
-32
-31
-33
-31
-31
-28
-21
-17
-13
-12
-12
-12
-12
-13
-13
-13
-13
-13
-14
-14
-14
-14
-14
-15
-15
-17
-19
-19
-18
-17
-16
-16
-15
-15
-14
-15
-15
-15
-15
-15
-15
-15
-15
-15
-15
-15
-16
-16
-16
-16
-16
-16
-16
-16
-16
-16
-16
-16
-16
-17
-17
-17
-16
-16
-16
-16
-16
-16

