24
20
20
24
26
22
18
9
-16
-37
-48
-49
-47
-48
-47
-40
-42
-42
-40
-37
-28
-19
-11
-4
0
1
4
6
3
0
-3
-5
-8
-13
-17
-19
-20
-21
-21
-21
-22
-22
-21
-21
-20
-20
-20
-20
-20
-21
-22
-24
-27
-32
-40
-41
-40
-37
-32
-31
-29
-25
-18
-15
-12
-6
-1
1
2
1
0
-1
-3
-6
-11
-18
-25
-32
-35
-36
-31
-29
-32
-31
-32
-32
-29
-27
-22
-16
-16
-16
-16
-16
-16
-18
-21
-20
-20
-19
-16
-15
-15
-16
-16
-16
-16
-16
-16
-16
-16
-16
-16
-16
-16
-17
-19
-19
-20
-18
-17
-16
-16
-16
-16
-16
-17
-17
-17
-17
-16
-16
-16
-16
-16
-17
-16
-16
-16
-16
-16
-16
-16
-16
-16
-16
-16
-16
-16
-16

