-17
-17
-17
-16
-13
-5
1
8
16
21
23
26
23
15
7
0
-5
-12
-23
-34
-37
-37
-40
-43
-44
-43
-40
-39
-39
-38
-38
-39
-38
-36
-35
-33
-31
-26
-15
-5
1
3
5
7
8
9
4
-10
-26
-33
-30
-32
-31
-30
-30
-30
-30
-29
-29
-29
-30
-31
-31
-31
-30
-29
-27
-25
-22
-19
-13
-11
-12
-12
-12
-12
-12
-13
-13
-13
-13
-13
-14
-14
-16
-17
-19
-20
-21
-19
-17
-14
-13
-14
-14
-14
-14
-14
-14
-14
-15
-15
-15
-15
-15
-15
-15
-15
-17
-18
-18
-18
-18
-17
-17
-17
-16
-15
-15
-15
-15
-15
-15
-16
-16
-16
-16
-16
-16
-16

