-17
-16
-14
-11
-10
-10
-10
-10
-11
-12
-12
-14
-17
-20
-21
-20
-20
-20
-19
-19
-20
-21
-23
-24
-23
-21
-20
-19
-18
-16
-16
-16
-15
-14
-13
-12
-11
-11
-12
-13
-15
-16
-18
-19
-19
-19
-19
-19
-19
-21
-22
-21
-18
-18
-18
-21
-25
-26
-26
-28
-34
-36
-32
-29
-31
-31
-30
-29
-28
-24
-18
-16
-17
-17
-17
-17
-17
-17
-17
-17
-17
-17
-17
-17
-17
-17
-17
-17
-17
-17
-17
-17
-17
-17
-17
-17
-17
-17
-17
-17
-17
-17
-17
-17
-17
-17
-17
-17
-17
-17
-17
-17
-17
-17
-17
-17
-17
-17
-17
-17
-17
-17
-17
-17
-17
-17
-17
-17
-17
-17

