-15
-17
-18
-18
-20
-20
-19
-19
-19
-19
-19
-19
-19
-19
-19
-18
-18
-18
-18
-18
-17
-16
-15
-16
-16
-17
-18
-17
-17
-17
-17
-18
-18
-18
-18
-18
-18
-18
-18
-18
-18
-18
-17
-17
-17
-17
-17
-17
-17
-17
-17
-17
-17
-17
-17
-17
-17
-17
-17
-16
-17
-17
-18
-20
-25
-28
-28
-28
-28
-27
-27
-26
-25
-23
-19
-15
-12
-9
-7
-6
-6
-6
-6
-8
-9
-7
-6
-6
-7
-8
-10
-12
-14
-15
-17
-19
-19
-19
-19
-19
-19
-18
-18
-18
-18
-18
-18
-18
-18
-18
-18
-18
-18
-16
-13
-13
-15
-16
-16
-17
-17
-18
-18
-18
-18
-18
-18
-18
-18
-18
-18
-18
-18
-17
-17
-17
-17
-17
-17
-17
-17
-17
-17
-17
-17
-17
-17
-17
-17
-17

