-10
-7
-8
-8
-7
-5
-4
-8
-13
-19
-28
-32
-30
-26
-28
-26
-26
-25
-24
-21
-16
-15
-16
-15
-15
-13
-11
-10
-7
-6
-7
-8
-9
-11
-12
-15
-19
-21
-21
-21
-21
-21
-21
-22
-23
-24
-24
-24
-24
-24
-26
-29
-30
-28
-26
-21
-14
-13
-13
-13
-14
-14
-14
-14
-14
-14
-14
-15
-15
-15
-15
-15
-15
-15
-15
-15
-15
-15
-15
-16
-16
-16
-16
-16
-16
-16
-16
-16
-16
-16
-16
-16
-16
-16
-16
-16
-16
-16
-16
-16
-16
-16
-16
-16
-16
-16
-16
-17
-16
-16
-16
-16
-16
-16
-16
-17
-17
-17
-17
-17

