-16
-12
-3
1
13
24
29
32
26
18
6
-13
-32
-38
-39
-40
-41
-40
-39
-37
-28
-23
-24
-26
-28
-25
-18
-11
-5
-1
1
2
3
2
-1
-4
-8
-12
-15
-19
-24
-25
-25
-23
-22
-22
-22
-21
-21
-21
-21
-21
-21
-21
-22
-22
-23
-23
-24
-24
-25
-27
-32
-34
-34
-27
-20
-14
-11
-10
-11
-11
-10
-10
-10
-10
-10
-10
-9
-9
-8
-8
-9
-11
-18
-23
-23
-22
-19
-19
-21
-20
-20
-20
-19
-19
-18
-18
-17
-16
-14
-14
-14
-14
-14
-14
-15
-15
-15
-15
-15
-15
-15
-15
-15
-15
-15
-16
-16
-16
-16
-16
-16
-17
-17
-17
-17
-18
-17
-17
-17
-16
-16
-16
-16
-16
-16
-16
-16
-16

