7
6
6
6
4
0
-5
-12
-21
-29
-37
-43
-45
-45
-42
-47
-44
-41
-39
-35
-27
-19
-13
-7
-1
6
11
11
8
6
2
-7
-16
-26
-34
-38
-40
-40
-39
-35
-28
-25
-23
-22
-20
-19
-19
-19
-21
-24
-31
-34
-32
-28
-20
-14
-11
-10
-10
-10
-9
-8
-6
-5
-4
-2
-1
-2
-7
-10
-16
-23
-29
-31
-33
-34
-33
-32
-31
-31
-30
-29
-28
-28
-28
-27
-26
-25
-23
-23
-22
-20
-18
-17
-16
-16
-15
-15
-14
-14
-15
-15
-15
-15
-15
-15
-15
-15
-15
-15
-15
-15
-15
-16
-16
-16
-16
-16
-16
-16
-16
-16
-16
-16
-16
-16
-16
-16
-16
-16
-16
-17
-17
-17
-17
-17
-17
-17
-16
-16
-16
-16
-16
-16
-16
-17
-17
-17
-17
-17

