-11
-16
-19
-20
-22
-25
-27
-26
-22
-19
-18
-18
-16
-16
-16
-14
-13
-10
-8
-8
-9
-9
-9
-10
-10
-10
-10
-12
-19
-27
-27
-26
-25
-24
-24
-23
-25
-25
-25
-25
-27
-26
-26
-25
-24
-22
-17
-14
-14
-14
-14
-14
-15
-15
-15
-15
-15
-15
-15
-15
-15
-15
-15
-15
-16
-16
-16
-16
-16
-16
-16
-16
-16
-16
-16
-16
-16
-16
-16
-16
-16
-16
-16
-16
-16
-16
-16
-17
-16
-16
-16
-17
-16
-16
-17
-17
-17
-17
-17
-17
-17
-17
-17
-17
-17
-17
-17
-17
-17
-17

