-17
-17
-16
-12
-8
-5
-2
-5
-12
-16
-20
-22
-25
-29
-30
-28
-23
-21
-20
-19
-19
-18
-16
-15
-15
-14
-13
-12
-11
-10
-7
-6
-8
-9
-10
-9
-10
-16
-20
-21
-21
-21
-22
-26
-25
-24
-22
-21
-21
-20
-20
-20
-20
-20
-20
-20
-20
-21
-22
-23
-23
-21
-18
-16
-16
-16
-18
-21
-22
-23
-25
-28
-29
-30
-30
-27
-25
-24
-22
-18
-12
-11
-11
-12
-12
-12
-12
-12
-13
-13
-13
-13
-13
-13
-14
-14
-14
-14
-15
-15
-15
-15
-15
-15
-15
-15
-15
-15
-15
-15
-15
-15
-15
-15
-15
-16
-16
-16
-16
-16
-16
-16
-16
-16
-16
-16
-16
-16
-16
-16
-16
-16
-16
-16
-16
-16
-16
-16
-16
-16

