-17
-17
-17
-15
-9
2
14
22
29
28
24
15
2
-21
-47
-48
-42
-41
-34
-33
-38
-37
-33
-27
-16
-3
3
10
13
13
12
6
-1
-6
-13
-26
-36
-42
-46
-44
-42
-41
-41
-40
-38
-37
-33
-31
-29
-26
-17
-6
-3
-2
4
8
7
6
4
0
-5
-11
-21
-34
-38
-35
-32
-30
-31
-32
-30
-30
-34
-34
-33
-32
-30
-28
-26
-25
-23
-21
-19
-17
-16
-15
-13
-13
-13
-13
-13
-13
-14
-14
-14
-14
-14
-14
-15
-15
-15
-15
-15
-15
-15
-15
-16
-16
-16
-16
-16
-16
-16
-17
-17
-17
-18
-18
-17
-16
-15
-15
-16
-16
-16
-16
-16
-16
-16
-16
-16
-16
-16
-16
-16
-16
-16
-16
-16
-16

