-24
-32
-37
-37
-41
-44
-44
-41
-36
-25
-8
3
6
4
3
5
4
3
2
0
-3
-4
-6
-8
-13
-24
-31
-34
-42
-45
-45
-40
-37
-33
-29
-22
-13
-7
-4
-3
-3
-2
-2
-2
-3
-3
-3
-5
-5
-4
-5
-4
-4
-5
-6
-9
-13
-14
-15
-18
-21
-21
-21
-20
-20
-20
-20
-20
-20
-20
-20
-19
-19
-19
-18
-17
-16
-16
-15
-14
-15
-16
-17
-18
-17
-18
-18
-18
-18
-18
-18
-18
-18
-18
-18
-18
-18
-18
-18
-18
-18
-18
-18
-18
-18
-18
-18
-18
-18
-17
-17
-17
-17
-17
-17
-17
-17
-17
-17
-17

