-5
-7
-13
-25
-32
-32
-29
-27
-24
-20
-19
-17
-15
-10
1
17
25
23
17
7
-1
-8
-21
-35
-40
-37
-32
-34
-36
-34
-32
-31
-32
-35
-36
-32
-30
-27
-19
-14
-10
-8
-11
-12
-11
-9
-7
-6
-7
-10
-15
-18
-22
-23
-22
-21
-21
-21
-21
-20
-20
-20
-21
-23
-23
-22
-29
-32
-32
-31
-29
-29
-28
-25
-24
-24
-23
-23
-21
-18
-12
-10
-11
-11
-11
-12
-12
-12
-12
-12
-13
-13
-13
-13
-13
-14
-14
-14
-14
-14
-15
-16
-17
-17
-17
-17
-17
-16
-15
-15
-15
-15
-15
-15
-15
-15
-15
-15
-15
-15
-15
-16
-16
-16
-16
-16
-16
-16
-16
-16
-16
-16
-16
-16
-16
-16
-16
-16
-16
-16

