-17
-17
-17
-17
-16
-13
-9
-4
3
9
13
14
11
7
2
-3
-8
-16
-25
-30
-30
-34
-40
-38
-44
-43
-42
-40
-37
-38
-38
-36
-35
-32
-30
-31
-30
-24
-9
0
2
5
10
12
8
3
-5
-20
-36
-39
-34
-31
-29
-28
-28
-30
-31
-31
-31
-29
-30
-34
-33
-31
-25
-16
-15
-19
-23
-25
-25
-26
-26
-24
-24
-20
-13
-12
-12
-11
-10
-10
-10
-8
-6
-7
-10
-15
-23
-20
-14
-12
-14
-14
-13
-13
-14
-14
-15
-15
-14
-14
-14
-12
-11
-12
-12
-12
-12
-13
-13
-13
-13
-13
-14
-14
-14
-14
-14
-14
-14
-15
-15
-15
-15
-15
-15
-15
-15
-15
-15
-15
-16
-16
-16
-16
-16
-16
-16
-16

