-1
7
14
17
14
3
-9
-27
-37
-39
-42
-40
-37
-40
-41
-39
-39
-39
-36
-33
-27
-15
-6
-5
4
12
14
11
1
-4
-7
-18
-29
-35
-38
-37
-36
-34
-32
-31
-32
-32
-32
-30
-26
-23
-24
-27
-30
-33
-34
-30
-29
-28
-26
-21
-16
-13
-8
-6
-6
-7
-5
-3
-4
-4
-3
-3
-3
-3
-4
-5
-7
-12
-23
-27
-25
-21
-15
-15
-19
-15
-13
-14
-14
-14
-14
-14
-14
-15
-15
-15
-16
-20
-19
-17
-15
-15
-15
-15
-15
-15
-15
-15
-15
-16
-16
-16
-16
-16
-16
-16
-16
-16
-16
-16
-16
-16
-16
-16
-16
-16
-16
-16
-16
-16
-16
-16
-16
-16

