-19
-19
-19
-19
-20
-21
-22
-33
-41
-41
-38
-36
-34
-32
-26
-19
-18
-17
-15
-14
-12
-12
-13
-13
-13
-13
-13
-16
-19
-21
-22
-22
-21
-21
-21
-21
-20
-20
-20
-21
-22
-24
-26
-29
-32
-31
-29
-26
-26
-23
-22
-24
-25
-23
-23
-19
-18
-20
-23
-23
-19
-12
-11
-11
-12
-12
-12
-12
-12
-13
-13
-13
-13
-13
-13
-14
-14
-14
-14
-14
-14
-14
-15
-16
-16
-17
-16
-16
-16
-16
-16
-16
-16
-16
-15
-15
-15
-15
-15
-16
-16
-16
-16
-16
-16
-16
-16
-16
-16
-16
-16
-16
-16
-16
-16
-16
-16
-16
-16
-17

