-12
-19
-26
-31
-33
-38
-44
-40
-36
-33
-29
-24
-18
-12
-8
-6
-3
-1
0
-3
-6
-8
-11
-16
-19
-21
-22
-24
-26
-28
-31
-34
-38
-37
-33
-30
-28
-24
-21
-18
-14
-11
-9
-6
-4
-5
-3
-3
-5
-6
-9
-12
-13
-15
-17
-18
-19
-20
-20
-21
-21
-22
-22
-23
-24
-25
-26
-26
-24
-21
-19
-19
-18
-17
-15
-14
-13
-13
-12
-12
-11
-10
-9
-7
-8
-8
-9
-11
-12
-14
-18
-21
-21
-21
-20
-20
-20
-21
-21
-22
-21
-20
-20
-20
-18
-18
-18
-18
-17
-16
-15
-14
-14
-14
-14
-15
-15
-15
-15
-15
-15
-15
-15
-15
-15
-15
-16
-16
-16
-18
-18
-17
-17
-17
-16
-16
-16
-16
-16
-16
-16
-16
-16
-16
-16
-16
-16
-16
-16
-16

