-16
-12
-6
-5
-4
-2
0
1
0
-3
-7
-10
-12
-14
-18
-22
-24
-27
-31
-31
-30
-29
-29
-29
-30
-29
-34
-48
-49
-42
-37
-32
-29
-26
-20
-12
-7
-5
-3
-1
0
-2
-7
-11
-15
-19
-20
-19
-19
-19
-18
-18
-18
-18
-17
-17
-17
-17
-17
-17
-17
-18
-21
-23
-24
-27
-24
-22
-24
-29
-30
-27
-25
-23
-21
-17
-12
-12
-12
-12
-12
-12
-13
-13
-13
-13
-14
-14
-14
-15
-17
-18
-18
-17
-17
-17
-16
-14
-14
-14
-14
-15
-15
-15
-15
-15
-15
-15
-15
-15
-15
-15
-15
-16
-17
-17
-17
-17
-17
-16
-16
-16
-16
-16
-16
-16
-16
-16
-16
-16
-16
-16
-16
-16
-16
-16
-16
-16
-16
-16

