-16
-14
-11
-6
-1
-2
-4
-4
-5
-11
-24
-33
-32
-32
-40
-38
-34
-31
-26
-21
-17
-12
-9
-9
-8
-6
-5
-5
-5
-5
-9
-14
-18
-22
-23
-25
-26
-26
-27
-26
-26
-27
-26
-28
-33
-36
-35
-33
-30
-27
-22
-15
-12
-11
-10
-7
-4
-2
-2
-2
-3
-5
-8
-12
-17
-22
-26
-28
-26
-21
-24
-28
-27
-33
-36
-36
-34
-32
-29
-27
-22
-18
-16
-15
-14
-13
-13
-12
-11
-11
-12
-12
-12
-12
-13
-13
-13
-13
-13
-13
-14
-14
-14
-14
-14
-14
-14
-15
-15
-15
-15
-15
-15
-15
-15
-15
-15
-15
-16
-16
-16
-16
-16
-16
-16
-16
-16
-16
-16
-16
-16
-16
-16
-16
-16
-16
-16
-16
-16
-16

