5
2
0
-3
-11
-23
-33
-31
-32
-33
-34
-38
-36
-33
-27
-22
-17
-12
-8
-4
-3
-2
-1
-1
-1
-3
-9
-14
-22
-28
-26
-24
-25
-24
-23
-23
-23
-22
-21
-21
-21
-21
-24
-32
-37
-34
-33
-32
-27
-24
-21
-14
-11
-11
-11
-8
-5
-2
-1
-1
-3
-4
-6
-9
-14
-20
-22
-21
-20
-20
-20
-20
-20
-19
-23
-28
-28
-24
-21
-18
-16
-18
-20
-20
-21
-24
-24
-21
-17
-15
-15
-14
-12
-12
-13
-13
-13
-13
-13
-14
-14
-14
-14
-14
-14
-14
-15
-15
-15
-15
-15
-15
-15
-15
-15
-15
-16
-16
-16
-16
-16
-16
-16
-16
-16
-16
-16
-16
-16
-16
-16
-16
-16
-16
-16
-16
-16
-16
-16
-16
-16
-16
-16
-16
-16
-16
-16
-17
-17
-17

