-13
-10
-5
-3
-3
-4
-3
-3
-4
-7
-14
-21
-25
-28
-30
-29
-30
-35
-41
-39
-36
-34
-29
-22
-17
-14
-14
-13
-12
-10
-7
-2
2
9
9
5
2
-2
-9
-25
-42
-38
-32
-30
-30
-29
-30
-32
-36
-35
-34
-30
-20
-15
-17
-21
-23
-25
-25
-23
-22
-19
-13
-11
-11
-11
-12
-12
-12
-12
-12
-13
-13
-13
-13
-13
-14
-14
-14
-14
-14
-14
-14
-14
-15
-15
-15
-15
-15
-15
-15
-15
-15
-15
-15
-16
-16
-16
-16
-16
-16
-16
-16
-16
-16
-16
-16
-16
-16
-16
-16
-16
-16
-16
-16
-16
-16
-16
-16
-16

