-17
-23
-25
-24
-25
-24
-20
-17
-16
-15
-14
-12
-11
-10
-10
-9
-11
-12
-14
-17
-19
-19
-19
-20
-21
-20
-20
-20
-20
-19
-18
-18
-19
-19
-19
-19
-18
-18
-19
-19
-21
-21
-20
-22
-22
-24
-24
-27
-24
-20
-16
-13
-11
-7
-5
-3
-3
-3
-7
-10
-11
-15
-22
-25
-24
-21
-21
-21
-21
-21
-21
-22
-25
-33
-32
-29
-26
-24
-22
-20
-18
-16
-13
-12
-13
-13
-13
-13
-13
-13
-14
-14
-14
-14
-14
-14
-14
-15
-15
-15
-15
-15
-15
-15
-15
-15
-15
-15
-16
-16
-16
-16
-16
-16
-16
-16
-16
-16
-16
-16
-16
-16
-16
-16
-16
-16
-16
-16
-16
-16
-16
-16
-16
-16
-16
-16
-17
-17
-17
-17

