-29
-37
-40
-40
-43
-43
-37
-26
-12
-1
1
2
2
0
0
-2
-5
-8
-12
-20
-29
-31
-36
-42
-45
-39
-36
-34
-31
-27
-21
-11
0
4
2
3
1
-2
-3
-3
-5
-6
-5
-4
-6
-11
-18
-20
-18
-18
-18
-18
-19
-21
-21
-19
-17
-17
-16
-13
-13
-11
-8
-9
-12
-14
-15
-16
-16
-17
-17
-17
-18
-18
-18
-18
-18
-18
-18
-18
-18
-18
-18
-18
-18
-18
-18
-18
-18
-18
-18
-17
-17
-17
-17
-17
-17
-17
-17
-17
-17
-17
-17
-17
-17
-17
-17
-17
-17
-17

