-20
-24
-32
-32
-29
-24
-20
-17
-14
-13
-10
-4
-1
-2
-4
-6
-8
-11
-15
-18
-19
-20
-21
-22
-22
-21
-21
-21
-20
-20
-20
-20
-19
-18
-18
-18
-20
-21
-26
-34
-34
-30
-29
-27
-25
-24
-21
-21
-21
-21
-21
-21
-21
-21
-20
-20
-20
-20
-20
-20
-20
-19
-19
-20
-21
-21
-20
-19
-19
-19
-19
-19
-18
-18
-18
-18
-18
-18
-18
-18
-18
-18
-18
-18
-18
-18
-18
-18
-18
-17
-17
-17
-17
-17
-17
-17
-17
-17
-17
-17
-17
-17
-17
-17
-17
-17
-17
-17
-17
-17

