-11
-10
-9
-7
-4
-5
-10
-12
-15
-21
-27
-29
-27
-27
-26
-29
-28
-27
-31
-28
-25
-20
-13
-3
3
8
12
15
17
14
7
0
-9
-20
-33
-38
-33
-28
-27
-27
-26
-25
-24
-24
-24
-25
-27
-30
-31
-31
-31
-32
-34
-32
-30
-29
-24
-22
-24
-22
-17
-11
-11
-11
-11
-8
-3
3
3
3
3
1
0
-3
-7
-15
-29
-32
-31
-27
-25
-29
-29
-28
-26
-26
-26
-25
-24
-24
-23
-19
-17
-16
-15
-15
-14
-14
-14
-14
-14
-14
-14
-14
-15
-15
-15
-15
-15
-15
-15
-15
-15
-15
-15
-16
-16
-16
-16
-16
-16
-16
-16
-16
-16
-16
-16
-16
-16
-16
-16
-16
-16
-16
-16
-16
-16
-16
-16
-16
-16
-16
-17
-16
-16
-17
-17
-17
-17
-17

