5
13
20
21
9
-16
-30
-29
-27
-28
-33
-33
-26
-24
-29
-29
-27
-22
-18
-16
-11
-2
6
17
26
20
9
1
-11
-25
-31
-32
-31
-30
-29
-28
-28
-28
-28
-27
-27
-26
-25
-25
-24
-24
-23
-22
-22
-23
-25
-28
-31
-31
-22
-17
-17
-17
-18
-18
-18
-18
-18
-18
-21
-24
-24
-26
-28
-23
-15
-14
-15
-15
-15
-15
-15
-15
-15
-15
-15
-15
-15
-15
-15
-16
-16
-16
-16
-17
-17
-17
-17
-17
-16
-16
-16
-16
-16
-16
-16
-16
-16
-16
-16
-16
-16
-16
-16
-16
-16
-16
-16
-16
-16
-16
-16
-16
-16
-16
-16
-16
-17
-17
-17
-17
-17
-17
-17
-17

