-5
-5
-6
-7
-10
-14
-18
-19
-18
-18
-20
-28
-30
-24
-18
-16
-13
-12
-8
-3
-1
0
1
-2
-5
-8
-11
-17
-22
-24
-23
-22
-21
-21
-22
-22
-22
-21
-20
-20
-20
-21
-22
-24
-29
-37
-38
-37
-36
-34
-32
-31
-29
-23
-17
-16
-16
-15
-11
-7
-4
1
4
5
4
2
-2
-6
-12
-22
-31
-32
-33
-32
-31
-33
-32
-32
-32
-32
-31
-29
-30
-29
-27
-25
-23
-22
-21
-19
-18
-16
-16
-15
-15
-14
-13
-13
-13
-13
-14
-14
-14
-14
-14
-14
-14
-15
-15
-15
-15
-15
-15
-15
-15
-15
-15
-15
-16
-18
-18
-18
-17
-17
-17
-16
-16
-16
-16
-16
-16
-16
-16
-16
-16
-16
-16
-16
-16
-16
-16
-16
-16
-16
-16
-16
-16
-16
-16
-16

