-4
-3
-3
-4
-4
-7
-14
-20
-23
-25
-25
-23
-25
-27
-34
-39
-36
-32
-27
-23
-18
-15
-15
-14
-13
-10
-6
-4
-4
-3
-3
-2
-3
-8
-14
-19
-23
-25
-25
-24
-23
-22
-21
-22
-25
-28
-29
-30
-29
-28
-26
-26
-25
-24
-23
-21
-18
-15
-13
-12
-12
-13
-13
-13
-13
-13
-14
-14
-14
-14
-14
-14
-14
-14
-15
-15
-15
-15
-15
-15
-15
-15
-15
-15
-15
-16
-16
-16
-16
-16
-16
-16
-16
-16
-16
-16
-16
-16
-16
-16
-16
-16
-16
-16
-16
-16
-16
-16
-16
-16
-16
-16
-16
-17
-17
-17
-17
-17
-17
-17

