-13
-16
-19
-19
-20
-21
-21
-21
-20
-20
-20
-20
-20
-20
-20
-21
-22
-25
-34
-37
-31
-26
-21
-15
-13
-13
-12
-11
-12
-11
-10
-9
-9
-11
-14
-17
-19
-18
-18
-18
-19
-18
-18
-17
-17
-17
-18
-18
-18
-18
-18
-18
-20
-20
-21
-23
-27
-29
-27
-24
-22
-19
-15
-13
-13
-13
-13
-13
-14
-14
-14
-14
-14
-14
-14
-14
-15
-15
-15
-15
-17
-18
-17
-16
-16
-16
-15
-15
-15
-15
-15
-15
-15
-15
-16
-16
-16
-16
-16
-16
-16
-16
-16
-16
-16
-16
-16
-16
-16
-16
-16
-16
-16
-16
-16
-16
-16
-16
-16
-16

