-18
-16
-15
-13
-13
-9
-9
-12
-13
-13
-15
-17
-19
-20
-20
-19
-19
-18
-18
-18
-18
-18
-18
-18
-18
-18
-18
-18
-18
-17
-17
-17
-17
-17
-18
-18
-18
-18
-18
-19
-19
-20
-20
-18
-19
-20
-21
-27
-29
-22
-16
-14
-15
-15
-15
-14
-13
-11
-12
-12
-12
-12
-14
-15
-16
-17
-17
-17
-17
-17
-17
-18
-18
-18
-18
-18
-18
-19
-19
-20
-21
-21
-23
-23
-22
-21
-20
-19
-18
-18
-17
-15
-14
-14
-15
-15
-15
-15
-15
-15
-15
-15
-15
-15
-15
-15
-16
-16
-16
-16
-16
-16
-16
-16
-16
-16
-16
-16
-16
-16
-16
-16
-16
-16
-16
-16
-16
-16
-16
-16
-16
-16
-17
-17
-17
-17
-17
-17
-17
-17
-17
-17
-17
-17
-17
-17
-17
-17
-17
-17

