-23
-22
-24
-29
-25
-21
-18
-16
-15
-14
-11
-8
-9
-8
-7
-8
-10
-11
-14
-16
-19
-19
-19
-19
-19
-19
-20
-21
-20
-19
-19
-18
-18
-18
-18
-18
-18
-18
-18
-18
-18
-18
-18
-18
-18
-18
-18
-18
-18
-18
-18
-19
-19
-20
-21
-22
-22
-21
-22
-25
-29
-32
-31
-31
-33
-32
-29
-26
-24
-23
-22
-19
-12
-8
-8
-9
-9
-7
-3
-3
-4
-6
-7
-9
-11
-14
-15
-15
-15
-15
-15
-15
-15
-15
-15
-15
-15
-16
-17
-16
-17
-17
-18
-17
-19
-21
-20
-18
-17
-17
-17
-17
-17
-17
-17
-17
-16
-16
-16
-16
-16
-15
-15
-15
-15
-15
-15
-15
-15
-15

