-17
-16
-13
-11
-10
-10
-11
-11
-11
-11
-11
-13
-18
-20
-19
-19
-21
-25
-24
-23
-21
-19
-21
-21
-22
-27
-40
-39
-32
-23
-13
-10
-5
2
10
18
15
5
-3
-11
-20
-27
-30
-30
-28
-25
-23
-23
-24
-23
-22
-22
-21
-21
-22
-23
-23
-23
-22
-21
-21
-22
-22
-20
-22
-24
-26
-34
-39
-30
-20
-12
-11
-11
-9
-4
0
2
3
3
1
-2
-5
-9
-16
-21
-23
-22
-21
-21
-21
-21
-21
-22
-22
-20
-18
-17
-17
-17
-17
-17
-17
-17
-18
-17
-17
-19
-20
-21
-20
-19
-20
-19
-19
-20
-19
-19
-19
-19
-18
-17
-15
-15
-15
-15
-15
-15
-15
-15
-16
-16
-16
-16
-16
-16
-16
-16
-16
-16
-16
-16
-16
-16
-16
-16
-16
-16
-16
-16

