-40
-53
-50
-41
-29
-18
-13
-12
-9
-5
-1
5
4
-1
-6
-10
-15
-22
-27
-28
-25
-23
-22
-20
-20
-20
-21
-20
-20
-20
-21
-22
-22
-22
-23
-24
-26
-29
-28
-29
-34
-36
-26
-14
-11
-11
-11
-12
-12
-12
-9
-5
-3
-3
-3
-5
-8
-15
-21
-22
-24
-25
-24
-21
-20
-19
-18
-17
-16
-15
-15
-15
-15
-15
-15
-15
-15
-15
-15
-15
-15
-15
-15
-15
-15
-16
-16
-16
-16
-16
-16
-16
-16
-16
-16
-16
-16
-16
-16
-16
-16
-16
-16
-16
-16
-16
-16
-16
-16
-16
-16
-16
-16
-16
-16
-16
-16
-17
-17
-17
-17
-17
-17
-17
-17
-17
-17
-17
-17
-17

