-17
-17
-17
-18
-18
-19
-27
-33
-33
-35
-34
-28
-18
-11
-3
1
2
3
3
1
-6
-12
-16
-22
-26
-30
-35
-36
-34
-31
-30
-28
-25
-23
-20
-18
-16
-14
-11
-5
-1
-1
-2
0
0
0
-2
-4
-6
-8
-9
-9
-10
-11
-11
-11
-10
-12
-16
-18
-19
-20
-21
-22
-23
-24
-24
-24
-23
-23
-22
-22
-21
-20
-16
-15
-17
-17
-16
-16
-17
-17
-18
-18
-19
-20
-19
-19
-19
-19
-19
-19
-19
-19
-18
-18
-18
-18
-18
-18
-18
-18
-18
-17
-17
-17
-17
-17
-17
-17
-17
-17
-18
-18
-18
-18
-18
-18
-18
-17

