-17
-17
-17
-17
-17
-17
-18
-23
-29
-31
-32
-29
-29
-28
-29
-23
-13
-11
-11
-11
-7
-1
1
0
-3
-7
-12
-16
-19
-19
-18
-18
-18
-18
-18
-18
-18
-18
-18
-19
-21
-23
-25
-26
-30
-29
-27
-26
-26
-24
-20
-19
-18
-17
-14
-12
-12
-12
-12
-8
-1
4
8
8
5
2
-1
-6
-11
-18
-24
-26
-27
-29
-32
-33
-33
-32
-31
-32
-32
-32
-29
-26
-25
-23
-23
-23
-23
-23
-22
-21
-19
-15
-11
-11
-11
-11
-12
-12
-12
-12
-12
-13
-13
-13
-13
-13
-14
-14
-14
-14
-14
-14
-14
-15
-15
-15
-15
-15
-15
-15
-15
-15
-15
-15
-16
-16
-16
-16
-16
-16
-16
-16
-16
-16
-16
-16
-16
-16
-16
-16
-16
-16
-16
-16
-16
-16
-16
-16

