-17
-17
-15
-6
1
2
3
5
0
-6
-9
-13
-24
-33
-35
-34
-33
-30
-24
-28
-24
-18
-16
-16
-16
-14
-11
-9
-6
-5
-6
-6
-8
-11
-16
-23
-26
-26
-25
-24
-24
-24
-25
-26
-28
-28
-33
-35
-35
-33
-23
-14
-10
-9
-4
3
7
8
10
9
5
0
-4
-12
-22
-29
-31
-33
-31
-29
-30
-31
-28
-23
-27
-29
-29
-30
-32
-34
-30
-22
-15
-13
-13
-13
-13
-14
-14
-14
-14
-14
-14
-14
-15
-15
-15
-15
-15
-15
-15
-15
-15
-15
-15
-16
-16
-16
-16
-18
-19
-19
-18
-19
-20
-19
-18
-16
-15
-15
-15
-15
-16
-16
-16
-16
-16
-16
-16
-16
-16
-16
-16
-16
-16
-16
-16
-16
-16
-16

