-24
-30
-29
-29
-30
-36
-37
-37
-35
-32
-30
-28
-27
-27
-28
-30
-30
-28
-21
-17
-12
-4
5
9
8
7
5
0
-11
-24
-27
-28
-28
-27
-26
-25
-25
-24
-24
-24
-24
-25
-26
-28
-30
-34
-41
-45
-56
-61
-62
-57
-39
-26
-29
-21
-17
-15
-9
2
15
17
19
21
18
12
1
-12
-25
-38
-41
-38
-37
-37
-41
-45
-48
-47
-40
-33
-42
-47
-48
-47
-43
-35
-27
-16
-10
-7
-4
-4
-3
-2
-2
-1
-1
-1
-2
-3
-4
-4
-5
-6
-6
-7
-7
-8
-8
-8
-9
-9
-9
-10
-10
-10
-11
-11
-11
-12
-12
-12
-12
-12
-13
-13
-13
-13
-13
-14
-14
-14
-14
-14
-14
-14
-15
-15
-15
-15
-15
-15
-15
-15
-15
-15
-16
-16
-16
-16

