-17
-17
-17
-17
-16
-12
-3
3
4
8
14
19
18
13
2
-15
-34
-39
-42
-44
-32
-27
-25
-25
-26
-30
-30
-25
-21
-20
-16
-6
3
7
8
6
3
2
0
-9
-24
-35
-36
-40
-41
-38
-31
-27
-28
-27
-27
-24
-22
-22
-22
-22
-21
-21
-21
-20
-20
-20
-19
-16
-6
5
6
3
1
-3
-8
-18
-31
-39
-43
-38
-34
-30
-29
-27
-26
-24
-23
-21
-21
-22
-21
-19
-19
-19
-19
-19
-18
-17
-17
-17
-17
-17
-17
-17
-17
-17
-17
-17
-17
-17
-17
-17
-17
-17
-17
-17
-17
-17
-17
-17
-17
-17
-17
-17
-17
-17
-17
-17
-17
-17
-17
-17
-17
-17
-17
-17
-17
-17
-17
-17
-17
-17
-17
-17

