20
15
9
4
-4
-18
-31
-40
-46
-44
-41
-37
-34
-32
-32
-30
-27
-24
-25
-22
-21
-21
-18
-18
-16
-6
3
5
7
9
9
4
-1
-10
-23
-28
-28
-28
-29
-28
-27
-26
-25
-25
-24
-24
-25
-25
-26
-26
-25
-25
-27
-29
-30
-29
-26
-23
-21
-19
-18
-17
-16
-16
-16
-16
-16
-16
-16
-16
-15
-11
-3
4
7
5
3
-1
-8
-18
-23
-23
-24
-26
-29
-30
-31
-27
-24
-23
-21
-19
-19
-19
-19
-20
-20
-21
-20
-20
-19
-19
-19
-20
-20
-20
-19
-19
-17
-17
-17
-17
-17
-17
-17
-17
-17
-17
-17
-17
-17
-17
-17
-17
-17
-17
-17
-17
-17
-17
-17
-17
-17
-17
-17
-17
-17
-17
-17
-17
-17
-17
-17
-17
-17
-17
-17
-17
-17
-17

