-14
-12
-9
-6
-5
-2
-1
-4
-7
-12
-20
-23
-25
-28
-31
-30
-28
-26
-26
-28
-29
-23
-24
-26
-22
-15
-14
-12
-8
-2
2
5
1
-7
-13
-18
-21
-22
-24
-23
-22
-22
-22
-22
-21
-21
-21
-21
-20
-20
-20
-20
-20
-20
-20
-20
-20
-21
-22
-21
-20
-21
-21
-21
-20
-18
-15
-14
-14
-14
-14
-14
-15
-15
-15
-15
-15
-15
-15
-15
-15
-18
-20
-16
-15
-14
-10
-4
-2
-3
-5
-7
-10
-19
-28
-27
-27
-28
-28
-26
-25
-24
-24
-20
-16
-15
-16
-17
-16
-16
-16
-16
-16
-16
-16
-16
-16
-16
-16
-16
-16
-16
-16
-16
-16
-17
-17
-17
-17
-17
-17
-17
-17
-17
-17
-17
-17
-17
-17
-17
-17
-17
-17
-17
-16
-16
-16
-16
-16
-16

