-17
-17
-17
-19
-22
-24
-27
-29
-31
-31
-30
-27
-22
-16
-8
-3
-2
2
1
0
-1
-2
-4
-9
-14
-20
-24
-25
-27
-31
-32
-30
-29
-27
-25
-23
-19
-13
-7
-5
-8
-6
-2
-1
-1
-3
-4
-5
-6
-7
-8
-8
-9
-14
-18
-22
-23
-23
-23
-23
-23
-24
-24
-24
-23
-23
-22
-21
-20
-16
-15
-17
-15
-13
-10
-10
-12
-13
-14
-16
-17
-18
-18
-19
-20
-20
-20
-19
-19
-19
-19
-19
-19
-19
-19
-18
-18
-18
-18
-18
-18
-17
-16
-16
-16
-17
-18
-18
-18
-18
-18
-18
-18
-18
-18
-18
-18
-18
-18
-17
-17
-17
-17
-17
-17
-17
-17
-17
-17
-17
-17
-16
-16
-16
-17
-17
-17
-17
-17
-17

