-24
-19
-14
-9
-6
-6
-4
-3
-5
-7
-8
-10
-15
-24
-33
-36
-36
-34
-29
-28
-28
-30
-29
-23
-19
-15
-13
-12
-9
-3
-1
-3
-5
-8
-13
-18
-21
-24
-23
-21
-19
-19
-18
-18
-18
-19
-19
-19
-19
-19
-19
-19
-20
-19
-19
-19
-20
-20
-20
-20
-21
-22
-22
-21
-16
-15
-15
-15
-14
-15
-14
-8
0
6
8
8
6
4
0
-5
-13
-22
-27
-27
-26
-24
-23
-23
-22
-22
-22
-22
-22
-22
-22
-21
-21
-21
-22
-22
-24
-25
-27
-26
-23
-20
-18
-17
-17
-17
-19
-19
-20
-19
-18
-18
-17
-17
-17
-16
-16
-17
-17
-17
-17
-17
-17
-17
-17
-17
-17
-17
-17
-17
-16
-16
-16
-16
-17
-16

