-17
-17
-17
-16
-15
-6
-1
1
2
-2
-3
-8
-20
-31
-31
-32
-36
-35
-28
-24
-21
-17
-15
-13
-9
-4
-1
-1
-3
-6
-7
-10
-18
-26
-29
-28
-27
-25
-24
-25
-25
-27
-27
-23
-19
-18
-22
-23
-17
-16
-13
-9
-6
-1
0
-4
-9
-12
-15
-21
-25
-25
-24
-24
-23
-23
-22
-21
-22
-23
-23
-22
-22
-21
-17
-16
-16
-16
-16
-18
-18
-16
-16
-16
-16
-16
-16
-16
-16
-16
-16
-16
-16
-16
-16
-16
-16
-16
-17
-17
-17
-17
-17
-17
-17
-17
-17
-17
-17
-17
-17
-17
-17
-17
-17
-17
-17
-17
-17
-17

