-3
-3
-4
-6
-8
-14
-24
-30
-29
-31
-31
-27
-21
-21
-19
-18
-18
-17
-15
-12
-8
-8
-7
-5
-4
-8
-19
-22
-21
-21
-22
-23
-24
-25
-24
-23
-22
-21
-21
-21
-21
-21
-18
-18
-19
-22
-24
-18
-16
-16
-14
-10
-7
-5
-7
-9
-10
-10
-12
-17
-22
-25
-26
-24
-22
-24
-25
-22
-19
-23
-29
-31
-32
-31
-28
-24
-21
-19
-17
-17
-16
-16
-14
-14
-14
-14
-14
-14
-14
-14
-15
-15
-15
-15
-15
-15
-15
-15
-15
-15
-16
-16
-16
-16
-16
-16
-16
-16
-16
-16
-16
-16
-16
-16
-16
-16
-16
-16
-16
-16
-16
-16
-16
-16
-16
-17
-17
-16
-16
-16
-16
-16
-16
-16
-17
-17
-17
-17
-17
-17

