-10
6
9
11
0
-19
-23
-21
-25
-32
-31
-26
-21
-19
-19
-18
-18
-17
-10
2
8
7
5
-9
-23
-23
-23
-23
-26
-33
-33
-31
-33
-34
-34
-30
-23
-16
-14
-9
0
4
4
11
14
2
-1
2
1
-13
-34
-42
-43
-37
-28
-23
-22
-22
-21
-21
-21
-21
-21
-20
-20
-20
-20
-20
-20
-19
-19
-19
-19
-19
-19
-19
-19
-19
-19
-18
-18
-18
-18
-18
-18
-18
-18
-18
-18
-18
-18
-18
-18
-18
-18
-18
-18
-18
-17
-17
-17
-17
-17
-17
-17
-17
-17
-17
-17
-17
-17
-17
-17
-17
-17
-17
-17
-17
-17
-17

