-17
-5
9
17
14
10
5
-9
-23
-32
-41
-42
-37
-27
-28
-38
-30
-22
-22
-21
-20
-20
-20
-18
-11
-4
2
9
12
5
-13
-26
-26
-31
-32
-29
-27
-26
-24
-23
-23
-23
-23
-27
-29
-26
-24
-20
-19
-21
-21
-20
-21
-19
-17
-17
-16
-10
-2
5
11
13
12
9
-1
-15
-35
-50
-49
-35
-26
-30
-42
-44
-42
-43
-40
-33
-20
-17
-23
-29
-33
-34
-35
-35
-29
-23
-23
-22
-12
-6
-7
-7
-8
-8
-9
-9
-9
-10
-10
-10
-11
-11
-11
-12
-12
-12
-12
-12
-13
-13
-13
-13
-13
-13
-14
-16
-20
-19
-17
-15
-14
-14
-14
-14
-15
-15
-15
-15
-15
-15
-15
-15
-15
-15
-15
-15
-15
-15
-16
-16
-16
-16
-16
-16
-16
-16
-16
-16

