-19
-18
-17
-17
-15
-7
7
20
19
13
-3
-25
-26
-25
-25
-29
-36
-41
-33
-29
-39
-43
-41
-32
-18
-15
-13
-8
0
12
26
11
-6
-8
-10
-21
-32
-38
-35
-28
-25
-24
-24
-23
-22
-22
-22
-22
-23
-24
-26
-27
-23
-16
-16
-17
-27
-38
-22
-14
-15
-15
-15
-14
-10
-2
0
4
8
4
-4
-14
-21
-26
-31
-32
-28
-26
-27
-28
-26
-18
-17
-25
-33
-35
-33
-27
-20
-16
-14
-14
-14
-14
-14
-14
-14
-14
-15
-15
-15
-15
-15
-15
-15
-15
-15
-16
-16
-15
-15
-15
-15
-16
-16
-16
-16
-16
-16
-16
-16
-16
-16
-16
-16
-16
-16
-16
-16
-16
-16
-17
-17
-17
-17
-17
-17
-17
-16
-16
-16
-16
-17
-16
-16
-16
-16
-16
-16
-16

