35
28
2
-38
-70
-78
-72
-64
-66
-65
-64
-62
-53
-36
-19
-4
10
15
21
25
26
22
15
9
5
0
-12
-24
-22
-18
-17
-16
-16
-15
-15
-16
-16
-16
-17
-17
-18
-20
-22
-24
-22
-22
-23
-17
-13
-15
-20
-20
-17
-12
-12
-12
-10
-5
1
4
2
0
-3
-9
-20
-27
-27
-24
-22
-21
-21
-23
-23
-20
-16
-15
-16
-19
-26
-41
-43
-34
-22
-14
-12
-12
-12
-12
-12
-13
-13
-13
-13
-13
-13
-14
-14
-14
-14
-14
-14
-14
-14
-15
-15
-15
-15
-16
-23
-20
-15
-15
-15
-15
-15
-15
-15
-15
-15
-15
-16
-16
-16
-16
-16
-16
-16
-16
-16
-16
-16
-16
-16
-16
-16
-16
-16
-16
-16
-16
-16
-16
-16
-16
-16
-17
-16
-16
-17
-17

