-17
-17
-16
-15
-9
-7
-7
-7
-3
-3
-11
-18
-20
-21
-23
-25
-26
-28
-31
-26
-20
-18
-17
-17
-16
-16
-14
-10
-6
-6
-7
-9
-12
-17
-19
-20
-24
-24
-22
-22
-22
-25
-26
-23
-24
-24
-20
-17
-16
-16
-15
-12
-7
-1
3
2
-1
-1
1
-3
-13
-21
-22
-22
-22
-22
-22
-22
-23
-22
-22
-21
-21
-20
-20
-19
-19
-19
-19
-19
-19
-18
-18
-18
-18
-18
-18
-18
-18
-18
-18
-18
-18
-18
-18
-23
-27
-18
-17
-17
-17
-17
-16
-16
-16
-15
-13
-13
-13
-17
-22
-18
-18
-18
-18
-18
-18
-19
-20
-20

