-26
-27
-27
-27
-32
-36
-36
-33
-30
-29
-27
-27
-28
-27
-26
-27
-27
-28
-30
-37
-63
-74
-63
-56
-52
-47
-36
-19
-13
-11
4
35
54
47
34
22
9
-6
-31
-56
-47
-39
-37
-33
-31
-30
-30
-29
-28
-28
-28
-27
-27
-26
-25
-25
-25
-26
-27
-29
-31
-31
-32
-33
-34
-34
-33
-25
-19
-27
-39
-42
-44
-42
-36
-24
-12
-7
-8
-7
-6
-4
-3
-5
-9
-11
-12
-13
-13
-15
-20
-24
-22
-20
-17
-15
-15
-15
-14
-14
-14
-14
-14
-13
-13
-13
-14
-14
-14
-14
-14
-14
-14
-15
-15
-15
-15
-15
-15
-15
-15
-16
-16
-16
-16
-16
-16
-16
-16
-16
-16
-16
-16
-16
-16
-16
-16
-16
-16
-16
-16
-16
-16
-16
-16
-16
-16
-16
-16
-16

