-2
4
3
-1
-6
-19
-33
-36
-30
-24
-22
-21
-19
-17
-16
-15
-11
-4
3
6
5
-2
-14
-24
-24
-24
-28
-30
-27
-26
-26
-26
-27
-31
-37
-35
-27
-22
-19
-16
-15
-14
-10
-5
-1
1
0
0
-1
-6
-11
-18
-22
-22
-25
-31
-29
-27
-26
-27
-27
-30
-30
-20
-19
-23
-24
-21
-19
-16
-15
-15
-15
-15
-15
-15
-16
-16
-16
-16
-16
-16
-16
-16
-16
-16
-16
-16
-16
-16
-16
-16
-16
-16
-16
-16
-16
-16
-16
-16
-16
-16
-16
-16
-17
-17
-16
-17
-16
-16
-17
-17
-17
-17
-17
-17
-17
-17
-17
-17
-17
-17
-17
-17
-17
-17
-17
-17
-17
-17

