-27
-37
-45
-49
-48
-48
-46
-42
-34
-16
1
5
2
4
2
-2
-3
-4
-6
-8
-9
-13
-18
-22
-28
-31
-35
-36
-36
-34
-33
-31
-29
-26
-25
-23
-21
-18
-15
-14
-12
-6
-4
-3
-5
-2
-2
-4
-5
-6
-7
-9
-10
-10
-11
-11
-12
-12
-13
-14
-14
-14
-14
-14
-16
-19
-20
-20
-21
-21
-22
-22
-22
-22
-21
-21
-21
-21
-21
-20
-20
-20
-20
-20
-19
-18
-18
-18
-18
-18
-18
-18
-18
-18
-19
-19
-19
-19
-19
-19
-18
-18
-18
-18
-18
-18
-18
-18
-18
-18
-18
-18
-18
-17
-17
-17
-17
-17
-17
-17

