12
14
11
10
7
1
-8
-15
-30
-39
-42
-49
-49
-45
-49
-59
-58
-49
-37
-25
-17
-10
-7
-6
-3
6
17
20
20
12
-5
-29
-46
-47
-42
-41
-39
-38
-37
-36
-36
-35
-34
-34
-35
-38
-40
-37
-26
-26
-29
-26
-27
-28
-31
-34
-39
-38
-35
-29
-20
-15
-15
-15
-14
-12
-9
-7
-6
-3
1
2
-2
-8
-14
-18
-22
-23
-23
-25
-26
-28
-28
-27
-25
-24
-23
-23
-22
-20
-18
-16
-16
-16
-16
-16
-16
-16
-16
-16
-16
-16
-16
-16
-16
-16
-16
-16
-16
-16
-16
-16
-16
-16
-17
-16
-17
-17
-17
-17
-17
-17
-17
-17
-17
-17
-17
-17
-17
-17
-17
-17
-17
-17
-17
-17
-17
-17
-17
-17
-17
-17
-17
-17
-17
-17
-17
-17
-17
-17

