-17
-17
-16
-16
-17
-15
-6
-3
-2
-4
-14
-23
-32
-33
-25
-21
-19
-17
-16
-16
-15
-9
-3
1
4
10
13
6
-15
-25
-24
-24
-24
-32
-37
-37
-28
-21
-22
-23
-24
-25
-24
-22
-20
-18
-18
-18
-18
-18
-18
-16
-1
16
17
7
-2
-11
-21
-28
-29
-29
-26
-27
-30
-33
-32
-30
-28
-26
-25
-24
-22
-21
-20
-18
-17
-17
-17
-17
-17
-17
-17
-17
-17
-17
-17
-17
-17
-17
-17
-17
-17
-17
-18
-17
-17
-17
-17
-17
-17
-17
-17
-17
-17
-17
-17
-17
-17
-17
-17
-17
-17
-17
-17
-17
-17
-17
-17
-17
-17
-17
-17
-17
-17
-17
-17
-17
-17
-17

