-16
-16
-16
-16
-15
-5
2
0
-7
-18
-20
-20
-22
-30
-31
-24
-22
-20
-18
-17
-17
-15
-7
7
31
49
46
36
7
-29
-38
-35
-34
-33
-35
-40
-41
-39
-43
-41
-31
-28
-22
-9
-3
7
25
39
46
45
37
20
-11
-36
-44
-43
-40
-41
-48
-46
-39
-34
-34
-32
-33
-34
-34
-37
-40
-40
-35
-32
-25
-23
-31
-28
-27
-23
-20
-15
-15
-16
-16
-16
-16
-16
-16
-16
-16
-16
-16
-16
-16
-16
-16
-16
-16
-16
-16
-16
-16
-16
-16
-16
-16
-16
-16
-16
-16
-17
-16
-16
-17
-17
-17
-16
-16
-16
-16
-16
-16
-16
-16
-16
-16
-16
-16
-16
-16
-16
-16
-17
-17
-17
-17
-17
-17
-17
-17
-17

