-17
-16
-13
-7
-5
-6
-7
-8
-12
-18
-20
-21
-22
-22
-21
-21
-22
-24
-28
-31
-26
-23
-19
-17
-16
-16
-16
-15
-13
-10
-8
-9
-11
-12
-14
-17
-19
-19
-20
-21
-19
-19
-18
-18
-18
-18
-18
-19
-19
-19
-19
-20
-20
-20
-21
-23
-25
-20
-16
-16
-16
-16
-16
-16
-16
-16
-16
-16
-16
-16
-16
-16
-16
-16
-14
-12
-11
-10
-10
-12
-15
-17
-18
-19
-20
-22
-23
-24
-23
-23
-23
-22
-19
-18
-17
-16
-15
-15
-15
-16
-16
-16
-16
-15
-14
-13
-11
-9
-10
-12
-14
-16
-18
-18
-18
-18
-19
-19
-19
-20
-20
-21
-20
-19
-19
-20
-19
-18
-17
-16
-16
-16
-16
-16
-16
-16
-16
-16
-16
-16

