-17
-18
-21
-26
-29
-30
-30
-30
-28
-24
-20
-17
-13
-8
-7
-5
-1
-1
-2
-4
-5
-8
-10
-17
-21
-22
-25
-28
-28
-27
-26
-25
-23
-20
-15
-8
-5
-1
1
1
0
-2
-3
-5
-7
-9
-13
-17
-20
-22
-22
-23
-25
-26
-26
-27
-27
-25
-24
-22
-15
-10
-12
-7
-2
-1
-2
-3
-4
-4
-5
-6
-7
-8
-10
-12
-14
-17
-17
-17
-17
-17
-17
-17
-17
-17
-17
-17
-17
-17
-17
-17
-17
-17
-17
-17
-17
-17
-17
-17
-15
-15
-14
-14
-14
-14
-15
-16
-17
-17
-17
-17
-17
-17
-17
-17
-17
-17
-17
-17
-17
-17
-17
-17
-17
-17
-17
-17
-17
-17
-17
-17
-17
-17
-17
-17
-17
-17
-17
-17

