-12
-16
-19
-20
-21
-22
-21
-19
-19
-19
-18
-18
-18
-18
-18
-18
-18
-18
-18
-18
-18
-18
-18
-18
-18
-18
-18
-18
-18
-19
-18
-17
-17
-17
-17
-17
-17
-17
-15
-12
-10
-10
-10
-10
-10
-11
-13
-17
-19
-20
-20
-19
-19
-19
-19
-19
-21
-24
-24
-26
-26
-23
-21
-19
-18
-17
-17
-17
-17
-17
-17
-17
-17
-17
-17
-17
-17
-17
-17
-17
-17
-17
-17
-17
-17
-17
-17
-17
-17
-17
-17
-17
-17
-17
-17
-17
-17
-17
-17
-17
-17
-17
-17
-17
-17
-17
-17
-17
-17
-18

