-20
-20
-20
-21
-21
-20
-22
-27
-33
-40
-40
-37
-32
-25
-21
-17
-12
-11
-10
-8
-7
-6
-5
-6
-7
-9
-13
-17
-19
-19
-18
-17
-17
-17
-19
-19
-20
-20
-20
-20
-20
-22
-26
-27
-24
-20
-17
-16
-14
-13
-13
-12
-11
-10
-8
-7
-7
-8
-10
-10
-12
-15
-17
-17
-17
-17
-17
-17
-17
-18
-18
-19
-19
-19
-18
-18
-18
-18
-18
-19
-20
-20
-20
-20
-21
-21
-21
-19
-19
-17
-15
-15
-15
-15
-15
-15
-15
-15
-15
-15
-15
-16
-16
-16
-16
-16
-16
-16
-16
-16
-16
-16
-16
-16
-16
-16
-16
-16
-16
-16
-16
-16
-16
-16
-16
-16
-16
-16
-16
-16
-16
-17
-17
-17
-17
-17
-17
-17
-17
-17
-17
-17
-17
-17
-17
-17
-17
-17
-17
-17

