-17
-17
-16
-8
0
-2
-5
-2
-4
-7
-10
-12
-14
-18
-21
-22
-21
-21
-21
-21
-24
-26
-24
-23
-23
-22
-22
-21
-22
-23
-24
-25
-28
-27
-20
-21
-30
-35
-33
-33
-31
-22
-13
-12
-12
-11
-8
-3
-1
-1
-2
-7
-13
-17
-18
-20
-20
-18
-18
-18
-18
-21
-31
-34
-21
-19
-19
-19
-18
-19
-19
-19
-18
-17
-17
-15
-14
-14
-14
-15
-15
-15
-15
-15
-15
-15
-15
-15
-15
-15
-15
-16
-16
-16
-16
-16
-16
-16
-16
-16
-16
-16
-16
-16
-16
-16
-16
-16
-16
-16
-16
-16
-16
-16
-16
-16
-16
-17
-17
-17
-17
-17
-17
-17
-17
-17
-17
-17
-17
-17

