-19
-21
-25
-25
-22
-20
-19
-18
-18
-17
-17
-17
-17
-16
-12
-7
-6
-12
-18
-19
-19
-19
-21
-20
-21
-26
-30
-29
-24
-22
-19
-16
-16
-15
-13
-9
-6
-4
-3
-6
-11
-17
-19
-20
-24
-23
-20
-20
-20
-20
-20
-20
-20
-20
-20
-21
-24
-31
-36
-31
-20
-19
-17
-17
-18
-16
-14
-14
-14
-14
-14
-15
-15
-15
-15
-15
-15
-15
-15
-15
-15
-15
-15
-16
-16
-16
-16
-16
-16
-16
-16
-16
-16
-16
-16
-16
-16
-16
-16
-16
-16
-16
-16
-16
-16
-16
-16
-16
-16
-16
-16
-17
-17
-17
-17
-17
-17
-17
-17
-17

