-19
-26
-36
-38
-44
-49
-49
-48
-43
-35
-29
-19
-6
2
6
7
5
4
3
1
1
0
-1
-2
-5
-8
-13
-24
-33
-38
-40
-43
-45
-42
-34
-28
-25
-18
-9
-5
-1
-1
-1
-1
-2
-3
-4
-6
-6
-6
-6
-6
-6
-6
-7
-7
-7
-7
-8
-8
-10
-12
-14
-19
-21
-21
-21
-21
-21
-20
-20
-20
-20
-20
-20
-19
-19
-19
-19
-19
-19
-18
-17
-17
-17
-17
-18
-18
-18
-18
-18
-18
-18
-18
-18
-18
-18
-18
-18
-18
-18
-18
-18
-18
-18
-18
-18
-18
-17
-17
-17
-17
-17
-17
-17
-17
-17
-17
-17
-17

