-10
-8
-6
-4
-6
-9
-15
-18
-17
-17
-19
-21
-22
-19
-18
-18
-18
-18
-18
-17
-17
-17
-17
-17
-17
-18
-18
-18
-18
-18
-18
-19
-20
-22
-26
-31
-38
-47
-46
-36
-26
-19
-15
-11
-10
-10
-11
-11
-11
-11
-12
-12
-12
-10
-8
-8
-7
-7
-9
-11
-14
-18
-18
-16
-16
-16
-15
-15
-15
-15
-15
-15
-15
-16
-16
-16
-16
-16
-16
-16
-16
-16
-16
-16
-16
-16
-16
-16
-16
-16
-16
-16
-17
-16
-16
-16
-16
-16
-16
-16
-17
-17
-17
-17
-17
-17
-17
-17
-17
-17
-17
-17
-17
-17
-17
-17
-17
-17
-17
-17

