-17
-17
-17
-15
-5
3
4
0
-7
-17
-20
-20
-21
-22
-21
-21
-22
-25
-25
-21
-20
-18
-17
-16
-14
-12
-10
-10
-10
-12
-14
-18
-20
-20
-23
-24
-22
-22
-22
-20
-20
-21
-26
-26
-26
-26
-31
-32
-25
-17
-13
-12
-11
-8
-6
-5
-5
-6
-7
-11
-17
-18
-18
-19
-21
-21
-20
-20
-20
-20
-20
-20
-20
-20
-19
-19
-18
-18
-19
-19
-18
-18
-18
-20
-22
-25
-26
-25
-25
-24
-24
-21
-17
-14
-13
-14
-14
-14
-14
-14
-14
-14
-15
-15
-15
-15
-15
-15
-15
-15
-15
-15
-15
-15
-15
-16
-16
-16
-16
-16
-16
-16
-16
-16
-16
-16
-16
-16
-16
-16
-16
-16
-16
-16
-16
-16
-16
-16
-16
-16
-16
-17
-17
-17
-17
-17
-17
-17
-17
-17

