-15
-11
-12
-13
-14
-15
-13
-12
-13
-13
-13
-13
-13
-13
-13
-14
-14
-14
-14
-20
-36
-28
-24
-22
-20
-17
-11
0
7
12
14
14
10
5
0
-5
-22
-52
-61
-53
-52
-51
-44
-39
-35
-31
-28
-24
-21
-19
-17
-16
-16
-15
-11
-7
-6
-1
4
6
6
5
4
2
0
-3
-11
-25
-36
-35
-30
-28
-29
-31
-31
-30
-30
-30
-29
-27
-25
-23
-22
-20
-18
-16
-15
-14
-13
-13
-13
-13
-13
-13
-13
-13
-12
-12
-12
-12
-12
-13
-13
-13
-13
-13
-14
-14
-14
-14
-14
-14
-14
-15
-15
-15
-15
-15
-15
-15
-15
-15
-15
-15
-16
-16
-16
-16
-16
-16
-16
-16
-16
-16
-16
-16
-16
-16
-16
-16
-16
-16
-16
-16
-16
-16
-16
-16
-16
-16

