-15
-8
-4
-4
-4
-5
-5
-8
-16
-24
-25
-25
-25
-27
-29
-28
-23
-19
-18
-18
-18
-17
-17
-17
-17
-17
-17
-17
-16
-13
-9
-8
-8
-9
-10
-10
-12
-16
-19
-20
-20
-21
-23
-28
-32
-32
-31
-31
-28
-22
-17
-15
-15
-15
-15
-15
-15
-15
-16
-16
-16
-16
-16
-16
-16
-16
-16
-16
-16
-16
-16
-16
-16
-16
-17
-17
-16
-16
-16
-16
-16
-16
-16
-16
-16
-17
-16
-16
-16
-16
-16
-16
-16
-17
-17
-17
-17
-17
-17
-17
-17
-17
-17
-17
-17
-17
-18
-17
-17
-17

