-17
-18
-22
-27
-33
-43
-46
-43
-41
-39
-33
-21
-6
3
1
2
2
-3
-6
-9
-13
-13
-12
-22
-27
-28
-35
-40
-39
-37
-32
-28
-25
-22
-19
-13
-5
4
4
0
-2
2
2
1
0
-1
-2
-3
-4
-5
-6
-9
-13
-18
-20
-19
-19
-19
-19
-20
-20
-21
-20
-18
-18
-17
-15
-15
-16
-12
-10
-13
-16
-17
-17
-17
-17
-18
-18
-18
-18
-18
-18
-18
-18
-18
-18
-18
-18
-18
-18
-18
-18
-18
-17
-17
-17
-17
-17
-17
-17
-17
-17
-17
-17
-17
-17
-17
-17
-17

