-16
-13
-9
-6
-3
-8
-18
-19
-19
-20
-29
-38
-37
-31
-24
-16
-14
-13
-10
-8
-6
-1
-1
-9
-17
-19
-19
-19
-23
-28
-30
-35
-45
-53
-47
-34
-24
-14
-9
-9
-8
-4
0
2
0
-2
-7
-13
-16
-17
-17
-21
-23
-21
-19
-19
-19
-20
-20
-20
-21
-21
-22
-24
-27
-29
-32
-34
-39
-33
-24
-20
-17
-15
-13
-12
-11
-10
-11
-11
-11
-11
-12
-12
-11
-7
-2
-1
-2
-4
-7
-11
-15
-17
-17
-18
-21
-25
-28
-28
-26
-23
-19
-16
-15
-15
-15
-15
-15
-15
-15
-15
-15
-15
-15
-15
-15
-15
-15
-15
-15
-15
-15
-16
-16
-16
-16
-16
-16
-16
-16
-16
-16
-16
-16
-16
-16
-16
-16
-16
-16
-16
-16
-16
-16
-16
-16
-16
-16
-17

