-18
-18
-22
-37
-32
-22
-18
-17
-15
-15
-13
-9
-3
2
-1
-5
-11
-18
-20
-20
-20
-20
-23
-30
-34
-51
-81
-95
-87
-56
-30
-8
1
10
21
29
29
22
17
12
4
-1
-5
-23
-56
-55
-51
-50
-51
-50
-48
-49
-59
-66
-73
-70
-48
-25
-16
-12
-9
-4
0
0
-1
0
2
6
14
23
28
22
14
4
-6
-17
-24
-27
-27
-25
-25
-24
-26
-32
-38
-46
-46
-39
-27
-20
-17
-15
-13
-12
-11
-11
-11
-10
-10
-10
-11
-10
-10
-10
-11
-11
-11
-12
-12
-12
-12
-12
-13
-13
-13
-13
-13
-14
-14
-14
-14
-14
-14
-15
-16
-16
-15
-15
-15
-15
-15
-15
-16
-16
-16
-15
-15
-15
-16
-16
-16
-16
-16
-16
-16
-16
-16
-16
-16
-16

