-16
-15
-11
-7
-7
-7
-7
-9
-17
-20
-19
-19
-24
-39
-45
-40
-32
-27
-22
-19
-17
-15
-14
-14
-14
-12
-10
-8
-5
-1
-2
-4
-11
-18
-18
-18
-18
-18
-18
-18
-21
-27
-30
-35
-39
-43
-60
-78
-83
-74
-46
-22
-14
-9
-7
-3
1
1
0
-1
-1
-2
-3
-4
-4
-5
-8
-12
-8
-7
-7
-8
-8
-8
-9
-9
-9
-10
-10
-10
-11
-11
-11
-11
-12
-12
-12
-12
-13
-13
-13
-13
-13
-14
-14
-14
-14
-14
-14
-14
-15
-15
-15
-15
-15
-15
-15
-15
-15
-15

