-8
0
2
1
-3
-7
-13
-20
-21
-21
-26
-48
-66
-65
-51
-31
-20
-14
-11
-9
-8
-4
0
0
-1
-1
-6
-11
-14
-16
-17
-18
-18
-18
-21
-26
-24
-21
-22
-24
-24
-28
-32
-36
-40
-52
-64
-53
-32
-22
-14
-3
0
3
6
14
20
17
10
4
-7
-19
-24
-21
-20
-20
-20
-21
-22
-22
-22
-24
-29
-39
-48
-47
-44
-42
-39
-28
-19
-17
-14
-12
-11
-10
-9
-8
-8
-9
-9
-9
-10
-10
-10
-11
-11
-11
-12
-12
-12
-12
-12
-13
-13
-13
-13
-13
-13
-14
-14
-14
-14
-14
-14
-15
-15
-15
-15
-15
-15
-15
-15
-15
-15
-15
-16
-16
-16
-16
-16
-16
-16
-16
-16
-16
-16
-16
-16
-16

