-17
-17
-17
-19
-23
-29
-37
-45
-44
-43
-42
-30
-12
-6
-5
-2
-1
-3
2
1
-4
-7
-11
-22
-27
-28
-34
-42
-46
-43
-38
-33
-29
-25
-17
-9
-6
-6
-4
0
0
1
0
-2
-3
-2
-3
-4
-5
-6
-6
-6
-5
-6
-6
-8
-10
-13
-18
-22
-25
-27
-28
-28
-29
-30
-31
-31
-31
-31
-29
-26
-23
-16
-14
-15
-14
-11
-11
-13
-12
-13
-15
-18
-19
-19
-21
-22
-22
-21
-21
-21
-21
-21
-20
-20
-20
-20
-20
-19
-18
-18
-19
-19
-19
-19
-19
-19
-19
-19
-19
-18
-18
-18
-18
-18
-18
-18
-18
-18
-18
-18
-18
-18
-18
-18
-18
-18
-18
-17

