-17
-17
-16
-12
-1
2
3
0
-11
-19
-21
-21
-21
-32
-58
-65
-56
-35
-24
-19
-14
-11
-11
-9
-4
2
10
8
0
-7
-13
-18
-18
-19
-25
-26
-22
-24
-22
-23
-25
-29
-38
-46
-44
-33
-23
-14
-10
-10
-9
-6
-3
0
-1
-3
-5
-11
-16
-17
-18
-19
-18
-18
-18
-18
-18
-18
-18
-18
-18
-19
-26
-34
-38
-37
-34
-28
-22
-17
-14
-13
-12
-12
-12
-12
-12
-12
-12
-13
-13
-13
-13
-13
-13
-14
-14
-14
-14
-14
-14
-15
-15
-15
-15
-15
-15
-15
-15
-15
-15
-15
-16
-16
-16
-16
-16
-16
-16
-16
-16
-16
-16
-16
-16
-16
-16
-16
-16
-16
-16
-16
-16
-16
-16
-16
-16
-16
-16
-17

