-55
-40
-22
-9
-4
-2
-2
-3
-4
-5
-7
-13
-19
-26
-33
-39
-45
-49
-52
-54
-56
-58
-59
-59
-59
-59
-63
-69
-74
-76
-75
-75
-76
-76
-74
-74
-72
-70
-68
-64
-56
-48
-41
-34
-29
-24
-19
-12
-3
6
15
23
29
32
32
29
23
17
9
2
-5
-12
-18
-22
-26
-30
-35
-41
-46
-47
-48
-49
-49
-49
-49
-49
-49
-49
-48
-47
-45
-42
-38
-35
-31
-27
-23
-20
-18
-16
-14
-13
-11
-10
-9
-9
-9
-9
-8
-8
-8
-7
-7
-7
-7
-7
-7
-7
-7
-7
-7
-7
-6
-6
-6
-6
-6
-6
-5
-5
-5
-5
-5
-5
-5
-5
-6
-6
-5
-6
-6
-6
-6
-6
-6
-6
-7
-6
-6
-6
-6
-6
-6
-6
-6
-6
-6
-6
-5
-5

