-17
-17
-17
-18
-20
-25
-28
-33
-35
-36
-33
-24
-14
-6
-3
-3
-1
-2
-6
-10
-16
-28
-35
-39
-43
-45
-45
-46
-42
-38
-29
-17
-11
-6
0
4
5
5
2
1
1
1
0
-2
-3
-4
-5
-6
-8
-15
-25
-31
-35
-36
-36
-37
-36
-34
-32
-27
-21
-14
-11
-7
-2
-1
-1
-3
-7
-7
-4
-3
-3
-5
-6
-6
-7
-7
-8
-9
-11
-13
-18
-21
-21
-21
-21
-21
-21
-20
-20
-20
-20
-20
-19
-19
-18
-17
-16
-17
-17
-16
-15
-14
-15
-16
-17
-18
-18
-18
-18
-19
-19
-19
-19
-19
-19
-19
-19
-18
-18
-18
-18
-18
-18
-18
-18
-18
-18
-18
-18
-18
-18
-18
-18
-18
-18
-18
-17
-16

