-2
-7
-12
-17
-22
-28
-34
-37
-37
-35
-33
-31
-25
-18
-13
-10
-7
-4
-2
-1
0
1
-3
-13
-22
-26
-24
-20
-16
-12
-7
-4
-2
0
1
1
1
1
1
1
1
1
1
0
0
-1
-1
-1
-1
-1
0
0
0
1
0
-1
-2
-3
-2
-1
-1
0
0
-1
-1
-2
-3
-4
-4
-5
-5
-5
-5
-5
-4
-4
-2
-1
0
0
0
1
1
1
1
1
0
0
0
0
0
-1
-1
-1
-1
-2
-3
-4
-4
-4
-5
-6
-6
-6
-6
-6
-6
-6
-6
-6
-6
-6
-6
-6
-6
-6
-5
-5
-5
-5
-5
-5
-5
-5
-5
-6
-6
-6
-6
-6
-6
-6
-5
-6
-6
-6
-7
-7
-7
-8
-8
-9
-9
-8
-8
-8
-8
-9
-8
-8

