21
18
12
6
2
-3
-12
-22
-34
-43
-50
-54
-55
-54
-52
-48
-41
-29
-20
-15
-11
-8
-5
-3
-2
-2
-2
-8
-15
-18
-19
-20
-18
-13
-9
-5
-2
0
1
2
2
2
1
0
-1
-2
-2
-4
-9
-8
-5
-3
-1
0
1
2
2
3
3
3
2
1
1
0
-1
-2
-1
0
1
1
1
1
2
1
1
1
0
0
-1
-1
-1
0
0
0
0
0
-2
-3
-3
-2
-2
-2
-2
-2
-2
-2
-2
-3
-3
-4
-4
-5
-5
-5
-5
-5
-5
-5
-5
-5
-5
-5
-5
-6
-6
-6
-6
-6
-6
-6
-7
-7
-8
-9
-9
-9
-9
-9
-9
-9
-8
-8
-8
-8
-8
-8
-8
-8
-8
-8
-8
-8
-8
-8
-7
-8
-8
-8
-8
-9

