-6
-3
1
6
11
12
10
7
4
-1
-6
-13
-20
-25
-26
-24
-22
-21
-19
-17
-14
-10
-8
-6
-5
-4
-5
-5
-5
-6
-6
-6
-7
-10
-14
-15
-14
-12
-9
-7
-5
-4
-3
-2
-2
-2
-3
-3
-3
-2
-1
1
2
2
1
1
1
1
1
0
0
0
1
1
1
1
2
2
2
1
1
1
0
0
0
-1
-2
-2
-3
-3
-4
-4
-4
-4
-4
-5
-4
-5
-5
-5
-6
-5
-5
-5
-5
-5
-5
-5
-4
-4
-5
-5
-6
-6
-7
-7
-8
-8
-8
-9
-9
-9
-9
-9
-9
-9
-9
-8
-8
-8
-8
-8
-7
-7
-7
-7
-7
-7
-7
-7
-7
-7
-7
-7
-7
-7
-7
-7
-7
-7
-7
-7
-7
-7
-7
-7
-8
-8
-8
-7

