-12
-13
-15
-19
-24
-27
-28
-28
-26
-24
-21
-16
-11
-7
-4
-2
0
2
4
6
9
12
13
8
-3
-11
-13
-13
-11
-9
-8
-10
-12
-14
-15
-16
-14
-11
-7
-4
-2
-1
0
0
0
0
0
0
0
0
0
0
0
0
0
-1
-2
-2
-3
-3
-3
-3
-2
-1
0
0
-1
-1
-1
-1
-2
-2
-2
-2
-2
-2
-2
-2
-3
-3
-3
-3
-3
-3
-2
-2
-2
-2
-2
-2
-2
-2
-2
-2
-2
-3
-3
-3
-3
-4
-4
-5
-6
-7
-7
-8
-8
-8
-8
-8
-8
-8
-8
-8
-8
-8
-8
-8
-8
-8
-8
-8
-8
-7
-7
-7
-7
-7
-7
-6
-5
-5
-6
-6
-6
-6
-6
-7
-7
-7
-7
-7
-7
-8
-8
-8
-8
-8
-8
-9

