-28
-35
-41
-41
-40
-40
-41
-40
-34
-20
-5
2
3
1
0
2
1
0
-2
-3
-3
-3
-5
-6
-11
-18
-27
-31
-37
-42
-44
-44
-39
-36
-32
-27
-22
-16
-8
1
4
1
-6
-9
-3
0
0
-3
-4
-5
-6
-5
-5
-6
-7
-7
-9
-12
-18
-20
-20
-20
-20
-20
-19
-19
-19
-19
-19
-19
-19
-19
-18
-18
-18
-18
-18
-18
-18
-18
-18
-18
-17
-17
-16
-16
-16
-16
-18
-18
-18
-18
-18
-18
-18
-18
-18
-18
-18
-17
-17
-17
-17
-17
-17
-17
-17
-17
-17
-17
-17
-17
-17
-17
-17
-17
-17
-17
-17
-17

