-1
-6
-14
-25
-32
-33
-30
-26
-23
-18
-14
-11
-8
-3
4
10
12
10
8
5
2
-1
-5
-8
-9
-13
-19
-25
-28
-29
-30
-30
-29
-28
-26
-24
-20
-14
-10
-7
-5
-3
-2
-2
-3
-3
-4
-3
-3
-3
-2
-2
-4
-5
-4
-3
-1
0
1
1
1
1
1
1
2
3
3
3
3
2
1
0
0
0
-1
-1
-1
-2
-2
-2
-2
-1
-1
-1
-1
-1
-1
-1
0
0
0
0
-1
-1
-1
-2
-2
-2
-2
-3
-3
-4
-4
-5
-6
-7
-7
-7
-7
-7
-7
-7
-7
-7
-7
-7
-7
-7
-7
-7
-6
-6
-6
-6
-6
-6
-6
-6
-6
-6
-6
-6
-6
-7
-7
-7
-7
-7
-7
-8
-8
-8
-9
-9
-9
-9
-9
-9
-9
-9

