-17
-18
-19
-25
-28
-31
-36
-43
-44
-42
-38
-32
-22
-15
-9
1
1
1
2
-1
-3
-3
-10
-19
-22
-27
-33
-36
-34
-30
-25
-20
-13
-9
-2
-1
-3
-1
0
-2
-3
-4
-5
-6
-5
-3
-5
-8
-13
-20
-22
-23
-26
-31
-37
-41
-39
-37
-35
-31
-27
-20
-8
-4
-6
-6
-3
-2
-2
-3
-4
-5
-6
-7
-8
-9
-10
-12
-14
-17
-20
-20
-20
-20
-20
-20
-19
-19
-19
-19
-19
-19
-19
-19
-19
-18
-18
-18
-18
-18
-18
-18
-18
-18
-18
-18
-18
-18
-18
-18
-18
-17
-18
-18
-17
-17
-17
-17
-17
-17
-17
-17
-17
-17
-17
-17
-17
-17
-17
-17
-17
-17
-17
-17
-17
-17
-17
-17
-17
-17

