5
12
19
24
26
25
21
16
12
7
1
-7
-13
-17
-19
-21
-22
-24
-26
-27
-26
-25
-23
-20
-17
-13
-10
-7
-5
-4
-4
-3
-3
-3
-3
-3
-4
-4
-4
-4
-5
-5
-5
-4
-3
-2
-1
-1
0
0
0
0
1
1
1
1
2
2
2
2
2
1
1
1
1
1
0
-1
-2
-3
-4
-4
-5
-5
-5
-5
-5
-5
-5
-4
-4
-4
-4
-4
-4
-4
-4
-3
-3
-3
-3
-3
-3
-3
-3
-3
-3
-3
-3
-4
-5
-6
-7
-7
-7
-7
-7
-7
-7
-7
-7
-7
-7
-7
-7
-7
-7
-7
-7
-7
-7
-7
-6
-6
-6
-6
-6
-6
-6
-6
-7
-7
-8
-9
-9
-10
-10
-11
-11
-11
-11
-11
-10
-10
-10
-9
-9
-8
-8
-8

