-11
-9
-7
-5
-3
-2
-2
-3
-4
-4
-5
-6
-11
-21
-27
-29
-27
-23
-18
-13
-9
-5
0
6
13
19
21
19
15
11
8
5
2
-4
-10
-15
-19
-25
-30
-33
-34
-32
-28
-23
-18
-14
-11
-9
-7
-6
-4
-3
-2
-2
-1
0
0
0
0
0
-1
-1
-1
-1
0
0
0
1
1
1
1
0
0
0
0
0
0
0
0
0
1
2
2
2
1
1
1
0
0
0
-1
-1
-1
-1
-1
-1
-2
-2
-3
-3
-4
-4
-4
-5
-5
-5
-5
-5
-6
-6
-6
-6
-6
-6
-6
-6
-6
-6
-6
-6
-6
-7
-7
-7
-7
-7
-7
-7
-7
-7
-7
-7
-7
-8
-8
-8
-8
-8
-8
-8
-9
-9
-9
-8
-8
-8
-8
-8
-8
-8

