-17
-17
-17
-17
-18
-20
-23
-29
-34
-38
-40
-41
-40
-36
-27
-14
-7
-7
-7
-6
-5
-6
-8
-10
-10
-10
-11
-12
-13
-15
-19
-24
-29
-34
-37
-37
-34
-32
-29
-23
-15
-9
-7
-7
-4
-2
-3
-6
-10
-11
-11
-12
-12
-12
-13
-13
-13
-13
-13
-13
-14
-14
-14
-14
-14
-14
-14
-15
-15
-15
-15
-15
-15
-15
-15
-15
-15
-16
-16
-16
-16
-16
-16
-16
-16
-16
-15
-15
-16
-16
-16
-16
-16
-16
-16
-16
-17
-17
-17
-17
-17
-17
-17
-17
-17
-17
-17
-17
-17
-17

