-24
-24
-23
-22
-22
-17
-5
0
-4
3
6
5
3
0
-5
-14
-26
-27
-27
-30
-35
-43
-47
-40
-36
-36
-30
-25
-21
-15
-9
-6
-4
-1
5
8
8
6
3
0
-3
-6
-7
-8
-10
-11
-13
-9
-5
-5
-5
-6
-6
-7
-8
-11
-13
-15
-16
-17
-17
-18
-18
-19
-20
-20
-19
-19
-19
-19
-19
-19
-19
-19
-19
-19
-19
-18
-18
-18
-18
-17
-17
-16
-16
-16
-16
-17
-17
-17
-18
-18
-18
-18
-18
-18
-18
-18
-18
-18
-18
-18
-18
-18
-18
-17
-17
-17
-17
-17
-17
-17
-17
-17
-17
-17
-17
-17
-17
-17

