-31
-39
-41
-40
-43
-40
-29
-13
0
2
-1
1
0
-6
-6
-6
-6
-8
-17
-26
-31
-35
-38
-42
-42
-41
-39
-34
-26
-16
-9
-4
2
2
2
1
0
0
-1
-3
-4
-3
-3
-5
-5
-6
-8
-9
-9
-12
-18
-22
-24
-27
-31
-33
-35
-38
-37
-35
-34
-30
-23
-17
-12
-8
-5
-3
-2
-3
-5
-5
-4
-4
-4
-4
-5
-6
-7
-8
-9
-10
-11
-12
-13
-14
-15
-16
-18
-21
-21
-21
-20
-20
-20
-20
-20
-20
-20
-19
-19
-19
-19
-19
-19
-19
-19
-19
-18
-18
-18
-17
-17
-16
-16
-17
-18
-18
-18
-18
-18
-18
-18
-18
-18
-18
-18
-18
-18
-18
-17
-17
-17
-17
-17
-17
-17
-17
-17
-17
-17
-17
-17
-17
-17
-17
-17
-17
-17
-17

