-29
-32
-42
-47
-45
-46
-41
-34
-18
0
2
1
1
-1
-2
-1
0
-4
-7
-12
-24
-30
-38
-47
-47
-41
-35
-31
-26
-21
-16
-8
-1
4
4
-2
-6
0
1
-1
-2
-3
-3
-3
-4
-5
-7
-10
-15
-21
-23
-22
-23
-24
-29
-36
-37
-35
-32
-29
-27
-21
-8
-1
-3
-7
-9
-5
-3
-3
-5
-6
-6
-7
-8
-9
-10
-12
-13
-14
-15
-16
-17
-18
-20
-20
-20
-20
-20
-20
-19
-19
-19
-19
-19
-19
-19
-19
-19
-18
-18
-18
-18
-18
-18
-18
-18
-18
-18
-18
-18
-17
-17
-18
-18
-18
-18
-17
-17
-17
-17
-17
-17
-17
-17
-17
-17
-17
-17
-17
-17
-17
-17
-17
-17
-17
-17
-17
-17
-17

