-22
-25
-29
-34
-37
-40
-42
-35
-22
-7
1
-1
1
1
-1
-3
-6
-9
-15
-25
-30
-35
-39
-41
-39
-39
-39
-39
-36
-29
-23
-20
-17
-10
-1
7
2
-1
3
2
1
-1
-1
-2
-3
-4
-6
-6
-6
-5
-5
-7
-11
-17
-19
-19
-20
-20
-20
-19
-19
-19
-19
-19
-19
-19
-19
-18
-18
-18
-18
-17
-17
-17
-17
-17
-17
-17
-18
-18
-18
-18
-18
-18
-18
-18
-18
-18
-18
-18
-18
-17
-17
-17
-17
-17
-17
-17
-17
-17
-17
-17
-17
-17
-17
-17
-17
-17
-17
-17

