-7
-7
-7
-7
-7
-7
-7
-5
-4
-1
2
4
6
7
6
3
0
-1
-3
-5
-9
-15
-20
-21
-21
-20
-18
-15
-12
-8
-2
3
6
6
3
0
-2
-4
-5
-6
-7
-9
-10
-12
-14
-16
-20
-26
-28
-23
-17
-14
-11
-10
-9
-9
-9
-8
-8
-6
-3
5
12
15
15
13
9
6
3
1
0
-1
-2
-3
-3
-4
-5
-6
-7
-6
-6
-5
-6
-6
-7
-8
-8
-8
-8
-9
-9
-10
-11
-11
-12
-13
-13
-13
-14
-14
-14
-14
-13
-13
-13
-13
-13
-13
-13
-12
-11
-11
-10
-10
-10
-10
-9
-9
-9
-9
-9
-9
-9
-9
-9
-9
-9
-9
-9
-9
-9
-9
-9
-8
-8
-8
-8
-8
-7
-7
-7
-7
-7
-7
-7
-7
-7
-7
-6
-6

