-29
-35
-41
-44
-44
-40
-33
-21
-7
1
-2
2
-2
-6
-10
-14
-17
-22
-26
-28
-31
-32
-33
-33
-33
-32
-28
-25
-21
-16
-12
-6
-4
-3
2
2
1
0
-2
-3
-2
-1
-5
-7
-10
-19
-23
-26
-30
-36
-40
-40
-37
-33
-28
-22
-13
-8
-3
-1
-2
-3
-4
-4
-5
-6
-6
-3
-3
-5
-6
-7
-8
-9
-10
-12
-16
-20
-20
-20
-20
-20
-20
-20
-19
-19
-19
-19
-19
-19
-19
-19
-19
-18
-18
-15
-13
-13
-14
-15
-16
-17
-17
-17
-18
-18
-18
-19
-19
-18
-18
-18
-18
-18
-18
-18
-18
-18
-18
-18
-18
-18
-18
-18
-18
-18
-17
-17
-17
-17
-17
-17
-17
-17
-17
-17
-17
-17
-17
-17

