-11
-16
-25
-33
-44
-50
-48
-45
-41
-38
-34
-29
-23
-16
-11
-7
-4
-3
0
3
3
4
2
-1
-3
-2
-3
-4
-5
-6
-7
-6
-5
-5
-8
-11
-17
-28
-37
-43
-41
-38
-39
-37
-31
-22
-13
-4
0
-1
-4
-2
-3
-4
-7
-9
-12
-17
-20
-21
-21
-22
-23
-24
-24
-23
-23
-23
-22
-22
-22
-22
-21
-21
-21
-20
-19
-18
-17
-18
-19
-20
-20
-20
-20
-20
-19
-19
-19
-19
-19
-19
-19
-19
-19
-18
-18
-18
-18
-18
-18
-18
-18
-18
-17
-17
-17
-18
-18
-18
-18
-18
-18
-18
-18
-18
-18
-17
-17
-17

