-30
-24
-18
-12
-6
0
5
11
14
13
10
8
6
5
3
0
-3
-3
-5
-8
-12
-12
-14
-16
-17
-17
-17
-16
-13
-11
-9
-7
-6
-5
-4
-4
-4
-4
-4
-3
-3
-3
-3
-3
-3
-3
-3
-3
-3
-2
-2
-1
0
0
1
1
2
2
3
3
3
3
3
3
3
3
3
2
1
1
0
0
-1
-1
-2
-3
-3
-4
-5
-5
-5
-4
-4
-4
-3
-3
-3
-3
-2
-2
-2
-2
-2
-2
-2
-2
-2
-3
-3
-4
-5
-6
-6
-7
-7
-7
-7
-7
-7
-6
-6
-6
-6
-6
-6
-6
-6
-5
-5
-5
-5
-6
-7
-7
-8
-9
-9
-10
-10
-10
-10
-10
-9
-9
-9
-8
-8
-7
-7
-7
-7
-7
-6
-6
-6
-6
-5
-5
-6
-6

