-25
-28
-30
-30
-29
-27
-25
-21
-13
-5
-1
2
3
2
5
4
3
1
-3
-7
-16
-23
-25
-31
-37
-40
-39
-38
-35
-30
-23
-14
-6
0
3
2
0
0
-1
-1
0
0
-1
-3
-4
-7
-10
-17
-23
-23
-25
-29
-32
-33
-34
-35
-33
-28
-22
-11
-2
-4
-10
-10
-3
-2
-3
-5
-6
-6
-7
-7
-8
-9
-11
-12
-14
-16
-20
-20
-20
-20
-20
-19
-19
-19
-19
-19
-19
-19
-19
-19
-18
-18
-18
-18
-18
-18
-18
-17
-16
-16
-16
-16
-16
-16
-17
-18
-18
-18
-18
-18
-18
-18
-18
-18
-18
-18
-17
-17
-17
-17
-17
-17
-17
-17
-17
-17
-17
-17
-17
-17
-17
-17
-17
-17
-17
-17
-17
-17

