-5
-14
-20
-23
-25
-28
-29
-27
-23
-19
-18
-19
-23
-25
-24
-20
-15
-10
-6
-4
-1
1
4
5
6
5
3
1
-2
-6
-11
-15
-17
-18
-18
-17
-13
-10
-7
-5
-4
-4
-5
-5
-6
-6
-6
-6
-6
-5
-5
-5
-5
-4
-4
-3
-3
-3
-4
-4
-4
-3
-1
0
0
1
2
3
3
3
3
3
2
1
0
0
-1
-2
-3
-4
-4
-4
-3
-3
-3
-2
-2
-2
-1
-1
-1
-1
-1
-2
-2
-2
-2
-3
-3
-3
-3
-4
-4
-5
-6
-7
-7
-8
-8
-8
-8
-8
-7
-7
-7
-7
-7
-7
-7
-7
-7
-7
-6
-6
-6
-6
-6
-6
-6
-7
-8
-9
-10
-10
-11
-11
-11
-11
-11
-11
-10
-9
-9
-8
-8
-7
-7
-8
-8
-8

