-28
-35
-42
-45
-40
-31
-18
-3
-3
-6
-1
-2
-10
-19
-25
-29
-36
-41
-41
-38
-35
-37
-35
-24
-10
-1
3
2
0
1
0
-2
-1
-1
-2
-2
-2
-3
-4
-5
-6
-8
-14
-24
-28
-30
-36
-41
-41
-38
-34
-30
-28
-24
-17
-12
-4
-1
-2
-2
-4
-7
-5
-5
-4
-4
-6
-9
-9
-10
-10
-10
-11
-13
-14
-16
-17
-18
-18
-19
-20
-20
-20
-20
-20
-19
-19
-19
-19
-19
-19
-19
-19
-19
-18
-18
-18
-18
-18
-18
-18
-18
-18
-18
-18
-18
-18
-18
-18
-18
-18
-18
-18
-18
-17
-17
-17
-17
-17
-17
-17
-17
-17
-17
-17
-17
-17
-17
-17
-17
-17
-17
-17
-17
-17
-17
-17
-17
-17
-17

