-5
-7
-14
-25
-34
-32
-26
-19
-13
-8
-4
-1
2
3
3
2
1
1
-3
-11
-25
-38
-45
-43
-36
-30
-21
-13
-7
-2
2
5
7
9
11
12
12
11
5
-2
-6
-6
-4
-1
1
3
4
5
6
6
5
5
5
4
3
3
2
1
1
1
1
1
0
0
0
1
1
1
1
1
1
1
0
0
0
0
0
-1
-1
-1
-1
-2
-3
-3
-4
-4
-4
-4
-6
-10
-13
-13
-12
-11
-10
-9
-8
-7
-6
-6
-5
-5
-5
-5
-5
-5
-5
-5
-5
-5
-5
-5
-5
-5
-5
-5
-6
-6
-6
-6
-6
-6
-6
-6
-6
-6
-6
-6
-7
-7
-8
-8
-8
-9
-9
-9
-9
-8
-8
-8
-7
-7
-7
-7
-7
-7
-7
-7
-7
-7

