-10
-9
-8
-8
-7
-5
-4
-3
-2
-2
-3
-3
-4
-4
-6
-18
-41
-52
-52
-46
-34
-25
-19
-15
-11
-7
-4
-2
0
1
3
4
6
6
3
-2
-7
-9
-10
-8
-6
-3
-1
1
3
4
4
5
5
4
2
-2
-4
-2
-2
-5
-7
-8
-6
-3
-2
-1
0
0
0
0
0
0
0
-1
-1
-1
-2
-2
-2
-2
-3
-4
-6
-7
-7
-6
-5
-4
-3
-3
-3
-2
-2
-2
-2
-2
-2
-2
-2
-2
-3
-3
-4
-4
-4
-4
-4
-4
-5
-5
-5
-5
-5
-6
-7
-7
-7
-7
-7
-7
-7
-7
-6
-6
-6
-6
-6
-7
-7
-7
-7
-7
-7
-7
-7
-7
-7
-7
-7
-7
-7
-7
-7
-7
-7
-7
-7
-7
-7
-7
-7
-7
-7
-7

