-26
-24
-21
-18
-15
-13
-10
-6
-3
0
4
8
11
13
16
19
20
20
20
18
16
12
7
3
-3
-10
-16
-21
-21
-20
-18
-16
-14
-13
-11
-10
-9
-7
-5
-2
1
3
5
6
7
8
9
10
10
11
12
13
13
13
11
8
6
4
3
3
2
2
3
4
4
5
5
5
4
4
3
2
2
2
1
1
1
1
1
0
-1
-3
-6
-8
-9
-9
-8
-6
-5
-4
-3
-4
-4
-4
-4
-4
-4
-4
-4
-4
-4
-4
-4
-4
-7
-9
-11
-12
-12
-12
-12
-10
-9
-8
-7
-7
-7
-6
-6
-7
-7
-7
-7
-7
-7
-7
-7
-7
-8
-8
-9
-10
-12
-12
-12
-12
-11
-9
-9
-8
-8
-8
-7
-8
-8
-8
-8
-8
-9
-9

