-40
-38
-35
-31
-26
-21
-17
-13
-9
-5
-2
1
5
9
12
16
21
24
26
27
27
26
25
23
21
19
16
12
4
-5
-14
-20
-23
-24
-24
-23
-21
-19
-16
-13
-10
-8
-7
-5
-3
0
2
3
5
6
8
9
10
13
15
17
18
17
16
15
13
12
10
8
5
2
-1
-4
-6
-8
-10
-13
-14
-15
-15
-14
-12
-11
-10
-9
-8
-8
-6
-3
-2
-1
-1
-1
0
0
0
0
-1
-1
-3
-3
-4
-5
-5
-5
-5
-4
-4
-4
-4
-5
-5
-5
-6
-5
-5
-5
-5
-5
-6
-6
-6
-7
-6
-6
-5
-5
-5
-5
-6
-7
-7
-8
-8
-8
-8
-8
-8
-9
-9
-9
-9
-9
-9
-9
-9
-9
-9
-8
-7
-7
-7
-8
-8
-9

