-42
-42
-39
-35
-31
-27
-24
-20
-16
-13
-10
-7
-3
0
3
6
8
10
12
13
13
13
12
11
9
6
0
-12
-25
-35
-40
-41
-39
-36
-31
-26
-21
-18
-14
-11
-8
-6
-4
-1
1
4
6
8
9
10
10
10
10
10
10
10
10
10
10
10
10
11
12
12
12
11
10
9
9
9
9
8
7
6
7
7
7
6
6
5
4
3
1
0
0
-1
-1
-1
-2
-1
-1
-1
-1
0
0
0
0
-1
-2
-2
-2
-2
-3
-4
-4
-5
-5
-6
-6
-7
-8
-8
-8
-8
-8
-8
-8
-8
-8
-8
-7
-7
-7
-7
-7
-7
-7
-7
-7
-7
-8
-8
-9
-9
-9
-10
-10
-11
-11
-11
-11
-10
-10
-10
-10
-10
-10
-10
-10
-10

