-28
-17
-10
-5
-6
-7
-7
-11
-16
-21
-25
-34
-37
-37
-41
-49
-50
-46
-44
-38
-26
-6
5
9
4
3
6
5
2
-2
-4
-5
-8
-10
-19
-31
-36
-39
-37
-33
-29
-24
-18
-13
-6
0
0
-1
-1
-1
0
1
0
-3
-4
-4
-5
-8
-10
-11
-14
-20
-23
-24
-25
-28
-32
-35
-36
-36
-35
-31
-24
-17
-7
-2
-4
-5
-4
-5
-7
-8
-7
-7
-8
-9
-10
-12
-14
-15
-16
-17
-18
-18
-19
-20
-20
-20
-20
-19
-19
-19
-19
-19
-19
-19
-19
-19
-18
-18
-18
-18
-18
-18
-18
-18
-17
-17
-17
-17
-17
-17
-17
-16
-16
-17
-17
-18
-18
-18
-18
-18
-18
-18
-18
-17
-17
-17
-17
-17
-17
-17
-17
-17
-17
-17
-17
-17
-17
-17

