-17
-17
-19
-21
-22
-24
-25
-26
-26
-26
-25
-24
-22
-19
-16
-11
-7
-8
-10
-8
-4
-2
-4
-5
-5
-6
-7
-10
-13
-16
-19
-21
-21
-22
-23
-24
-24
-24
-23
-23
-24
-24
-22
-18
-10
-10
-13
-13
-10
-6
-5
-7
-8
-10
-11
-11
-12
-14
-15
-17
-20
-20
-20
-20
-20
-20
-19
-19
-19
-19
-19
-19
-19
-19
-19
-18
-18
-18
-18
-18
-17
-16
-17
-16
-16
-17
-18
-18
-18
-18
-18
-18
-18
-18
-18
-18
-18
-18
-18
-18
-18
-18
-17
-17
-17
-17
-17
-17
-17
-17
-17
-17
-17
-17
-17
-17
-17
-17
-17
-17

