-6
-9
-13
-17
-21
-23
-24
-27
-29
-31
-32
-30
-29
-29
-27
-24
-21
-18
-16
-13
-6
-1
-1
-3
-2
-3
-3
-3
-5
-7
-9
-10
-14
-14
-12
-11
-11
-11
-11
-11
-13
-16
-18
-21
-23
-26
-27
-27
-26
-26
-25
-25
-24
-23
-22
-21
-20
-16
-12
-11
-13
-12
-11
-11
-11
-11
-11
-11
-12
-13
-13
-14
-16
-17
-18
-19
-20
-21
-21
-22
-22
-23
-25
-26
-26
-25
-24
-21
-19
-18
-16
-12
-9
-9
-10
-11
-13
-14
-12
-13
-14
-14
-15
-15
-15
-16
-16
-17
-18
-18
-19
-19
-19
-19
-19
-19
-19
-19
-18
-18
-18
-18
-18
-18
-18
-18
-18
-17
-17
-16
-16
-17
-17
-18
-18
-18
-18
-18
-18
-18
-18
-18
-18
-18
-17
-17
-17
-17
-17
-17

