-4
0
0
0
-2
-4
-6
-8
-12
-17
-22
-25
-26
-29
-32
-33
-31
-28
-26
-24
-22
-18
-14
-11
-8
-7
-6
-7
-7
-7
-9
-7
-5
-4
-2
-1
-1
-3
-4
-4
-5
-8
-13
-17
-17
-18
-19
-19
-19
-20
-21
-20
-20
-19
-19
-18
-14
-9
-12
-15
-12
-11
-11
-11
-11
-11
-12
-15
-17
-19
-18
-18
-18
-18
-18
-18
-18
-18
-18
-18
-18
-18
-18
-18
-18
-18
-18
-17
-17
-17
-17
-17
-17
-17
-17
-17
-17
-17
-17
-17
-17
-17
-17
-17
-17
-17
-17
-17
-17
-17
-17
-17
-17
-17
-17
-17
-17
-17
-17
-17
-17
-17
-17
-17
-17
-17
-17
-17
-17
-17

