-7
-7
-8
-8
-10
-12
-14
-17
-20
-20
-19
-19
-19
-19
-19
-19
-19
-19
-22
-24
-25
-28
-30
-33
-33
-33
-33
-32
-29
-24
-19
-16
-11
-3
0
0
-2
-3
-3
-3
-5
-8
-9
-10
-10
-9
-10
-10
-11
-12
-13
-14
-17
-21
-26
-30
-30
-29
-29
-29
-28
-28
-27
-26
-24
-22
-20
-17
-15
-9
-5
-7
-13
-15
-14
-9
-6
-6
-7
-8
-8
-9
-10
-11
-12
-12
-13
-14
-15
-17
-20
-21
-22
-21
-20
-20
-20
-20
-20
-19
-19
-19
-18
-16
-15
-16
-16
-16
-17
-17
-17
-16
-16
-16
-17
-17
-17
-17
-17
-17
-18
-19
-18
-18
-18
-18
-18
-18
-18
-18
-18
-18
-18
-18
-18
-18
-18
-18
-17
-18
-17
-17
-17
-17
-17
-17
-17
-17
-17
-17

