-44
-50
-53
-54
-51
-43
-34
-18
-4
2
6
5
3
5
2
0
0
0
-2
-3
-11
-24
-31
-39
-46
-48
-44
-39
-34
-29
-19
-8
-3
-2
0
0
0
0
-1
-1
-2
-2
-1
-2
-3
-5
-6
-7
-8
-8
-10
-12
-12
-16
-21
-25
-29
-31
-33
-35
-37
-37
-33
-30
-24
-19
-15
-11
-3
-1
-3
-6
-7
-6
-6
-6
-6
-7
-8
-9
-9
-10
-11
-13
-15
-18
-21
-20
-20
-20
-20
-20
-20
-19
-19
-19
-19
-19
-19
-19
-19
-19
-19
-18
-18
-18
-18
-18
-18
-18
-18
-18
-18
-18
-18
-18
-18
-18
-17
-17
-17
-17
-17
-17
-17
-17
-17
-17
-17
-17
-17
-17
-17
-17
-17
-17
-17
-17
-17
-17

