-26
-30
-36
-43
-47
-49
-49
-47
-48
-47
-41
-25
-4
8
3
2
2
-1
-1
-1
-3
-6
-5
-7
-21
-30
-38
-43
-43
-42
-39
-34
-29
-23
-18
-15
-11
-8
2
10
8
7
4
3
1
-4
-5
-4
-4
-4
-6
-7
-7
-7
-8
-8
-8
-9
-9
-10
-12
-14
-15
-17
-20
-21
-20
-21
-22
-24
-29
-37
-39
-39
-34
-26
-20
-18
-15
-11
-6
-4
-7
-7
-6
-6
-6
-7
-8
-9
-10
-12
-13
-15
-16
-17
-17
-17
-18
-18
-18
-18
-19
-19
-19
-19
-19
-19
-19
-19
-19
-18
-19
-19
-18
-18
-18
-18
-18
-18
-18
-18
-18
-18
-18
-17
-15
-14
-16
-16
-17
-17
-17
-17
-17
-17
-17
-17
-17
-18
-18
-18
-17
-17
-17
-17
-17
-17
-17
-17

