-44
-39
-31
-15
1
2
-5
-4
-4
-13
-21
-27
-32
-33
-32
-29
-20
-7
1
-1
-1
2
2
3
2
-1
-4
-4
-7
-11
-24
-33
-36
-38
-39
-40
-41
-39
-33
-24
-17
-12
-10
-3
2
2
-3
-3
-1
-2
-4
-5
-5
-6
-7
-8
-8
-8
-10
-13
-19
-24
-25
-27
-31
-34
-34
-34
-34
-33
-29
-25
-20
-15
-9
-3
-4
-7
-7
-6
-6
-6
-6
-7
-8
-8
-9
-10
-11
-13
-14
-16
-18
-20
-20
-20
-20
-20
-20
-19
-19
-19
-19
-19
-19
-19
-19
-18
-16
-16
-16
-17
-16
-17
-17
-16
-16
-17
-17
-18
-18
-18
-18
-18
-18
-18
-18
-18
-18
-18
-18
-18
-18
-18
-18
-18
-18
-18
-18
-18
-17
-17
-17
-17
-17
-17
-17
-17
-17
-17

