-17
-17
-17
-22
-29
-32
-36
-39
-40
-38
-37
-36
-34
-31
-26
-19
-11
-6
-4
0
2
4
4
3
3
2
0
-2
-4
-6
-9
-13
-17
-25
-32
-35
-37
-34
-33
-32
-32
-31
-28
-26
-24
-21
-19
-16
-12
-7
-3
-2
-1
-1
-1
-2
-3
-4
-4
-4
-4
-5
-6
-7
-8
-9
-10
-11
-12
-13
-15
-20
-22
-23
-22
-22
-21
-21
-21
-20
-20
-20
-20
-19
-19
-16
-14
-14
-16
-19
-19
-18
-18
-18
-18
-18
-18
-18
-18
-18
-18
-18
-18
-18
-18
-18
-18
-18
-18
-18
-18
-18
-18
-18
-18
-18
-17
-18
-17
-17
-17
-17
-17
-17
-17
-17
-17
-17
-17
-17

