-18
-22
-25
-32
-41
-44
-44
-44
-38
-24
-12
-5
2
2
-1
-1
-4
-6
-10
-14
-18
-22
-25
-31
-37
-43
-43
-35
-33
-33
-32
-29
-26
-23
-18
-13
-7
-4
-4
-2
2
3
3
1
-3
-2
-1
-3
-3
-4
-4
-4
-4
-4
-6
-8
-9
-8
-9
-10
-11
-13
-15
-18
-22
-21
-21
-21
-21
-20
-20
-20
-20
-20
-19
-18
-17
-17
-17
-17
-18
-19
-19
-19
-19
-19
-19
-18
-18
-18
-18
-18
-18
-18
-18
-18
-18
-18
-18
-18
-18
-18
-18
-18
-18
-18
-17
-17
-17
-17
-17
-17
-17
-17
-17
-17
-17
-17
-17
-17

