-35
-39
-44
-46
-42
-36
-33
-27
-15
-7
-5
-3
2
3
3
0
-1
-1
-2
-3
-4
-5
-6
-6
-7
-8
-10
-12
-18
-25
-30
-35
-36
-34
-34
-34
-33
-28
-24
-20
-19
-17
-14
-9
-4
-2
-1
-4
-7
-5
-6
-6
-6
-6
-7
-8
-8
-9
-10
-11
-13
-16
-22
-27
-28
-28
-31
-34
-35
-35
-34
-32
-29
-25
-18
-15
-11
-5
-3
-2
-5
-7
-6
-7
-7
-7
-7
-7
-9
-10
-11
-13
-15
-17
-18
-18
-17
-18
-18
-19
-20
-20
-20
-20
-20
-19
-19
-19
-19
-19
-19
-19
-19
-19
-19
-19
-18
-16
-16
-16
-17
-17
-17
-17
-17
-17
-18
-18
-18
-18
-18
-17
-17
-17
-17
-17
-18
-18
-18
-18
-18
-18
-18
-18
-18
-18
-18
-17
-17
-17

