-17
-17
-17
-17
-17
-22
-30
-39
-43
-41
-40
-36
-30
-20
-10
-5
-3
-3
-8
-7
-9
-11
-12
-13
-15
-18
-21
-25
-29
-31
-32
-30
-29
-27
-22
-16
-7
0
-3
-9
-10
-5
-3
-6
-5
-6
-5
-3
-4
-7
-11
-19
-22
-22
-24
-26
-34
-38
-36
-37
-37
-31
-24
-16
-5
-2
-7
-12
-10
-5
-4
-2
-3
-4
-5
-5
-6
-8
-10
-14
-14
-13
-11
-12
-13
-16
-20
-20
-20
-20
-20
-20
-19
-19
-19
-19
-19
-19
-19
-19
-19
-18
-18
-18
-18
-18
-18
-18
-18
-18
-18
-18
-18
-18
-18
-18
-18
-17
-17
-17
-17
-17
-17
-17
-17
-17
-17
-17
-17
-17
-17
-17
-17
-17
-17
-17
-17
-17
-17
-17

