-43
-48
-49
-47
-40
-29
-12
1
-3
-11
-10
0
2
1
-4
-12
-20
-26
-32
-34
-33
-30
-29
-30
-25
-12
2
3
4
4
3
2
0
-1
-2
-3
-3
-4
-8
-10
-15
-25
-29
-31
-36
-39
-39
-41
-38
-34
-27
-17
-6
0
-5
-10
-9
-5
-2
-1
-3
-3
-3
-4
-5
-6
-7
-7
-8
-9
-11
-14
-19
-20
-20
-20
-20
-19
-19
-19
-19
-19
-19
-19
-19
-19
-19
-18
-18
-18
-18
-16
-11
-11
-12
-15
-18
-19
-19
-19
-18
-18
-18
-18
-18
-18
-18
-18
-18
-18
-17
-17
-17
-17
-17
-17
-17
-17
-17
-17
-18
-18
-18
-17
-17
-18
-17
-17
-17
-17

