-28
-34
-40
-43
-42
-40
-38
-36
-32
-24
-13
-5
0
4
5
5
4
4
4
0
-5
-8
-13
-23
-25
-30
-34
-36
-38
-38
-36
-34
-32
-28
-24
-16
-8
-6
-3
1
2
2
2
1
1
-1
-2
-2
-3
-5
-8
-10
-12
-14
-15
-18
-21
-21
-20
-20
-20
-20
-20
-19
-19
-19
-19
-19
-19
-19
-18
-18
-17
-16
-16
-18
-17
-16
-17
-18
-18
-18
-18
-18
-18
-18
-18
-18
-18
-18
-18
-18
-18
-18
-18
-18
-18
-17
-17
-17
-17
-17
-17
-17
-17
-17
-16
-16
-16
-16

