-15
-9
-4
-4
-9
-8
-11
-19
-25
-31
-35
-36
-36
-40
-44
-42
-26
-7
2
4
3
4
4
3
2
-1
-5
-7
-17
-28
-33
-38
-37
-35
-36
-35
-26
-15
-7
-2
-1
-2
-2
-3
-4
-5
-6
-7
-7
-6
-5
-6
-6
-5
-5
-6
-7
-9
-9
-10
-16
-22
-24
-26
-30
-34
-36
-36
-36
-35
-33
-29
-22
-16
-9
-4
-5
-6
-8
-8
-9
-10
-6
-6
-6
-7
-8
-8
-9
-10
-11
-12
-13
-16
-21
-21
-21
-21
-20
-20
-20
-20
-20
-20
-20
-19
-19
-19
-19
-19
-19
-19
-19
-18
-18
-18
-18
-18
-18
-18
-18
-18
-18
-18
-18
-18
-18
-18
-18
-18
-18
-18
-17
-17
-17
-17
-17
-17
-17
-17
-17
-17
-17
-17
-17
-17
-17
-17
-17
-17

