-20
-23
-29
-39
-44
-45
-45
-45
-40
-30
-11
0
3
-1
-4
-1
0
-4
-11
-17
-22
-25
-26
-25
-23
-19
-12
-3
-3
-2
2
-2
-6
-9
-13
-12
-11
-8
-9
-20
-26
-27
-32
-38
-41
-40
-39
-34
-28
-23
-16
-10
-5
0
0
-4
-9
-9
-9
-5
-3
-1
-3
-5
-6
-8
-11
-12
-9
-8
-8
-8
-9
-9
-12
-12
-13
-13
-18
-21
-21
-21
-21
-21
-20
-20
-20
-20
-20
-20
-19
-19
-19
-19
-19
-19
-19
-19
-19
-19
-18
-18
-18
-18
-17
-17
-17
-17
-18
-18
-18
-18
-18
-18
-18
-18
-18
-18
-18
-18
-18
-18
-17
-17
-17
-17
-17
-17
-17
-17
-17
-17
-17
-17
-17
-17
-17
-17
-17
-17

