-17
-17
-19
-21
-22
-29
-38
-41
-42
-44
-44
-40
-35
-32
-29
-18
-6
4
7
7
6
6
6
4
1
-1
-3
-5
-8
-14
-29
-39
-41
-39
-38
-35
-31
-30
-29
-28
-27
-25
-20
-12
-9
-6
-1
1
1
1
0
-2
-4
-4
-4
-4
-5
-5
-5
-5
-6
-6
-6
-7
-9
-11
-13
-15
-16
-16
-18
-21
-22
-22
-21
-21
-21
-21
-20
-20
-20
-20
-20
-20
-19
-19
-19
-19
-19
-17
-16
-18
-19
-18
-17
-17
-17
-17
-18
-18
-18
-18
-18
-18
-18
-18
-18
-18
-18
-18
-18
-18
-18
-18
-18
-17
-16
-16
-16
-17
-17
-17
-17
-17
-17
-17
-17
-17
-17
-17

