-23
-27
-35
-39
-35
-31
-25
-15
-11
-10
-7
-6
-7
-9
-13
-15
-17
-20
-22
-28
-36
-39
-41
-43
-42
-37
-32
-25
-11
-3
-4
-5
-4
-1
0
-1
-3
-6
-7
-7
-9
-11
-11
-10
-9
-8
-6
-5
-5
-7
-10
-9
-9
-10
-11
-9
-9
-11
-14
-20
-27
-30
-30
-33
-39
-41
-38
-34
-29
-21
-13
-6
-4
-6
-11
-6
-4
-4
-6
-7
-7
-7
-8
-9
-10
-12
-13
-15
-18
-21
-21
-20
-20
-20
-20
-20
-20
-19
-19
-19
-19
-19
-19
-19
-18
-18
-18
-18
-18
-18
-18
-18
-18
-18
-18
-17
-16
-15
-16
-17
-18
-18
-18
-18
-18
-18
-18
-18
-18
-18
-18
-18
-18
-18
-17
-17
-17
-17
-16
-16
-16
-16
-17
-17
-17
-17
-17
-17
-17
-17

