-8
-10
-9
-10
-14
-16
-21
-31
-39
-38
-37
-35
-23
-10
0
4
-1
3
4
3
2
0
-1
-1
-1
-5
-9
-12
-23
-31
-37
-46
-49
-47
-43
-39
-33
-27
-17
-8
-6
-2
0
-1
-1
-2
-3
-2
-2
-3
-4
-8
-11
-9
-8
-9
-10
-10
-12
-17
-23
-26
-27
-30
-34
-35
-36
-35
-33
-31
-26
-19
-10
-4
-4
-7
-10
-9
-6
-4
-5
-6
-8
-8
-8
-9
-10
-11
-13
-15
-17
-20
-20
-20
-20
-20
-20
-19
-19
-19
-19
-19
-19
-18
-16
-16
-17
-17
-17
-17
-17
-17
-17
-18
-18
-18
-18
-18
-18
-18
-18
-18
-18
-18
-18
-18
-18
-18
-18
-18
-18
-18
-18
-17
-17
-17
-17
-17
-17
-17
-17
-17
-17
-17
-17
-17
-17
-17
-17
-17

