-17
-18
-22
-26
-30
-34
-37
-37
-37
-38
-38
-38
-37
-33
-30
-25
-16
-6
4
7
7
7
6
6
4
2
0
-1
-3
-7
-9
-17
-31
-36
-38
-36
-36
-35
-33
-31
-30
-28
-26
-22
-16
-12
-10
-8
-3
0
0
-1
-1
-1
-2
-2
-4
-6
-7
-6
-6
-6
-6
-7
-8
-9
-12
-14
-15
-17
-18
-20
-21
-21
-21
-21
-21
-20
-20
-20
-20
-20
-20
-19
-19
-19
-19
-19
-19
-19
-18
-17
-17
-17
-17
-17
-17
-16
-16
-17
-17
-17
-17
-18
-18
-18
-18
-18
-18
-18
-18
-18
-18
-18
-18
-18
-18
-18
-18
-18
-17
-17
-17
-17
-17
-17
-17
-17
-17
-17

