-37
-36
-37
-34
-27
-17
-10
-5
-1
0
1
1
0
-2
-5
-6
-6
-6
-6
-6
-8
-9
-15
-23
-28
-29
-34
-39
-42
-44
-42
-36
-28
-20
-15
-10
-7
-2
0
0
0
-3
-8
-3
-3
-3
-4
-6
-7
-7
-8
-11
-13
-14
-15
-16
-17
-19
-20
-22
-27
-29
-33
-37
-37
-36
-36
-34
-30
-26
-21
-15
-9
-3
-1
-5
-6
-5
-6
-7
-7
-7
-8
-10
-10
-11
-11
-11
-12
-13
-14
-16
-17
-18
-18
-19
-20
-20
-20
-20
-19
-19
-19
-19
-19
-19
-19
-19
-19
-19
-18
-18
-18
-18
-18
-18
-18
-18
-18
-18
-18
-18
-18
-18
-18
-18
-18
-17
-17
-17
-17
-17
-17
-17
-17
-17
-17
-17
-17
-17
-17
-17
-17
-17
-17
-17
-17
-17
-17
-17

