0
0
3
3
3
1
-3
-5
-4
-2
-4
-6
-12
-21
-28
-33
-35
-38
-42
-42
-39
-30
-17
-9
-5
-2
-3
-5
-7
-9
-11
-12
-12
-13
-12
-11
-11
-13
-15
-11
-7
-7
-4
-3
-4
-7
-9
-9
-10
-13
-19
-21
-20
-20
-20
-20
-20
-20
-19
-19
-19
-19
-19
-19
-19
-19
-19
-18
-18
-18
-18
-18
-18
-18
-18
-18
-18
-18
-18
-18
-18
-18
-18
-17
-17
-17
-17
-17
-17
-17
-17
-17
-17
-17
-17
-17
-17
-17
-17
-17
-17
-17
-17
-17
-17
-17
-17
-17
-17
-17

