-17
-17
-17
-17
-17
-17
-20
-25
-32
-39
-42
-44
-45
-43
-38
-31
-19
-8
-2
1
0
-7
-8
-1
3
1
-1
-2
-3
-6
-12
-18
-19
-20
-21
-24
-28
-32
-37
-41
-40
-37
-34
-27
-17
-8
-1
0
-5
-5
-4
-2
0
-1
-3
-4
-4
-4
-4
-6
-7
-9
-12
-18
-20
-20
-20
-20
-20
-20
-20
-20
-19
-19
-19
-17
-17
-18
-18
-17
-18
-18
-18
-18
-18
-18
-18
-18
-18
-18
-18
-18
-18
-18
-18
-18
-18
-18
-18
-17
-17
-17
-17
-17
-17
-17
-17
-17
-17
-17
-17
-17
-17
-17
-17
-17
-17
-17
-17
-17

