-18
-21
-26
-33
-39
-44
-46
-47
-45
-41
-28
-10
-3
-3
-2
-3
-6
-5
-5
-4
-1
-1
-2
-4
-6
-8
-13
-21
-25
-28
-33
-38
-40
-41
-39
-36
-33
-27
-15
-6
-1
1
0
0
-2
-2
0
-1
-3
-4
-4
-5
-5
-6
-7
-7
-11
-16
-20
-20
-20
-21
-23
-25
-27
-28
-29
-30
-31
-31
-25
-13
-6
-10
-14
-15
-10
-8
-9
-9
-7
-6
-7
-8
-9
-10
-13
-16
-19
-20
-20
-19
-19
-19
-19
-19
-19
-19
-19
-19
-18
-18
-18
-18
-18
-18
-18
-18
-18
-18
-18
-18
-18
-18
-17
-16
-17
-16
-17
-18
-18
-18
-17
-17
-17
-17
-17
-17
-17
-17
-17
-17
-17
-17
-17
-17
-17
-17
-17
-17
-17
-17
-17
-17
-17
-17
-17
-17
-17
-17

