-18
-20
-25
-29
-32
-37
-43
-47
-47
-43
-37
-30
-15
3
4
-3
-1
-1
-1
0
-3
-7
-15
-21
-23
-26
-28
-28
-30
-28
-24
-18
-9
-3
-5
-8
-9
-9
-9
-8
-10
-11
-11
-10
-9
-9
-13
-13
-12
-12
-12
-13
-10
-4
-3
-5
-11
-18
-19
-19
-19
-21
-25
-31
-35
-37
-42
-41
-34
-26
-17
-6
-6
-7
-8
-6
-6
-5
-1
-2
-4
-6
-7
-7
-7
-9
-10
-12
-16
-19
-21
-20
-19
-19
-19
-19
-19
-19
-19
-18
-18
-18
-18
-17
-15
-15
-17
-18
-17
-16
-16
-17
-17
-18
-18
-18
-18
-18
-18
-18
-18
-18
-18
-18
-18
-18
-18
-18
-18
-17
-17
-15
-16
-16
-17
-17
-17
-17
-17
-17
-17
-17
-17
-17
-17
-17
-17
-17
-17
-17

