-38
-44
-45
-45
-43
-41
-31
-13
-3
-2
-1
-2
-4
-6
-5
-2
-1
-2
-3
-8
-16
-21
-24
-28
-32
-33
-33
-34
-35
-30
-19
-7
-4
-5
-6
-6
-5
-6
-8
-10
-12
-12
-12
-13
-13
-12
-10
-7
-6
-2
-1
-2
-4
-6
-7
-12
-19
-27
-29
-30
-31
-31
-31
-29
-29
-28
-27
-24
-19
-12
-7
-12
-15
-15
-16
-16
-16
-16
-16
-16
-16
-16
-16
-16
-16
-16
-16
-16
-16
-16
-16
-16
-16
-16
-16
-16
-16
-16
-16
-16
-16
-16
-16
-16
-16
-16
-16
-16
-16
-16
-17
-17
-17
-17
-17
-17
-17
-17
-17
-17
-17
-17
-17
-17
-17
-17
-17
-17
-17
-17

