-44
-46
-49
-50
-42
-29
-15
-7
-4
-4
0
0
-3
-3
0
1
0
-2
-3
-3
-6
-12
-19
-22
-26
-33
-41
-45
-43
-37
-32
-23
-12
-6
-3
-5
-6
-7
-6
-5
-6
-6
-8
-8
-7
-5
-5
-7
-7
-6
-6
-7
-11
-16
-21
-21
-21
-22
-26
-30
-35
-38
-38
-35
-30
-24
-17
-10
-5
-6
-9
-7
-6
-5
-4
-4
-7
-9
-9
-9
-10
-12
-15
-19
-21
-20
-20
-20
-20
-20
-19
-19
-19
-19
-19
-19
-19
-19
-19
-18
-18
-17
-15
-15
-15
-17
-19
-18
-18
-18
-18
-18
-18
-18
-18
-18
-18
-18
-18
-18
-18
-18
-18
-18
-18
-17
-17
-17
-17
-17
-17
-17
-17
-17
-17
-17
-17
-17
-17
-17

