-17
-17
-17
-18
-22
-27
-35
-42
-47
-46
-46
-44
-40
-25
-2
2
-6
-4
-4
-3
1
0
-3
-6
-14
-21
-23
-28
-33
-38
-41
-41
-39
-35
-30
-24
-19
-15
-7
-2
-4
-5
-2
0
-2
-4
-8
-10
-10
-10
-10
-10
-10
-10
-10
-9
-8
-8
-8
-7
-13
-16
-16
-16
-16
-16
-16
-16
-16
-16
-16
-16
-16
-16
-16
-16
-16
-16
-17
-17
-17
-17
-17
-17
-17
-17
-17
-17
-17
-17
-17
-17
-17
-17
-17
-17
-17
-17
-17
-17
-17
-17
-17
-17
-17
-17
-17
-17
-17
-17
-17
-17
-17
-17
-17
-17
-17
-17
-17
-17

