-23
-30
-39
-44
-45
-47
-46
-43
-40
-35
-24
-10
2
9
10
9
9
8
6
1
-4
-7
-17
-28
-31
-36
-37
-38
-36
-35
-33
-31
-28
-23
-13
-6
-4
0
2
3
4
3
3
2
1
-1
-2
-4
-8
-10
-12
-14
-18
-21
-20
-19
-19
-19
-19
-19
-19
-19
-19
-19
-19
-18
-18
-17
-15
-16
-16
-16
-16
-17
-18
-18
-18
-18
-18
-18
-18
-18
-18
-18
-18
-18
-18
-18
-18
-18
-18
-17
-17
-17
-18
-17
-17
-17
-17
-17
-17
-17
-16
-16
-17
-16
-16
-17
-17
-17

