-17
-17
-17
-18
-21
-24
-26
-27
-27
-27
-28
-28
-27
-24
-21
-15
-10
-9
-8
-8
-12
-13
-14
-14
-14
-12
-11
-10
-6
-1
1
-1
-3
-5
-11
-16
-18
-21
-23
-25
-26
-27
-29
-29
-28
-27
-24
-18
-12
-8
-3
-1
-4
-10
-12
-11
-10
-10
-9
-6
-5
-6
-6
-6
-6
-6
-7
-9
-10
-14
-19
-20
-19
-19
-19
-19
-19
-19
-19
-19
-19
-18
-18
-18
-18
-18
-18
-18
-18
-18
-18
-18
-18
-18
-18
-18
-18
-18
-18
-17
-17
-17
-17
-17
-17
-17
-17
-17
-17
-17
-17
-17
-17
-17
-17
-17
-17
-17
-17
-17
-17
-17
-17
-17
-17
-17
-17
-17
-17
-17

