-17
-17
-17
-17
-21
-26
-31
-38
-42
-45
-48
-46
-42
-30
-7
4
0
-4
-3
1
4
3
2
1
-3
-11
-18
-22
-28
-39
-47
-50
-49
-46
-43
-40
-29
-18
-10
-2
-3
-2
2
-2
-7
-5
-3
-2
-3
-3
-2
-2
-1
-1
-2
-4
-5
-6
-6
-7
-8
-9
-10
-10
-11
-14
-21
-25
-27
-27
-31
-33
-34
-37
-38
-33
-27
-15
-6
-6
-8
-9
-11
-15
-16
-16
-16
-16
-16
-16
-16
-16
-16
-16
-16
-16
-16
-16
-16
-16
-16
-16
-16
-16
-16
-17
-16
-16
-16
-17
-17
-17
-17
-17
-17
-17
-17
-17
-17
-17
-16
-14
-14
-16
-16
-17
-16
-17
-16
-16
-17
-17
-17
-17
-17
-17
-17
-17
-17
-17

