-23
-19
-14
-10
-9
-11
-14
-15
-16
-17
-17
-17
-21
-28
-37
-44
-43
-42
-39
-37
-30
-15
-3
1
-1
-5
-10
-11
-8
-6
-1
1
-2
-3
-5
-9
-20
-29
-29
-35
-39
-40
-40
-38
-35
-30
-18
-9
-6
-4
-4
-6
-7
-7
-6
-5
-5
-7
-13
-15
-11
-9
-7
-2
-3
-5
-6
-8
-12
-17
-20
-20
-20
-20
-20
-19
-19
-19
-19
-19
-19
-19
-19
-19
-19
-18
-18
-18
-18
-18
-18
-18
-18
-18
-18
-18
-18
-18
-18
-18
-18
-18
-17
-17
-17
-17
-17
-17
-17
-17
-17
-17
-17
-17
-17
-17
-17
-17
-17
-17
-17
-17
-17
-17
-17
-17
-17
-17
-17
-17

