-17
-17
-17
-17
-17
-18
-22
-26
-30
-37
-43
-47
-45
-37
-19
-5
0
-5
-5
-1
-2
-7
-12
-21
-26
-31
-34
-36
-36
-37
-38
-35
-23
-8
0
2
0
-1
0
-3
-1
1
1
0
-1
-3
-5
-7
-13
-22
-26
-30
-37
-43
-42
-39
-38
-35
-28
-18
-9
-1
-1
-6
-8
-5
-2
-1
-2
-3
-4
-4
-6
-7
-8
-9
-9
-11
-15
-20
-20
-20
-20
-20
-20
-19
-19
-19
-19
-19
-19
-19
-19
-19
-19
-18
-18
-18
-18
-18
-18
-18
-18
-18
-18
-18
-18
-18
-18
-17
-17
-18
-18
-17
-17
-17
-17
-17
-17
-17
-17
-17
-17
-17
-17
-17
-17
-17
-17
-16
-14
-15
-15
-16
-16
-16
-17
-17
-17
-17

