-45
-44
-41
-33
-22
-10
-4
-3
-4
-4
-1
-3
-5
-6
-7
-7
-6
-4
-1
-1
-1
-1
-2
-4
-7
-18
-29
-33
-33
-31
-30
-26
-17
-9
-10
-12
-12
-12
-12
-12
-12
-12
-12
-12
-11
-9
-9
-9
-9
-14
-15
-8
-7
-6
-6
-6
-8
-10
-16
-21
-26
-28
-29
-31
-35
-40
-45
-43
-38
-30
-19
-11
-3
-2
-4
-6
-8
-8
-8
-7
-8
-14
-15
-12
-10
-9
-8
-8
-8
-9
-10
-11
-13
-15
-17
-21
-21
-21
-21
-21
-20
-20
-20
-20
-20
-20
-19
-19
-19
-19
-19
-19
-19
-19
-19
-19
-18
-18
-18
-18
-18
-18
-18
-18
-18
-18
-18
-18
-18
-18
-18
-18
-18
-18
-18
-17
-17
-17
-17
-17
-17
-17
-17
-17
-17
-17
-17
-17
-17
-17

