-17
-18
-19
-21
-26
-35
-38
-38
-37
-26
-12
-7
-12
-15
-14
-14
-14
-15
-18
-23
-25
-27
-29
-32
-33
-35
-38
-37
-29
-13
1
3
-6
-6
4
8
6
3
1
0
-3
-8
-18
-24
-29
-36
-40
-42
-43
-42
-39
-29
-12
-5
-6
-6
-6
-7
-8
-8
-8
-9
-11
-12
-12
-12
-12
-13
-13
-13
-13
-13
-14
-14
-14
-14
-13
-14
-14
-13
-14
-15
-16
-16
-16
-16
-16
-16
-16
-16
-16
-16
-16
-16
-16
-16
-16
-16
-16
-16
-16
-16
-16
-16
-16
-17
-17
-17
-17
-17

