-29
-36
-44
-45
-44
-49
-52
-46
-34
-18
-2
3
-1
-7
-8
-7
-3
-1
0
-3
-10
-22
-28
-33
-37
-35
-32
-32
-32
-31
-26
-22
-17
-6
4
-4
-14
-14
-12
-12
-12
-13
-14
-14
-14
-14
-14
-15
-15
-15
-15
-14
-14
-13
-12
-5
-1
-2
-3
-4
-3
-3
-5
-6
-8
-10
-14
-19
-19
-19
-19
-19
-19
-19
-19
-18
-18
-18
-18
-18
-18
-18
-18
-18
-18
-18
-17
-17
-17
-17
-17
-17
-18
-18
-18
-17
-17
-17
-17
-17
-17
-17
-17
-17
-17
-17
-17
-17
-17
-17
-17
-17
-17
-17
-17
-17
-17
-17
-17
-17
-17
-17
-17
-17
-17
-17
-17
-17
-17
-17

