-21
-26
-31
-34
-38
-36
-22
-10
-7
-13
-13
-13
-13
-18
-24
-26
-27
-29
-29
-28
-27
-26
-24
-19
-9
-6
-12
-11
-4
0
0
1
-1
-5
-9
-20
-28
-32
-36
-36
-33
-31
-30
-29
-25
-15
-5
0
-1
-3
-6
-8
-3
0
-1
-4
-6
-4
-4
-7
-8
-13
-17
-19
-19
-19
-19
-19
-19
-19
-19
-19
-18
-18
-18
-16
-15
-16
-17
-18
-18
-18
-18
-18
-18
-18
-17
-17
-17
-17
-17
-17
-17
-17
-17
-17
-17
-17
-17
-17
-17
-17
-17
-17
-17
-17
-17
-17
-17
-17
-17
-17
-17
-17
-17
-17
-17
-17
-17
-17

