-10
-11
-12
-18
-23
-26
-27
-25
-22
-17
-11
-9
-6
-7
-11
-10
-8
-3
0
-1
-2
-4
-7
-14
-22
-26
-30
-36
-37
-39
-39
-40
-37
-33
-28
-18
-8
0
1
-2
-5
-6
-6
-6
-8
-13
-14
-14
-14
-14
-14
-12
-6
-3
-3
-5
-6
-8
-13
-19
-19
-19
-19
-19
-18
-18
-18
-18
-18
-18
-18
-18
-18
-18
-18
-18
-18
-17
-16
-16
-16
-17
-17
-17
-17
-17
-18
-18
-18
-18
-17
-17
-17
-17
-17
-17
-17
-17
-17
-17
-17
-17
-17
-17
-17
-17
-17
-17
-17
-17
-17
-17
-17
-17
-17
-17
-17
-17
-17
-17

