-21
-27
-36
-43
-45
-45
-41
-32
-20
-9
-7
-7
-3
-4
-2
4
2
-1
-3
-5
-9
-18
-26
-30
-38
-43
-43
-44
-44
-42
-41
-37
-29
-11
6
4
0
-3
0
0
-1
-1
-1
0
2
1
-1
-2
-4
-6
-10
-16
-21
-22
-27
-36
-41
-43
-45
-43
-35
-23
-10
-7
-4
-4
-5
-6
-9
-12
-12
-13
-14
-15
-15
-15
-15
-16
-16
-16
-16
-16
-16
-16
-16
-16
-16
-16
-14
-15
-16
-16
-16
-16
-16
-17
-17
-18
-20
-21
-21
-19
-17
-15
-11
-13
-16
-16
-16
-16
-16
-16
-16
-16
-16
-16
-17
-17
-17
-17

