3
5
6
-1
-15
-24
-32
-33
-27
-23
-21
-20
-19
-19
-18
-16
-12
-3
10
18
20
18
13
10
7
1
-11
-24
-33
-35
-33
-35
-39
-38
-34
-32
-31
-26
-25
-26
-25
-25
-23
-23
-23
-23
-25
-33
-37
-35
-32
-25
-21
-26
-31
-30
-28
-24
-18
-13
-13
-13
-13
-13
-14
-14
-14
-14
-14
-14
-14
-15
-15
-15
-15
-15
-15
-15
-15
-15
-15
-15
-16
-16
-16
-16
-16
-16
-16
-16
-16
-16
-16
-16
-16
-16
-16
-16
-16
-16
-16
-16
-16
-16
-16
-16
-16
-16
-16
-16
-16
-16
-17
-17
-17
-17
-17
-17
-17
-17

