-32
-25
-11
-3
0
3
11
17
13
9
-1
-21
-32
-30
-30
-30
-29
-27
-25
-24
-24
-23
-23
-22
-22
-22
-22
-22
-21
-21
-21
-21
-20
-20
-20
-20
-20
-20
-19
-19
-19
-19
-19
-19
-18
-18
-18
-19
-20
-19
-20
-20
-21
-21
-24
-26
-24
-20
-19
-18
-18
-15
-12
-9
-9
-7
-4
1
3
4
3
-3
-10
-16
-27
-35
-31
-24
-28
-33
-32
-29
-28
-28
-29
-30
-30
-28
-26
-24
-22
-18
-13
-12
-13
-13
-13
-13
-14
-14
-14
-14
-14
-14
-15
-15
-15
-15
-15
-15
-15
-15
-15
-15
-15
-15
-15
-15
-16
-16
-16
-16
-16
-16
-16
-16
-16
-16
-16
-16
-16
-16
-16
-16
-16
-16
-16
-16
-16
-16
-16
-16
-16
-17
-17
-16
-16
-17
-17
-17

