-8
-24
-35
-45
-37
-24
-26
-27
-26
-26
-25
-24
-23
-23
-22
-22
-22
-22
-21
-21
-21
-21
-21
-21
-20
-20
-20
-20
-20
-19
-19
-19
-19
-19
-19
-19
-19
-19
-19
-24
-30
-28
-28
-29
-30
-35
-35
-35
-35
-32
-30
-28
-20
-10
-9
-9
-7
-2
2
9
15
15
9
7
3
-5
-15
-30
-35
-32
-27
-23
-19
-21
-27
-29
-29
-32
-32
-30
-28
-27
-26
-25
-21
-19
-19
-17
-13
-12
-12
-12
-12
-13
-13
-13
-13
-13
-14
-14
-14
-14
-14
-14
-14
-15
-15
-15
-15
-15
-15
-16
-16
-17
-17
-17
-17
-17
-17
-17
-17
-17
-17
-17
-17
-17
-17
-17
-17
-17
-17
-17
-17
-17
-17
-17
-17
-17
-17
-17
-17
-17
-17
-17
-17
-17
-17
-17
-17
-17

