-43
-39
-36
-27
-11
-6
-3
5
15
15
9
6
1
-19
-46
-53
-51
-47
-42
-40
-39
-38
-36
-35
-35
-35
-35
-34
-31
-26
-24
-22
-21
-15
-13
-13
-13
-14
-14
-14
-14
-14
-14
-14
-11
-4
4
8
8
7
5
1
-2
-7
-12
-16
-22
-31
-36
-36
-34
-33
-32
-34
-35
-35
-33
-31
-28
-26
-25
-23
-21
-20
-19
-15
-12
-8
-5
-5
-2
-2
-7
-9
-9
-9
-11
-13
-16
-18
-22
-24
-25
-22
-21
-23
-22
-22
-22
-22
-22
-21
-19
-18
-18
-17
-17
-17
-17
-16
-15
-15
-15
-15
-15
-15
-16
-16
-16
-16
-16
-16
-16
-16
-16
-16
-16
-16
-16
-16
-16
-16
-16
-16
-16
-16
-16
-16
-16
-16
-16
-16
-16
-16
-16
-16
-17
-17
-17
-17

