-15
-11
-7
-5
-3
0
0
-3
-7
-15
-23
-23
-21
-21
-21
-20
-24
-27
-27
-24
-20
-17
-16
-14
-12
-12
-10
-7
-4
-2
-4
-7
-9
-14
-20
-27
-29
-28
-27
-28
-28
-28
-27
-27
-26
-26
-25
-23
-20
-17
-16
-15
-14
-12
-8
-4
-3
-4
-5
-8
-12
-17
-22
-25
-25
-22
-22
-24
-24
-25
-25
-25
-24
-24
-24
-24
-23
-22
-21
-19
-16
-15
-15
-15
-15
-15
-16
-16
-16
-16
-16
-16
-16
-16
-16
-17
-18
-18
-17
-17
-16
-16
-16
-16
-16
-16
-16
-16
-16
-16
-16
-16
-16
-16
-16
-16
-16
-17
-17
-17
-17
-17
-17
-17
-17
-17
-16
-16
-16
-16
-16
-16
-17
-17
-16
-17
-17
-17
-17
-17

