-4
-4
-3
0
-1
-5
-16
-24
-27
-27
-25
-25
-25
-25
-26
-27
-27
-26
-26
-25
-24
-23
-19
-14
-13
-12
-9
-6
-4
-2
-3
-4
-7
-13
-20
-22
-23
-23
-22
-22
-21
-21
-20
-20
-20
-20
-20
-20
-20
-20
-20
-21
-23
-22
-18
-17
-17
-17
-17
-17
-17
-17
-17
-17
-17
-16
-15
-13
-12
-11
-8
-6
-7
-10
-15
-21
-25
-24
-22
-22
-22
-22
-22
-23
-24
-24
-24
-24
-23
-22
-21
-21
-21
-20
-20
-18
-15
-14
-14
-14
-14
-15
-15
-15
-15
-15
-15
-15
-15
-15
-15
-15
-16
-16
-16
-16
-16
-16
-16
-16
-16
-16
-16
-16
-16
-16
-16
-16
-16
-16
-16
-16
-16
-16
-16
-16
-16
-16
-16
-16
-16
-17
-18
-17
-17
-16
-16
-16
-16
-16

