-11
-9
-7
-6
-7
-7
-5
-6
-9
-13
-17
-21
-26
-25
-25
-25
-25
-25
-26
-25
-24
-23
-23
-22
-20
-16
-15
-15
-14
-12
-11
-11
-10
-10
-10
-11
-13
-15
-18
-22
-24
-21
-22
-24
-24
-23
-23
-22
-22
-21
-19
-16
-15
-16
-16
-16
-16
-16
-16
-16
-16
-16
-16
-16
-16
-16
-16
-16
-16
-16
-16
-16
-16
-16
-16
-16
-16
-17
-16
-16
-17
-17
-17
-17
-17
-17
-17
-17
-17
-17
-17
-17
-17
-17
-17
-17
-17
-17
-17
-17
-17
-17
-17
-17
-17
-17
-17
-17
-17
-17

