-17
-16
-15
-13
-12
-8
-3
0
0
1
1
-1
-3
-11
-22
-26
-27
-29
-24
-23
-27
-29
-28
-26
-24
-25
-26
-25
-23
-21
-17
-14
-11
-9
-8
-5
-3
-2
-3
-4
-4
-7
-12
-19
-23
-24
-27
-29
-29
-28
-25
-25
-25
-25
-26
-26
-24
-24
-23
-22
-22
-22
-21
-19
-16
-14
-14
-12
-9
-6
-5
-5
-3
-3
-6
-8
-11
-15
-20
-25
-21
-16
-17
-21
-25
-27
-25
-24
-24
-24
-24
-23
-23
-23
-22
-21
-19
-17
-15
-15
-15
-16
-16
-16
-16
-16
-16
-16
-16
-16
-16
-16
-16
-16
-16
-16
-16
-16
-16
-16
-16
-16
-16
-16
-16
-16
-16
-16
-16
-16
-17
-17
-17
-17
-17
-17
-17
-17
-17
-17

