-17
-16
-13
-11
-5
-2
-2
-1
-1
-4
-8
-17
-23
-25
-28
-27
-25
-24
-23
-21
-18
-15
-13
-9
-5
-6
-6
-6
-7
-9
-11
-13
-14
-18
-22
-23
-24
-26
-28
-29
-28
-26
-24
-22
-22
-21
-20
-22
-23
-22
-22
-24
-24
-24
-23
-23
-23
-22
-22
-21
-21
-20
-18
-15
-14
-13
-11
-8
-6
-5
-4
-5
-7
-10
-16
-20
-23
-24
-23
-22
-23
-23
-23
-23
-22
-21
-20
-18
-15
-15
-15
-15
-16
-16
-15
-15
-15
-16
-16
-16
-16
-16
-16
-16
-16
-16
-16
-16
-16
-16
-16
-16
-16
-16
-16
-16
-16
-16
-16
-16
-16
-16
-16
-17
-17
-17
-16
-16
-17
-17
-17
-17
-17
-17
-17
-17
-17
-17
-17
-17
-17
-17
-17
-17
-17
-17
-17
-17
-17
-17

