5
3
2
0
-3
-5
-7
-11
-21
-31
-36
-35
-32
-30
-30
-28
-27
-26
-24
-23
-22
-21
-21
-22
-23
-22
-21
-21
-21
-21
-21
-21
-21
-20
-20
-20
-20
-19
-17
-14
-11
-8
-8
-8
-7
-7
-6
-7
-7
-9
-12
-15
-17
-18
-21
-25
-25
-24
-23
-23
-23
-23
-23
-23
-22
-22
-22
-21
-21
-21
-21
-20
-19
-18
-18
-17
-16
-14
-12
-12
-12
-11
-10
-10
-9
-10
-10
-10
-12
-14
-15
-17
-19
-23
-23
-19
-18
-19
-19
-20
-21
-21
-21
-20
-20
-19
-18
-18
-18
-17
-17
-17
-16
-16
-15
-16
-16
-16
-16
-16
-16
-16
-16
-16
-16
-16
-16
-16
-16
-16
-16
-17
-17
-16
-16
-16
-16
-16
-16
-16
-16
-16
-16
-16
-16
-16
-16
-16
-16
-17

