-17
-17
-17
-18
-21
-24
-30
-37
-42
-44
-43
-43
-41
-39
-35
-29
-21
-14
-4
7
9
8
6
5
4
4
4
1
-5
-7
-9
-13
-21
-25
-28
-33
-36
-36
-36
-36
-34
-32
-29
-26
-22
-16
-8
0
1
-1
-1
0
0
-1
-2
-3
-4
-5
-5
-5
-7
-9
-10
-11
-11
-12
-14
-17
-21
-22
-21
-22
-24
-25
-26
-26
-26
-25
-23
-22
-21
-20
-17
-10
-8
-10
-9
-8
-7
-9
-11
-13
-14
-16
-17
-17
-18
-18
-19
-20
-19
-19
-19
-19
-19
-19
-19
-19
-19
-18
-18
-18
-18
-18
-18
-18
-18
-18
-18
-18
-18
-18
-18
-18
-18
-18
-17
-17
-17
-17
-17
-17
-17
-17
-17
-17
-17
-17
-17
-17

