0
0
-1
-6
-19
-27
-28
-27
-25
-25
-24
-23
-20
-15
-13
-10
-7
-5
-5
-4
-5
-13
-21
-26
-27
-26
-29
-29
-28
-26
-25
-25
-25
-24
-24
-23
-22
-22
-22
-22
-21
-17
-12
-11
-8
-4
-1
-1
-1
-1
-2
-3
-6
-11
-14
-17
-20
-24
-30
-32
-31
-30
-26
-25
-25
-25
-25
-24
-23
-22
-22
-22
-22
-21
-20
-18
-15
-12
-11
-10
-9
-8
-8
-8
-8
-9
-9
-11
-15
-18
-23
-25
-21
-20
-22
-23
-23
-23
-22
-22
-21
-20
-19
-19
-18
-18
-17
-16
-15
-15
-15
-15
-15
-16
-16
-16
-16
-16
-16
-16
-16
-16
-16
-18
-19
-19
-18
-17
-17
-17
-17
-16
-16
-16
-16
-16
-16
-16
-16
-16
-16
-16
-16
-16
-16
-16
-16
-16
-16
-16

