-17
-17
-17
-15
-13
-12
-9
-4
-1
0
1
1
1
0
-1
-5
-11
-22
-28
-26
-25
-26
-28
-29
-28
-27
-26
-26
-27
-28
-27
-25
-25
-25
-25
-25
-25
-24
-21
-17
-13
-10
-10
-9
-6
-3
-3
-4
-6
-10
-15
-21
-24
-21
-24
-24
-24
-25
-26
-26
-25
-24
-23
-22
-22
-21
-18
-15
-16
-16
-15
-14
-14
-12
-9
-7
-6
-6
-8
-12
-20
-21
-17
-17
-20
-24
-25
-24
-23
-23
-23
-22
-21
-20
-19
-18
-17
-17
-17
-16
-16
-16
-16
-16
-16
-16
-16
-16
-16
-16
-16
-16
-16
-16
-16
-16
-16
-16
-16
-16
-16
-16
-16
-16
-16
-16
-16
-16
-16
-17
-17
-17
-17
-17
-17
-17
-17
-17
-17
-17

