-13
-9
-6
-3
0
1
0
-2
-3
-8
-17
-25
-27
-26
-24
-24
-26
-28
-27
-27
-26
-24
-23
-19
-15
-14
-13
-10
-7
-5
-4
-4
-3
-3
-6
-12
-20
-25
-27
-27
-26
-26
-25
-26
-26
-26
-25
-25
-25
-25
-24
-22
-22
-19
-15
-14
-14
-12
-9
-7
-5
-4
-4
-5
-6
-9
-13
-19
-21
-21
-22
-23
-23
-22
-21
-19
-18
-18
-18
-18
-18
-18
-18
-18
-18
-18
-18
-18
-18
-18
-17
-17
-17
-17
-17
-17
-17
-17
-17
-17
-17
-17
-17
-17
-17
-17
-17
-17
-17
-17
-17
-17
-17
-17
-17
-17
-17
-17
-17
-17
-17
-17
-17
-17
-17
-17
-17
-17
-17
-17

