-5
-9
-16
-25
-28
-26
-26
-27
-28
-27
-26
-27
-28
-27
-27
-26
-25
-24
-22
-22
-22
-20
-16
-15
-15
-15
-14
-13
-12
-10
-9
-8
-6
-5
-6
-10
-17
-20
-20
-20
-20
-20
-20
-20
-20
-20
-19
-19
-19
-19
-19
-19
-20
-20
-18
-17
-17
-17
-17
-17
-17
-17
-17
-17
-17
-17
-17
-17
-17
-17
-17
-17
-17
-17
-17
-17
-17
-17
-17
-17
-17
-17
-17
-17
-17
-17
-17
-17
-17
-17
-17
-17
-17
-17
-17
-17
-17
-17
-17
-17
-17
-17
-17
-17
-17
-16
-10
-5
-4
-5
-5
-7
-12
-18
-21
-20
-20
-20
-20
-20
-20
-19
-19
-19
-19
-19
-19
-19
-18
-18
-18
-18
-18
-18
-18
-18
-18
-18
-18
-18
-18
-18
-18
-18
-18
-18
-17
-17
-17
-17

