-4
-2
-2
-6
-13
-22
-26
-24
-21
-23
-24
-26
-26
-24
-22
-18
-17
-17
-16
-14
-12
-10
-8
-6
-5
-5
-10
-17
-21
-21
-21
-21
-21
-21
-21
-21
-21
-21
-19
-19
-19
-19
-19
-19
-19
-18
-18
-19
-21
-19
-18
-18
-18
-17
-17
-15
-14
-13
-12
-11
-11
-11
-14
-18
-21
-17
-16
-18
-21
-23
-25
-26
-26
-24
-23
-22
-20
-21
-22
-20
-17
-15
-15
-15
-15
-15
-15
-16
-16
-16
-16
-16
-16
-16
-16
-16
-16
-16
-16
-16
-16
-16
-16
-16
-16
-16
-16
-16
-16
-16
-16
-16
-16
-16
-16
-16
-16
-16
-16
-16
-16
-17
-16
-16
-17
-17
-17
-17
-17
-17
-17
-17
-17
-17
-17
-17
-17
-17
-17
-17

