-21
-26
-36
-41
-42
-42
-42
-44
-42
-38
-35
-29
-18
-6
4
8
8
7
6
4
3
3
2
-3
-7
-9
-16
-28
-32
-37
-39
-39
-38
-37
-34
-32
-29
-25
-22
-18
-15
-11
-7
-2
0
0
0
-1
-1
-1
-3
-5
-4
-4
-4
-3
-4
-6
-7
-8
-9
-10
-11
-13
-14
-16
-16
-17
-19
-20
-22
-21
-21
-21
-21
-21
-20
-20
-20
-20
-20
-20
-19
-19
-19
-19
-19
-19
-19
-19
-19
-19
-18
-18
-18
-18
-18
-18
-18
-18
-18
-18
-18
-18
-18
-18
-18
-18
-18
-17
-17
-17
-17
-17
-17
-17
-17
-17
-17
-17
-17
-17
-17
-17
-17
-17
-17
-17
-17
-17

