-11
-7
-5
-2
-2
-3
-3
-4
-8
-14
-22
-25
-24
-23
-23
-23
-22
-22
-22
-21
-21
-21
-21
-21
-21
-20
-20
-20
-20
-20
-20
-19
-19
-18
-14
-10
-10
-12
-14
-19
-24
-25
-22
-20
-20
-22
-25
-26
-27
-25
-25
-26
-27
-27
-26
-24
-21
-20
-18
-12
-7
-8
-6
-5
-4
-4
-5
-6
-7
-8
-11
-15
-20
-24
-25
-24
-24
-24
-22
-22
-23
-24
-25
-26
-26
-24
-23
-22
-20
-16
-14
-14
-14
-14
-14
-14
-14
-15
-15
-15
-15
-16
-19
-19
-16
-16
-16
-16
-17
-18
-19
-19
-17
-15
-15
-15
-15
-15
-15
-15
-15
-16
-16
-16
-16
-16
-16
-16
-16
-17
-17
-16
-16
-16
-16
-16
-16
-16
-17
-17
-17
-17
-17
-16
-16
-16
-16
-16
-16
-16

