-14
-12
-12
-8
-4
-2
-3
-4
-10
-18
-20
-21
-23
-23
-21
-21
-27
-29
-27
-23
-20
-17
-16
-16
-14
-12
-10
-7
-4
-4
-7
-8
-8
-8
-11
-18
-25
-25
-25
-26
-27
-28
-28
-25
-24
-25
-27
-27
-26
-28
-29
-29
-28
-28
-27
-24
-21
-18
-15
-15
-15
-16
-15
-15
-14
-13
-10
-8
-12
-15
-15
-15
-16
-20
-17
-17
-22
-22
-22
-21
-20
-19
-18
-17
-16
-16
-16
-16
-16
-16
-16
-16
-16
-16
-16
-16
-16
-16
-16
-16
-16
-17
-17
-16
-16
-17
-17
-17
-17
-17
-17
-17
-17
-17
-17
-17
-17
-17
-17
-17
-17
-17
-17
-17
-17
-17
-17
-17
-17
-17

