-29
-30
-31
-29
-28
-28
-27
-26
-25
-22
-17
-11
-7
-5
-4
-2
1
2
0
-9
-20
-25
-29
-28
-27
-30
-28
-28
-28
-27
-27
-25
-24
-21
-16
-13
-12
-11
-9
-7
-5
-2
0
1
-4
-14
-21
-25
-27
-27
-25
-26
-27
-26
-27
-27
-26
-25
-24
-22
-20
-16
-13
-13
-12
-11
-9
-7
-6
-5
-5
-6
-9
-13
-20
-25
-19
-16
-20
-20
-21
-24
-26
-26
-25
-24
-23
-21
-20
-19
-19
-18
-17
-16
-15
-16
-16
-16
-16
-16
-16
-16
-16
-16
-16
-16
-16
-16
-16
-16
-16
-17
-17
-16
-16
-16
-16
-16
-16
-16
-16
-16
-16
-16
-16
-17
-17
-17
-17
-17
-17
-17
-17
-17
-17
-17
-17
-17
-17
-17
-17
-17
-17
-17
-17
-17
-17
-17
-17
-17

