-14
-9
-2
1
0
-2
-4
-5
-9
-16
-23
-28
-26
-23
-24
-24
-25
-28
-28
-28
-26
-25
-22
-18
-16
-15
-12
-9
-7
-6
-4
-2
-1
-3
-9
-16
-22
-27
-27
-25
-26
-28
-29
-28
-27
-26
-26
-26
-25
-23
-20
-16
-15
-15
-15
-15
-15
-13
-12
-10
-8
-5
-3
-5
-11
-19
-21
-15
-15
-15
-15
-15
-16
-19
-24
-25
-26
-22
-18
-17
-17
-16
-16
-16
-16
-16
-16
-16
-17
-18
-21
-20
-18
-18
-18
-20
-18
-17
-17
-17
-17
-17
-17
-17
-17
-17
-17
-17
-17
-17
-17
-17
-17
-17
-17
-17
-17
-17
-17
-16
-16
-16
-16
-16
-16
-16
-16
-17
-17
-18

