-17
-17
-20
-23
-30
-38
-44
-46
-45
-44
-43
-39
-35
-32
-27
-21
-17
-11
-5
-2
5
8
8
6
3
2
1
2
2
3
2
-2
-7
-9
-12
-20
-31
-37
-41
-39
-37
-35
-32
-29
-24
-19
-16
-12
-10
-9
-9
-10
-11
-11
-12
-12
-12
-13
-13
-13
-13
-14
-14
-14
-13
-10
-7
-4
-2
-2
-3
-5
-6
-7
-8
-8
-10
-12
-14
-15
-17
-19
-21
-23
-23
-22
-22
-22
-21
-21
-21
-20
-20
-20
-19
-19
-19
-17
-15
-13
-13
-16
-18
-18
-17
-17
-17
-18
-18
-18
-18
-18
-18
-18
-18
-18
-18
-18
-18
-18
-18
-18
-18
-18
-18
-18
-18
-18
-18
-18
-18
-18
-18
-18
-18
-18
-17
-17
-17
-17

