1
2
0
-2
-3
-9
-18
-26
-29
-25
-25
-28
-27
-28
-29
-27
-27
-27
-25
-21
-16
-15
-15
-13
-12
-8
-5
-2
-2
-3
-4
-5
-12
-21
-23
-22
-22
-22
-21
-21
-21
-20
-20
-20
-20
-20
-20
-20
-19
-19
-19
-19
-19
-19
-19
-19
-19
-18
-18
-18
-18
-17
-16
-16
-17
-20
-19
-18
-21
-26
-27
-28
-28
-25
-24
-23
-20
-14
-11
-12
-11
-10
-9
-10
-10
-11
-12
-13
-15
-20
-19
-17
-17
-17
-17
-17
-17
-17
-17
-17
-17
-17
-17
-17
-17
-17
-17
-17
-17
-17
-17
-17
-17
-17
-17
-17
-17
-17
-17
-17
-17
-17
-17
-17
-17
-17
-17
-17
-17
-17
-17
-17
-17
-17
-17
-17
-17
-17
-17
-17
-17
-17
-17
-17
-17
-17
-17
-17
-17
-17

