-15
-13
-11
-5
4
6
1
-2
-5
-9
-16
-24
-29
-29
-27
-26
-28
-29
-30
-30
-28
-27
-26
-23
-18
-15
-15
-13
-9
-3
1
1
-1
-3
-4
-9
-16
-22
-26
-26
-25
-24
-24
-23
-23
-21
-21
-23
-22
-22
-22
-24
-27
-27
-24
-24
-23
-20
-16
-14
-14
-13
-9
-6
-4
-3
-3
-4
-6
-9
-13
-18
-24
-25
-23
-23
-22
-22
-26
-27
-26
-26
-25
-24
-22
-20
-19
-17
-15
-15
-15
-15
-15
-15
-15
-15
-15
-15
-16
-16
-16
-16
-16
-18
-20
-19
-18
-17
-16
-16
-16
-17
-17
-16
-16
-16
-16
-16
-16
-16
-16
-16
-16
-16
-16
-16
-16
-16
-17
-18
-17
-17
-17
-16
-16
-16
-16
-16
-16
-16
-16
-16
-16
-16
-16
-16
-16
-16
-17
-17

