-18
-18
-16
-15
-15
-12
-7
-5
-5
-4
-3
-6
-9
-13
-19
-23
-25
-25
-23
-24
-24
-22
-21
-19
-15
-13
-12
-10
-9
-9
-12
-15
-19
-23
-23
-20
-19
-19
-19
-19
-19
-21
-27
-28
-28
-27
-25
-23
-20
-16
-15
-14
-13
-10
-7
-3
-1
-1
-3
-5
-8
-14
-20
-27
-27
-25
-24
-24
-26
-28
-28
-27
-26
-25
-25
-25
-24
-22
-19
-15
-15
-15
-15
-15
-15
-15
-15
-15
-15
-15
-16
-16
-18
-19
-18
-16
-16
-16
-16
-16
-16
-16
-16
-16
-16
-16
-16
-16
-16
-16
-16
-16
-16
-16
-16
-16
-16
-17
-17
-16
-16
-16
-16
-16
-16
-16
-16
-16
-16
-16
-17
-17
-17
-17
-17
-17
-17
-17
-17
-17

