-25
-26
-27
-27
-28
-28
-28
-29
-31
-31
-30
-28
-27
-26
-23
-18
-15
-10
-5
-3
-1
0
0
-2
-8
-18
-22
-23
-24
-23
-22
-22
-22
-22
-23
-24
-25
-25
-25
-25
-26
-29
-28
-27
-25
-25
-23
-22
-22
-21
-17
-13
-12
-11
-8
-4
-2
-1
0
1
0
-3
-7
-12
-18
-24
-25
-25
-26
-26
-25
-25
-25
-23
-24
-24
-24
-24
-25
-24
-23
-23
-22
-22
-21
-20
-19
-16
-13
-13
-14
-14
-14
-14
-14
-14
-14
-14
-15
-15
-15
-15
-15
-15
-15
-15
-15
-16
-18
-19
-20
-20
-19
-17
-16
-15
-15
-15
-15
-15
-15
-15
-16
-16
-16
-16
-16
-16
-16
-16
-16
-16
-16
-16
-16
-16
-16
-17
-18
-18
-18
-17
-17
-16
-16
-16
-16
-16
-16
-16

