-31
-32
-33
-34
-33
-30
-27
-27
-24
-20
-16
-11
-9
-7
-5
-3
-1
1
3
3
0
-5
-9
-11
-15
-22
-29
-33
-32
-31
-30
-29
-30
-29
-29
-28
-27
-29
-26
-24
-24
-25
-26
-25
-25
-23
-18
-15
-15
-15
-15
-16
-16
-16
-16
-16
-16
-16
-16
-16
-16
-16
-16
-14
-7
-3
-2
-3
-4
-4
-10
-19
-21
-23
-25
-24
-23
-23
-23
-24
-24
-24
-23
-23
-23
-24
-25
-26
-24
-21
-23
-23
-21
-18
-15
-13
-11
-8
-8
-9
-9
-9
-10
-10
-10
-11
-11
-11
-12
-12
-12
-12
-12
-13
-13
-14
-15
-15
-15
-15
-15
-15
-14
-14
-14
-14
-14
-14
-14
-15
-15
-15
-15
-15
-15
-15
-15
-15
-15
-15
-16
-16
-16
-16
-16
-16
-16
-16
-16
-16

