-38
-44
-46
-48
-46
-39
-31
-24
-16
-5
5
7
8
7
5
2
-1
-4
-6
-8
-13
-24
-30
-35
-40
-42
-41
-38
-35
-33
-31
-28
-24
-16
-8
-3
2
4
4
3
2
2
0
-2
-3
-4
-4
-5
-5
-6
-7
-10
-13
-15
-20
-24
-23
-23
-24
-24
-23
-23
-23
-24
-25
-25
-25
-22
-18
-11
-8
-11
-10
-8
-7
-7
-9
-10
-11
-13
-15
-16
-17
-18
-18
-18
-19
-20
-19
-19
-19
-19
-19
-19
-19
-18
-18
-18
-18
-18
-18
-18
-18
-17
-17
-16
-15
-16
-18
-18
-18
-17
-17
-17
-17
-18
-18
-18
-18
-18
-18
-18
-18
-18
-17
-17
-17
-17
-17
-17
-17
-16
-16
-16
-16
-17
-17
-17
-17
-17

