-24
-23
-22
-21
-21
-21
-20
-19
-17
-11
-7
-6
-6
-6
-7
-7
-6
-6
-10
-15
-19
-19
-18
-17
-17
-17
-17
-17
-17
-17
-17
-17
-17
-17
-17
-17
-17
-17
-17
-17
-17
-17
-19
-23
-24
-27
-28
-26
-23
-22
-19
-16
-9
-8
-9
-6
-5
-5
-7
-7
-9
-8
-8
-12
-21
-30
-28
-28
-27
-25
-26
-25
-23
-21
-20
-19
-18
-16
-14
-13
-12
-10
-10
-12
-10
-9
-8
-7
-6
-7
-8
-10
-13
-15
-17
-19
-27
-29
-25
-24
-24
-23
-21
-19
-17
-16
-16
-16
-16
-16
-16
-15
-15
-16
-16
-16
-15
-14
-14
-18
-18
-18
-18
-18
-18
-18
-18
-18
-18
-18
-18
-17
-17
-18
-18
-18
-18
-18
-17
-17
-18
-18
-18
-18
-17
-17
-16
-16
-17
-17

