-19
-20
-20
-21
-22
-23
-24
-25
-25
-26
-27
-27
-26
-26
-26
-26
-25
-24
-23
-24
-24
-23
-20
-13
-8
-5
-4
-5
-6
-7
-8
-12
-17
-21
-27
-33
-32
-33
-33
-33
-32
-31
-29
-28
-27
-26
-23
-19
-13
-15
-18
-18
-18
-17
-17
-15
-13
-9
-8
-8
-8
-7
-7
-9
-14
-21
-27
-29
-29
-29
-28
-27
-25
-24
-23
-23
-23
-22
-21
-18
-16
-16
-16
-13
-13
-16
-16
-16
-16
-16
-16
-16
-16
-16
-16
-16
-16
-16
-16
-17
-18
-18
-18
-17
-16
-16
-17
-16
-16
-16
-16
-16
-15
-14
-16
-16
-16
-16
-17
-17
-17
-17
-17
-17
-17
-17
-16
-16
-16
-16
-16
-16
-17
-17
-17
-17
-17
-17
-17
-16

