-3
0
1
1
3
3
2
-3
-14
-30
-39
-39
-38
-34
-31
-30
-29
-27
-28
-27
-22
-9
-5
-7
-5
-3
-1
0
0
-1
-3
-5
-8
-14
-20
-25
-33
-33
-33
-33
-33
-33
-33
-32
-31
-30
-28
-27
-26
-25
-23
-22
-19
-12
-8
-12
-10
-8
-5
-3
-3
-4
-4
-5
-7
-12
-16
-22
-31
-31
-30
-28
-27
-26
-25
-24
-23
-22
-20
-19
-18
-18
-17
-16
-15
-12
-11
-15
-15
-15
-15
-15
-15
-16
-16
-16
-16
-16
-18
-20
-19
-18
-18
-17
-16
-13
-12
-16
-16
-16
-16
-16
-16
-17
-16
-16
-16
-16
-16
-16
-18
-18
-18
-18
-17
-16
-17
-17
-17
-17
-16
-16
-14
-15
-16
-16
-16
-16
-16
-16

