-17
-17
-17
-15
-13
-10
-3
-3
-5
-11
-17
-23
-28
-21
-18
-19
-19
-22
-23
-19
-15
-16
-18
-12
-5
-2
-2
-2
0
2
2
-1
-11
-23
-32
-35
-34
-28
-27
-32
-32
-31
-29
-28
-27
-27
-25
-22
-14
-9
-10
-6
-1
2
1
0
0
-3
-8
-13
-18
-22
-26
-32
-29
-27
-29
-24
-19
-24
-25
-24
-23
-25
-27
-25
-24
-23
-20
-20
-21
-20
-18
-12
-11
-16
-16
-16
-16
-16
-16
-16
-16
-16
-16
-16
-16
-16
-16
-17
-19
-19
-18
-18
-17
-17
-17
-16
-16
-16
-16
-16
-16
-15
-16
-16
-16
-16
-16
-16
-16
-16
-16
-16
-16
-16
-16
-16
-16
-16
-16
-16
-16
-16
-17
-17
-16
-16
-17
-17

