-17
-17
-17
-17
-15
-11
-6
-1
2
4
8
10
9
9
4
-7
-22
-33
-32
-24
-25
-25
-26
-32
-36
-34
-32
-31
-31
-30
-29
-27
-24
-17
-11
-11
-7
-3
0
4
5
5
1
-4
-9
-16
-20
-23
-32
-30
-25
-26
-26
-25
-26
-28
-30
-31
-27
-26
-27
-28
-27
-27
-26
-25
-24
-23
-21
-16
-12
-13
-15
-13
-13
-12
-9
-5
-2
-2
-4
-6
-9
-12
-15
-21
-27
-24
-21
-20
-21
-21
-20
-19
-18
-18
-18
-18
-19
-22
-20
-20
-19
-19
-19
-17
-14
-16
-16
-17
-17
-17
-17
-17
-17
-17
-17
-17
-17
-17
-16
-16
-16
-17
-17
-18
-18
-18
-18
-17
-17
-17
-17
-17
-16
-16
-15
-16
-16
-16

