-17
-17
-21
-30
-36
-38
-41
-43
-44
-44
-42
-40
-38
-37
-31
-24
-18
-10
-4
-3
1
7
8
7
6
5
4
4
3
2
0
-2
-3
-3
-4
-8
-11
-15
-27
-31
-31
-33
-35
-36
-36
-34
-33
-29
-22
-14
-11
-9
-4
-1
-1
-3
-4
-4
-3
-3
-3
-5
-7
-8
-9
-10
-12
-14
-16
-19
-21
-21
-20
-20
-20
-20
-20
-20
-20
-19
-19
-19
-19
-17
-17
-18
-17
-17
-16
-15
-15
-19
-19
-19
-19
-19
-18
-18
-18
-18
-18
-18
-18
-18
-18
-18
-18
-18
-18
-18
-18
-18
-18
-18
-17
-17
-17
-17
-17
-17
-17
-17
-17
-17
-17
-17
-17
-17
-17
-17

