-17
-17
-17
-17
-17
-16
-14
-11
-16
-17
-17
-17
-17
-17
-17
-17
-17
-17
-17
-17
-17
-17
-16
-16
-15
-15
-16
-17
-17
-18
-17
-16
-16
-16
-17
-17
-17
-17
-18
-18
-17
-17
-17
-16
-13
-15
-17
-17
-17
-17
-17
-17
-17
-17
-16
-16
-18
-18
-18
-17
-15
-12
-15
-17
-16
-15
-11
-6
-2
-2
-2
-1
-2
-4
-7
-11
-16
-20
-23
-29
-31
-29
-29
-29
-27
-26
-24
-24
-23
-22
-19
-18
-19
-18
-17
-13
-12
-18
-18
-18
-18
-18
-18
-18
-18
-18
-18
-18
-18
-17
-17
-17
-16
-16
-20
-20
-19
-18
-17
-18
-17
-17
-17
-13
-10
-15
-17
-18
-17
-17
-17
-17
-17
-17
-17
-16
-16
-17
-20
-20
-18
-17
-17
-17
-17
-17
-17
-17
-15
-12

