-16
-17
-17
-17
-15
-9
0
5
8
17
21
18
12
-1
-17
-28
-36
-35
-36
-37
-34
-32
-34
-33
-30
-24
-15
-10
-13
-9
-5
-1
3
5
4
4
2
0
-2
-6
-14
-25
-30
-29
-28
-29
-29
-27
-26
-25
-25
-24
-24
-23
-23
-23
-23
-22
-22
-22
-21
-21
-21
-21
-21
-21
-21
-21
-22
-22
-22
-22
-22
-22
-24
-24
-24
-24
-25
-20
-20
-20
-19
-18
-17
-15
-15
-17
-17
-16
-14
-15
-15
-16
-16
-15
-16
-16
-16
-16
-16
-16
-18
-21
-19
-18
-20
-19
-18
-18
-18
-18
-17
-16
-11
-11
-15
-16
-16
-16
-16
-16
-16
-16
-16
-16
-16
-15
-17
-18
-18
-18
-18
-18
-18
-17
-17
-17
-17
-16

