-36
-37
-40
-40
-40
-38
-36
-34
-30
-24
-13
-5
-8
0
13
12
9
10
7
-1
-17
-27
-30
-31
-28
-27
-26
-27
-27
-26
-25
-24
-24
-24
-23
-23
-21
-20
-21
-21
-21
-20
-20
-20
-20
-19
-19
-20
-21
-19
-19
-20
-26
-35
-35
-33
-30
-26
-21
-13
-3
-6
-5
0
3
5
8
6
0
-7
-14
-18
-23
-31
-27
-24
-24
-25
-27
-27
-26
-25
-24
-24
-23
-22
-22
-21
-20
-19
-19
-18
-18
-18
-18
-17
-16
-13
-12
-16
-16
-17
-17
-17
-17
-17
-17
-17
-17
-17
-17
-17
-17
-17
-16
-16
-16
-16
-16
-18
-18
-18
-18
-17
-17
-17
-16
-16
-16
-16
-16
-16
-16
-16
-17
-17
-17
-17
-17
-17
-17
-17
-17
-17
-16
-16
-16
-16
-16
-16

