14
18
19
15
13
12
4
-13
-29
-31
-32
-31
-32
-34
-37
-39
-37
-37
-36
-33
-28
-19
-2
4
5
9
12
12
10
8
5
0
-5
-10
-14
-19
-26
-30
-31
-31
-32
-30
-29
-28
-26
-26
-25
-25
-24
-24
-24
-24
-24
-25
-25
-24
-24
-25
-25
-27
-29
-30
-30
-30
-29
-26
-21
-19
-20
-20
-20
-20
-21
-21
-20
-18
-14
-8
-13
-16
-16
-16
-16
-16
-16
-16
-16
-16
-16
-15
-15
-18
-19
-19
-19
-19
-18
-17
-17
-16
-16
-16
-16
-16
-16
-16
-15
-12
-15
-16
-16
-16
-16
-16
-16
-16
-16
-16
-16
-16
-15
-15
-16
-18
-18
-18
-17
-17
-17
-17

