16
21
23
27
32
31
16
-4
-21
-37
-43
-41
-43
-44
-44
-42
-39
-32
-25
-11
0
-1
4
8
11
12
9
5
0
-4
-15
-27
-35
-35
-32
-31
-32
-31
-30
-31
-31
-29
-29
-31
-31
-22
-22
-22
-22
-22
-22
-21
-21
-20
-19
-19
-19
-19
-19
-19
-18
-18
-19
-18
-19
-28
-28
-21
-22
-22
-22
-24
-23
-19
-18
-18
-19
-20
-19
-19
-17
-15
-17
-17
-17
-17
-17
-17
-17
-17
-17
-17
-17
-17
-17
-16
-16
-15
-17
-19
-19
-19
-18
-17
-17
-17
-16
-16
-16
-16

