-15
-18
-18
-18
-17
-17
-13
-1
13
19
24
26
23
23
19
6
-13
-28
-36
-35
-36
-38
-37
-36
-37
-36
-34
-31
-27
-23
-14
-7
-12
-8
0
4
9
14
13
6
-7
-21
-27
-28
-32
-33
-31
-31
-32
-30
-29
-31
-32
-27
-19
-22
-22
-22
-22
-21
-21
-20
-20
-21
-20
-20
-20
-19
-19
-19
-19
-19
-19
-19
-17
-18
-24
-26
-21
-22
-23
-22
-22
-20
-18
-14
-11
-15
-17
-17
-17
-17
-17
-17
-17
-17
-16
-15
-17
-20
-21
-20
-18
-18
-17
-17
-16
-11
-10
-16
-17
-17
-17
-17
-17
-17
-17
-17
-17
-17

