0
1
0
-2
-6
-9
-17
-35
-43
-45
-43
-43
-44
-41
-39
-36
-31
-22
-15
-3
6
7
6
5
4
3
1
0
0
-1
-3
-4
-4
-8
-11
-13
-18
-23
-23
-24
-26
-28
-32
-33
-33
-32
-30
-27
-22
-17
-13
-9
-5
-6
-7
-5
-3
-4
-6
-7
-7
-8
-8
-9
-10
-12
-14
-15
-16
-16
-17
-18
-20
-20
-20
-20
-20
-20
-20
-19
-19
-19
-19
-19
-19
-19
-19
-18
-18
-18
-18
-18
-18
-17
-17
-16
-16
-16
-16
-16
-16
-17
-18
-18
-18
-18
-18
-18
-18
-18
-18
-18
-18
-18
-18
-18
-18
-17
-17
-17
-17
-17
-17
-17
-17
-17
-17
-17
-17
-17

