22
13
12
13
8
-6
-21
-28
-29
-29
-31
-32
-31
-30
-29
-28
-27
-26
-26
-26
-25
-25
-26
-26
-26
-28
-32
-33
-27
-21
-15
-15
-16
-17
-17
-17
-17
-16
-14
-11
-3
3
4
0
-6
-7
-7
-13
-28
-34
-34
-31
-24
-19
-17
-17
-17
-18
-17
-16
-15
-15
-15
-15
-15
-13
-12
-12
-12
-12
-12
-12
-13
-16
-17
-15
-14
-23
-31
-33
-32
-32
-31
-29
-28
-26
-23
-20
-19
-18
-17
-17
-16
-11
-3
-7
-13
-15
-17
-17
-18
-18
-18
-18
-18
-18
-17
-15
-12
-13
-18
-21
-22
-21
-19
-18
-17
-17
-17
-16
-13
-9
-12
-15
-16
-16
-17
-17
-17
-17
-18
-18
-18
-17
-17
-17
-16
-14
-13
-15
-19
-20
-19
-18
-18
-17
-17
-17
-17
-15

