-17
-17
-17
-18
-20
-27
-35
-41
-43
-43
-43
-41
-38
-32
-23
-12
-4
1
2
2
1
3
1
-1
-1
-2
-3
-4
-6
-9
-11
-14
-22
-28
-25
-28
-35
-39
-38
-37
-35
-34
-32
-30
-26
-19
-10
-1
1
-1
-4
-3
0
-1
-2
-4
-6
-7
-8
-8
-9
-10
-11
-14
-18
-19
-18
-15
-11
-9
-10
-11
-12
-12
-14
-12
-11
-13
-19
-22
-21
-21
-21
-21
-21
-20
-20
-20
-20
-20
-20
-19
-19
-19
-19
-19
-19
-19
-19
-18
-18
-18
-18
-18
-18
-18
-18
-18
-18
-18
-18
-18
-18
-18
-17
-17
-17
-17
-17
-17
-17
-17
-17
-17
-17
-17
-17
-17
-17
-17
-17
-17
-17
-17
-17
-17
-17
-17
-17
-17

