-14
-17
-20
-22
-24
-26
-26
-26
-25
-24
-23
-23
-22
-21
-21
-19
-18
-17
-15
-15
-15
-15
-16
-15
-15
-16
-16
-16
-16
-16
-16
-17
-18
-18
-18
-18
-17
-17
-16
-15
-15
-14
-12
-11
-9
-8
-7
-7
-8
-8
-8
-10
-13
-14
-17
-19
-20
-23
-25
-26
-27
-27
-26
-25
-25
-23
-21
-21
-21
-21
-21
-21
-20
-19
-19
-17
-14
-13
-10
-11
-11
-10
-10
-10
-10
-11
-11
-11
-11
-12
-14
-18
-24
-26
-26
-26
-25
-23
-21
-21
-22
-22
-22
-21
-19
-19
-16
-14
-15
-15
-15
-14
-14
-14
-15
-15
-15
-16
-16
-16
-18
-19
-18
-18
-18
-18
-18
-17
-17
-17
-16
-15
-15
-15
-15
-16
-16
-16
-16
-16
-16
-16
-16
-16
-16
-16
-16
-16
-16
-16

