-17
-16
-14
-12
-12
-11
-10
-9
-8
-9
-11
-14
-18
-25
-25
-24
-25
-28
-27
-26
-25
-24
-24
-23
-21
-18
-15
-15
-15
-13
-10
-9
-9
-8
-8
-7
-8
-10
-12
-14
-17
-21
-23
-23
-23
-23
-24
-27
-27
-26
-25
-24
-24
-23
-23
-23
-23
-21
-20
-18
-15
-13
-13
-13
-13
-12
-11
-11
-11
-11
-13
-12
-13
-14
-16
-19
-20
-19
-18
-18
-18
-18
-18
-20
-20
-20
-19
-18
-15
-15
-15
-15
-15
-15
-15
-15
-15
-15
-15
-15
-16
-16
-16
-16
-16
-16
-16
-16
-16
-16
-16
-16
-16
-17
-17
-17
-18
-18
-17
-17

