-17
-17
-17
-17
-16
-15
-14
-12
-18
-21
-14
-8
-14
-13
-4
7
11
12
13
14
13
13
12
10
4
-1
-5
-14
-22
-27
-29
-35
-38
-34
-32
-29
-29
-31
-31
-30
-31
-35
-38
-39
-39
-38
-37
-33
-28
-23
-20
-17
-10
-10
-16
-17
-17
-16
-16
-16
-16
-15
-12
-11
-20
-24
-24
-22
-19
-15
-3
-8
-17
-18
-18
-18
-18
-17
-14
-10
-16
-23
-24
-22
-20
-20
-19
-19
-17
-6
-5
-16
-18
-18
-18
-18
-18
-18
-18
-18
-18
-14
-10
-16
-21
-22
-22
-21
-19
-19
-19
-18
-18
-15
-5
-9
-17
-18
-18
-18

