-13
-18
-21
-19
-18
-18
-15
-8
-13
-18
-18
-18
-18
-18
-18
-18
-18
-18
-17
-16
-16
-20
-20
-18
-14
-8
-15
-18
-17
-17
3
50
62
60
57
54
50
43
27
3
-18
-30
-41
-46
-44
-43
-42
-40
-36
-31
-27
-14
1
-1
2
9
16
19
20
16
13
9
1
-6
-14
-27
-46
-54
-54
-53
-51
-49
-46
-44
-42
-40
-39
-39
-38
-38
-37
-35
-30
-25
-19
-14
-15
-16
-16
-16
-16
-16
-16
-17
-16
-16
-16
-16
-16
-16
-16
-16
-16
-17
-19
-21
-22
-21
-20
-19
-18
-17
-15
-9
-11
-17
-17
-17
-17
-17
-17
-17
-17
-17
-17
-17
-17
-16
-15
-15
-18
-20
-21
-21
-21
-20
-19
-18
-17
-15
-9
-13
-17
-17
-17
-16
-16
-16
-17
-17

