-17
-17
-17
-17
-17
-20
-27
-35
-43
-48
-46
-44
-43
-42
-37
-26
-12
0
7
7
7
5
4
1
0
-2
-3
-7
-18
-30
-33
-38
-40
-39
-39
-37
-34
-32
-28
-20
-8
2
3
3
3
4
4
3
1
0
0
0
0
-3
-10
-11
-12
-14
-18
-21
-20
-20
-20
-20
-20
-19
-19
-19
-19
-19
-19
-19
-17
-14
-13
-14
-13
-13
-15
-17
-17
-17
-17
-18
-18
-19
-19
-19
-19
-18
-18
-18
-18
-18
-18
-18
-18
-18
-18
-18
-18
-18
-18
-18
-18
-17
-17
-16
-17
-17
-16
-16
-16
-16
-17
-18
-18
-18
-18
-17

