-20
-19
-16
-13
-17
-16
-13
-4
4
5
1
1
0
-3
-12
-18
-25
-34
-36
-37
-37
-32
-23
-2
7
9
15
19
21
21
18
14
6
-1
-9
-16
-33
-43
-37
-33
-35
-36
-40
-39
-38
-36
-35
-39
-41
-40
-39
-38
-34
-28
-13
-4
-13
-14
-16
-16
-14
-9
1
8
9
5
-1
-6
-8
-21
-34
-36
-35
-33
-32
-31
-29
-28
-27
-23
-20
-19
-18
-17
-17
-15
-8
-7
-17
-17
-17
-18
-17
-17
-17
-16
-15
-15
-15
-14
-13
-12
-15
-18
-20
-21
-21
-21
-20
-20
-19
-19
-18
-18
-16
-10
-16
-20
-20
-20
-19
-19
-19
-19
-19
-19
-19
-19
-19
-19
-17
-15
-14
-15
-17
-20
-22
-23
-23
-24

