-17
-17
-17
-17
-17
-18
-21
-26
-33
-42
-46
-46
-46
-42
-34
-26
-18
-12
-7
3
6
7
7
4
2
-1
-4
-7
-7
-13
-26
-30
-34
-41
-47
-46
-42
-35
-29
-25
-22
-16
-9
-4
2
3
2
1
1
1
0
0
-1
-1
-2
-3
-5
-7
-10
-12
-13
-14
-15
-19
-21
-20
-20
-20
-20
-20
-20
-20
-19
-19
-19
-19
-19
-19
-19
-19
-18
-18
-18
-16
-15
-14
-13
-14
-17
-19
-19
-18
-18
-18
-18
-18
-18
-18
-18
-18
-18
-16
-14
-15
-16
-17
-18
-18
-18
-18
-18
-18
-18
-18
-18
-18
-18
-18
-18
-17

