-17
-20
-22
-22
-23
-23
-22
-13
-2
-4
-10
-12
-13
-15
-17
-18
-18
-18
-18
-17
-17
-17
-14
-8
-10
-16
-20
-24
-26
-27
-28
-27
-26
-23
-12
0
-6
-12
-15
-16
-17
-17
-16
-15
-17
-17
-16
-16
-16
-15
-16
-18
-17
-17
-18
-18
-18
-17
-18
-19
-19
-18
-16
-10
-13
-16
-17
-18
-18
-18
-17
-17
-17
-17
-17
-18
-17
-17
-16
-13
-12
-16
-22
-26
-29
-29
-27
-25
-21
-8
0
-8
-13
-16
-16
-17
-17
-16
-17
-17
-17
-17
-16
-12
-8
-8
-13
-19
-24
-26
-27
-24
-19
-16
-16
-16
-16
-15
-16
-17
-16
-16
-16
-16
-16
-16
-18
-19
-19
-18
-14
-12
-16
-17
-17
-17
-16
-17
-17
-17
-17
-17
-16
-15
-13
-13
-17
-21
-23
-24

