-36
-43
-44
-42
-41
-40
-36
-30
-24
-16
-5
5
7
6
5
5
5
2
-4
-6
-7
-9
-11
-14
-21
-27
-33
-40
-43
-43
-41
-38
-34
-30
-26
-22
-17
-9
-3
1
1
-1
-3
-2
-1
0
-1
-1
-3
-4
-5
-6
-7
-8
-9
-9
-9
-11
-13
-15
-20
-22
-21
-21
-21
-20
-20
-20
-20
-20
-20
-20
-19
-19
-19
-19
-17
-15
-16
-16
-14
-15
-15
-16
-17
-18
-18
-18
-18
-18
-18
-19
-19
-18
-18
-18
-18
-18
-18
-18
-18
-18
-18
-18
-18
-18
-18
-18
-17
-17
-16
-17
-17
-17
-17
-17
-17
-17
-17
-17

