-9
-5
-12
-14
-15
-16
-16
-16
-17
-18
-17
-17
-17
-17
-17
-16
-13
-12
-16
-21
-23
-24
-23
-22
-21
-20
-19
-19
-19
-18
-16
-9
-6
-12
-15
-16
-17
-17
-17
-17
-16
-17
-17
-17
-17
-17
-16
-14
-12
-13
-19
-23
-23
-21
-20
-20
-19
-19
-19
-18
-17
-12
-5
-10
-15
-17
-17
-17
-17
-17
-17
-17
-17
-17
-17
-17
-16
-13
-10
-12
-17
-21
-23
-23
-21
-21
-20
-19
-19
-17
-8
-8
-14
-16
-17
-17
-17
-17
-17
-17
-17
-17
-16
-16
-15
-10
-9
-15
-20
-23
-24
-23
-21
-20
-20
-19
-18
-17
-11
-6
-13
-15
-17
-17
-17
-17
-17
-17
-17
-17
-17
-17
-15
-10
-10
-16
-21
-23
-22
-21
-21
-20
-19
-16
-7
-8
-15
-16
-16
-17

