-19
-23
-24
-24
-27
-28
-26
-24
-22
-19
-14
-9
-5
-7
-8
-6
-13
-27
-35
-37
-36
-36
-37
-37
-35
-34
-32
-27
-22
-17
-11
-7
-5
1
6
6
6
5
3
0
-2
-3
-4
-4
-6
-7
-7
-8
-8
-8
-9
-9
-12
-14
-16
-17
-17
-18
-20
-21
-22
-21
-21
-21
-21
-20
-20
-20
-20
-20
-20
-20
-19
-19
-18
-17
-16
-16
-17
-17
-17
-18
-18
-18
-18
-18
-19
-19
-18
-18
-18
-18
-18
-18
-18
-18
-18
-18
-18
-18
-18
-18
-18
-18
-18
-18
-17
-17
-17
-17
-17
-17
-17
-17
-17
-17
-17
-17
-17
-17

