-23
-23
-23
-23
-23
-22
-22
-21
-21
-21
-20
-20
-18
-13
-5
-2
-7
-10
-12
-14
-15
-15
-16
-16
-16
-16
-16
-16
-16
-16
-15
-14
-13
-15
-17
-19
-21
-21
-21
-21
-21
-21
-21
-21
-21
-21
-20
-20
-20
-20
-20
-19
-18
-13
-6
-6
-9
-12
-14
-15
-15
-15
-16
-16
-16
-16
-15
-16
-16
-16
-17
-17
-16
-15
-13
-12
-15
-19
-21
-22
-22
-22
-22
-22
-21
-21
-21
-20
-20
-19
-19
-19
-17
-10
-3
-3
-8
-11
-13
-14
-16
-16
-16
-16
-16
-16
-16
-17
-17
-17
-16
-15
-13
-13
-17
-21
-23
-24
-24
-23
-21
-18
-17
-17
-17
-17
-17
-17
-17
-17
-17
-17
-17
-17
-17
-17
-17
-17
-17
-17
-16
-16
-16
-17
-17
-17
-17
-17
-17
-17

