-22
-25
-32
-40
-41
-42
-42
-42
-39
-30
-15
0
6
7
8
6
2
-3
-5
-7
-12
-22
-27
-36
-41
-42
-41
-39
-35
-32
-28
-21
-11
-3
3
4
4
3
3
2
0
-2
-4
-5
-6
-7
-10
-18
-26
-29
-31
-34
-36
-37
-36
-33
-30
-27
-23
-17
-5
1
-1
-1
-1
-1
-2
-2
-3
-4
-6
-7
-9
-9
-10
-11
-13
-15
-17
-20
-21
-21
-20
-20
-20
-20
-20
-20
-19
-19
-19
-19
-19
-18
-17
-17
-17
-17
-17
-17
-18
-18
-18
-18
-18
-18
-18
-18
-18
-18
-18
-18
-18
-18
-18
-18
-18
-18
-18
-18
-17
-17
-17
-17
-17
-17
-17
-17
-17
-17
-17
-17
-17
-17
-16
-17
-17
-17
-17
-17

