-9
-4
-1
-2
-5
-6
-6
-5
-3
-4
-8
-13
-17
-17
-17
-17
-17
-17
-18
-17
-16
-16
-17
-17
-18
-17
-17
-18
-19
-20
-21
-20
-20
-19
-19
-17
-14
-13
-13
-13
-12
-11
-9
-7
-5
-4
-4
-5
-6
-6
-6
-7
-7
-7
-5
-6
-3
1
2
3
2
2
2
1
2
3
2
3
7
7
6
5
3
3
3
4
4
3
2
1
0
0
-1
-2
-2
-3
-4
-4
-5
-5
-6
-7
-7
-8
-8
-8
-9
-9
-9
-10
-10
-10
-11
-11
-11
-12
-12
-12
-12
-12
-13
-13
-13
-13
-13
-14
-14
-14
-14
-14
-14
-14
-15
-15
-15
-15
-15
-15
-15
-15
-15
-15
-15
-16
-16
-16
-16
-16
-16
-16
-16
-16
-16
-16
-16
-16
-16
-16
-16
-16

