-24
-33
-45
-50
-50
-49
-46
-40
-32
-21
-8
1
5
6
7
6
4
1
-1
-5
-6
-12
-24
-29
-38
-46
-46
-43
-39
-35
-30
-26
-19
-10
-3
4
5
5
5
4
2
1
1
0
-4
-8
-10
-12
-14
-18
-19
-19
-20
-21
-23
-25
-28
-31
-33
-32
-32
-29
-24
-17
-11
-5
-4
-6
-6
-5
-4
-5
-6
-7
-8
-9
-10
-12
-13
-15
-16
-17
-17
-18
-18
-19
-20
-20
-19
-19
-19
-19
-19
-19
-19
-19
-19
-19
-18
-18
-18
-18
-18
-18
-18
-18
-18
-18
-17
-17
-17
-17
-16
-16
-17
-17
-18
-18
-18
-18
-18
-18
-17
-17
-17
-17
-17
-17
-17
-17
-17
-17
-17
-17
-16
-16
-16
-16
-17
-17

