-18
-22
-27
-32
-38
-44
-47
-48
-46
-42
-36
-31
-27
-23
-14
-2
7
9
9
9
6
4
2
0
0
-2
-7
-11
-22
-30
-32
-37
-40
-41
-40
-37
-33
-30
-27
-21
-11
-6
-3
0
0
0
0
-1
-1
-1
-1
-2
-3
-4
-4
-5
-5
-7
-8
-10
-12
-15
-19
-22
-21
-21
-21
-20
-20
-20
-20
-20
-20
-20
-19
-19
-19
-18
-17
-17
-16
-14
-13
-15
-16
-17
-18
-18
-18
-18
-18
-19
-19
-19
-19
-19
-19
-19
-18
-18
-18
-18
-18
-18
-18
-18
-18
-18
-18
-18
-16
-16
-16
-16
-17
-17
-16
-16
-17
-17

