# Negative,Positive,Prediction,Actual
  0.779019   0.220981   0.000000   1.000000
  0.860338   0.139662   0.000000   1.000000
  0.989579   0.010421   0.000000   1.000000
  0.903350   0.096650   0.000000   1.000000
  0.495618   0.504382   0.000000   1.000000
  0.987476   0.012524   0.000000   1.000000
  0.843466   0.156534   0.000000   1.000000
  0.954000   0.046000   0.000000   1.000000
  0.996843   0.003157   0.000000   1.000000
  0.862324   0.137675   0.000000   1.000000
  0.993988   0.006012   0.000000   1.000000
  0.843519   0.156481   0.000000   1.000000
  0.886983   0.113017   0.000000   1.000000
  0.764216   0.235784   0.000000   1.000000
  0.995367   0.004633   0.000000   1.000000
  0.625641   0.374359   0.000000   1.000000
  0.790980   0.209020   0.000000   1.000000
  0.688863   0.311137   0.000000   1.000000
  0.945040   0.054960   0.000000   1.000000
  0.938528   0.061472   0.000000   1.000000
  0.995381   0.004619   0.000000   1.000000
  0.583993   0.416007   0.000000   1.000000
  0.494021   0.505979   0.000000   1.000000
  0.732373   0.267627   0.000000   1.000000
  0.794114   0.205886   0.000000   1.000000
  0.861825   0.138175   0.000000   1.000000
  0.863688   0.136312   0.000000   1.000000
  0.737734   0.262266   0.000000   1.000000
  0.833999   0.166001   0.000000   1.000000
  0.969889   0.030111   0.000000   1.000000
  0.836360   0.163640   0.000000   1.000000
  0.880853   0.119147   0.000000   1.000000
  0.995150   0.004850   0.000000   1.000000
  0.697788   0.302212   0.000000   1.000000
  0.764869   0.235131   0.000000   1.000000
  0.991208   0.008792   0.000000   0.000000
  0.846401   0.153599   0.000000   0.000000
  0.997224   0.002776   0.000000   0.000000
  0.993680   0.006320   0.000000   0.000000
  0.977588   0.022412   0.000000   0.000000
  0.900466   0.099534   0.000000   0.000000
  0.997390   0.002610   0.000000   0.000000
  0.833334   0.166666   0.000000   0.000000
  0.983241   0.016759   0.000000   0.000000
  0.844210   0.155790   0.000000   0.000000
  0.976043   0.023957   0.000000   0.000000
  0.917011   0.082989   0.000000   0.000000
  0.995767   0.004233   0.000000   0.000000
  0.997142   0.002858   0.000000   0.000000
  0.983593   0.016407   0.000000   0.000000
  0.779045   0.220955   0.000000   0.000000
  0.995408   0.004592   0.000000   0.000000
  0.995074   0.004926   0.000000   0.000000
  0.799559   0.200441   0.000000   0.000000
  0.987000   0.013000   0.000000   0.000000
  0.996403   0.003597   0.000000   0.000000
  0.988330   0.011670   0.000000   0.000000
  0.927764   0.072236   0.000000   0.000000
  0.785553   0.214447   0.000000   0.000000
  0.822511   0.177489   0.000000   0.000000
  0.841139   0.158861   0.000000   0.000000
  0.632849   0.367151   0.000000   0.000000
  0.995604   0.004396   0.000000   0.000000
  0.828721   0.171279   0.000000   0.000000
  0.996113   0.003887   0.000000   0.000000
  0.989704   0.010296   0.000000   0.000000
  0.995257   0.004743   0.000000   0.000000
  0.996444   0.003556   0.000000   0.000000
  0.457688   0.542312   0.000000   0.000000
  0.402574   0.597426   0.000000   0.000000
  0.995333   0.004667   0.000000   0.000000
  0.993611   0.006389   0.000000   0.000000
  0.640190   0.359810   0.000000   0.000000
  0.497425   0.502575   0.000000   0.000000
  0.829206   0.170794   0.000000   0.000000
  0.666072   0.333928   0.000000   0.000000
  0.935395   0.064605   0.000000   0.000000
  0.996568   0.003432   0.000000   0.000000
  0.486836   0.513164   0.000000   0.000000
  0.856703   0.143297   0.000000   0.000000
  0.996508   0.003492   0.000000   0.000000
  0.995951   0.004049   0.000000   0.000000
  0.826467   0.173533   0.000000   0.000000
  0.989572   0.010428   0.000000   0.000000
  0.995309   0.004691   0.000000   0.000000
  0.900080   0.099920   0.000000   0.000000
  0.997092   0.002908   0.000000   0.000000
  0.994770   0.005230   0.000000   0.000000
  0.893343   0.106657   0.000000   0.000000
  0.951312   0.048688   0.000000   0.000000
  0.940089   0.059911   0.000000   0.000000
  0.996626   0.003374   0.000000   0.000000
  0.783620   0.216380   0.000000   0.000000
  0.959891   0.040109   0.000000   0.000000
  0.827084   0.172916   0.000000   0.000000
  0.942645   0.057355   0.000000   0.000000
  0.888450   0.111550   0.000000   0.000000
  0.996982   0.003018   0.000000   0.000000
  0.994423   0.005577   0.000000   0.000000
  0.993493   0.006507   0.000000   0.000000
  0.779136   0.220864   0.000000   0.000000
  0.890031   0.109969   0.000000   0.000000
  0.994652   0.005348   0.000000   0.000000
  0.994667   0.005333   0.000000   0.000000
  0.967631   0.032369   0.000000   0.000000
  0.793824   0.206176   0.000000   0.000000
  0.994798   0.005202   0.000000   0.000000
  0.996183   0.003817   0.000000   0.000000
  0.997143   0.002857   0.000000   0.000000
  0.866613   0.133387   0.000000   0.000000
  0.861484   0.138516   0.000000   0.000000
  0.996622   0.003378   0.000000   0.000000
  0.869449   0.130551   0.000000   0.000000
  0.996443   0.003557   0.000000   0.000000
  0.971005   0.028995   0.000000   0.000000
  0.680517   0.319483   0.000000   0.000000
  0.973343   0.026657   0.000000   0.000000
  0.832102   0.167898   0.000000   0.000000
  0.996601   0.003399   0.000000   0.000000
  0.968060   0.031940   0.000000   0.000000
  0.995058   0.004942   0.000000   0.000000
  0.978155   0.021845   0.000000   0.000000
  0.996828   0.003172   0.000000   0.000000
  0.848488   0.151512   0.000000   0.000000
  0.995775   0.004225   0.000000   0.000000
  0.634718   0.365282   0.000000   0.000000
  0.964071   0.035929   0.000000   0.000000
  0.877903   0.122097   0.000000   0.000000
  0.996652   0.003348   0.000000   0.000000
  0.997056   0.002944   0.000000   0.000000
  0.991602   0.008398   0.000000   0.000000
  0.853997   0.146003   0.000000   0.000000
  0.872700   0.127300   0.000000   0.000000
  0.927597   0.072403   0.000000   0.000000
  0.997617   0.002383   0.000000   0.000000
  0.992250   0.007750   0.000000   0.000000
  0.956374   0.043626   0.000000   0.000000
  0.807340   0.192660   0.000000   0.000000
  0.997316   0.002684   0.000000   0.000000
  0.996631   0.003369   0.000000   0.000000
  0.997612   0.002388   0.000000   0.000000
  0.997085   0.002915   0.000000   0.000000
  0.613855   0.386145   0.000000   0.000000
  0.971763   0.028237   0.000000   0.000000
  0.864713   0.135287   0.000000   0.000000
  0.975678   0.024322   0.000000   0.000000
  0.839469   0.160531   0.000000   0.000000
  0.810420   0.189580   0.000000   0.000000
  0.830108   0.169892   0.000000   0.000000
  0.971040   0.028960   0.000000   0.000000
  0.983380   0.016620   0.000000   0.000000
  0.945592   0.054408   0.000000   0.000000
  0.672367   0.327633   0.000000   0.000000
  0.996318   0.003682   0.000000   0.000000
  0.886990   0.113010   0.000000   0.000000
  0.996877   0.003123   0.000000   0.000000
  0.972068   0.027932   0.000000   0.000000
  0.798129   0.201871   0.000000   0.000000
  0.958142   0.041858   0.000000   0.000000
  0.994923   0.005077   0.000000   0.000000
  0.858003   0.141997   0.000000   0.000000
  0.756736   0.243264   0.000000   0.000000
  0.645458   0.354542   0.000000   0.000000
  0.983072   0.016928   0.000000   0.000000
  0.996773   0.003227   0.000000   0.000000
  0.995372   0.004628   0.000000   0.000000
  0.996287   0.003713   0.000000   0.000000
  0.613618   0.386381   0.000000   0.000000
  0.911803   0.088197   0.000000   0.000000
  0.829892   0.170108   0.000000   0.000000
  0.863186   0.136814   0.000000   0.000000
  0.676020   0.323980   0.000000   0.000000
  0.949599   0.050401   0.000000   0.000000
  0.995955   0.004045   0.000000   0.000000
  0.996752   0.003248   0.000000   0.000000
  0.996997   0.003003   0.000000   0.000000
  0.738870   0.261130   0.000000   0.000000
  0.988752   0.011248   0.000000   0.000000
  0.997133   0.002867   0.000000   0.000000
  0.976111   0.023889   0.000000   0.000000
  0.867802   0.132198   0.000000   0.000000
  0.948054   0.051946   0.000000   0.000000
  0.859817   0.140183   0.000000   0.000000
  0.992904   0.007096   0.000000   0.000000
  0.880833   0.119167   0.000000   0.000000
  0.996648   0.003352   0.000000   0.000000
  0.996374   0.003626   0.000000   0.000000
  0.684315   0.315685   0.000000   0.000000
  0.983149   0.016850   0.000000   0.000000
  0.374840   0.625160   0.000000   0.000000
  0.997505   0.002495   0.000000   0.000000
  0.997035   0.002965   0.000000   0.000000
  0.991602   0.008398   0.000000   0.000000
  0.958329   0.041671   0.000000   0.000000
  0.997535   0.002464   0.000000   0.000000
  0.907412   0.092588   0.000000   0.000000
  0.852352   0.147648   0.000000   0.000000
  0.996443   0.003557   0.000000   0.000000
  0.938607   0.061393   0.000000   0.000000
  0.702499   0.297501   0.000000   0.000000
  0.880913   0.119087   0.000000   0.000000
  0.993612   0.006388   0.000000   0.000000
  0.875425   0.124575   0.000000   0.000000
  0.980870   0.019130   0.000000   0.000000
  0.997206   0.002794   0.000000   0.000000
  0.991496   0.008504   0.000000   0.000000
  0.824587   0.175413   0.000000   0.000000
  0.992919   0.007081   0.000000   0.000000
  0.997095   0.002905   0.000000   0.000000
  0.988771   0.011229   0.000000   0.000000
  0.995614   0.004386   0.000000   0.000000
  0.994430   0.005570   0.000000   0.000000
  0.555915   0.444085   0.000000   0.000000
  0.996324   0.003676   0.000000   0.000000
  0.869014   0.130986   0.000000   0.000000
  0.952432   0.047567   0.000000   0.000000
  0.979553   0.020447   0.000000   0.000000
  0.992301   0.007698   0.000000   0.000000
  0.856981   0.143019   0.000000   0.000000
  0.996715   0.003285   0.000000   0.000000
  0.940477   0.059523   0.000000   0.000000
  0.985103   0.014897   0.000000   0.000000
  0.914355   0.085645   0.000000   0.000000
  0.916260   0.083740   0.000000   0.000000
  0.777556   0.222444   0.000000   0.000000
  0.992744   0.007256   0.000000   0.000000
  0.995419   0.004581   0.000000   0.000000
  0.991817   0.008183   0.000000   0.000000
  0.583423   0.416577   0.000000   0.000000
  0.882590   0.117410   0.000000   0.000000
  0.956120   0.043880   0.000000   0.000000
  0.906257   0.093743   0.000000   0.000000
  0.996559   0.003441   0.000000   0.000000
  0.997358   0.002642   0.000000   0.000000
  0.992244   0.007756   0.000000   0.000000
  0.757096   0.242904   0.000000   0.000000
  0.944107   0.055893   0.000000   0.000000
  0.898067   0.101933   0.000000   0.000000
  0.955543   0.044457   0.000000   0.000000
  0.994294   0.005706   0.000000   0.000000
  0.996662   0.003338   0.000000   0.000000
  0.965490   0.034510   0.000000   0.000000
  0.997315   0.002685   0.000000   0.000000
  0.836637   0.163363   0.000000   0.000000
  0.987012   0.012988   0.000000   0.000000
  0.989326   0.010674   0.000000   0.000000
  0.954145   0.045855   0.000000   0.000000
  0.996362   0.003638   0.000000   0.000000
  0.995046   0.004954   0.000000   0.000000
  0.838670   0.161330   0.000000   0.000000
  0.997137   0.002863   0.000000   0.000000
  0.945606   0.054394   0.000000   0.000000
  0.992252   0.007748   0.000000   0.000000
  0.885750   0.114250   0.000000   0.000000
  0.947698   0.052302   0.000000   0.000000
  0.992895   0.007105   0.000000   0.000000
  0.916846   0.083154   0.000000   0.000000
  0.996558   0.003442   0.000000   0.000000
  0.868225   0.131775   0.000000   0.000000
  0.996383   0.003617   0.000000   0.000000
  0.997175   0.002825   0.000000   0.000000
  0.694625   0.305375   0.000000   0.000000
  0.810770   0.189230   0.000000   0.000000
  0.827682   0.172318   0.000000   0.000000
  0.971293   0.028707   0.000000   0.000000
  0.996173   0.003827   0.000000   0.000000
  0.484117   0.515883   0.000000   0.000000
  0.946030   0.053970   0.000000   0.000000
  0.993784   0.006216   0.000000   0.000000
  0.507383   0.492617   0.000000   0.000000
  0.996023   0.003977   0.000000   0.000000
  0.987818   0.012182   0.000000   0.000000
  0.943075   0.056925   0.000000   0.000000
  0.989400   0.010600   0.000000   0.000000
  0.927773   0.072227   0.000000   0.000000
  0.988138   0.011862   0.000000   0.000000
  0.798203   0.201797   0.000000   0.000000
  0.959376   0.040625   0.000000   0.000000
  0.996586   0.003414   0.000000   0.000000
  0.698020   0.301980   0.000000   0.000000
  0.994343   0.005657   0.000000   0.000000
  0.995240   0.004760   0.000000   0.000000
  0.701685   0.298315   0.000000   0.000000
  0.995988   0.004012   0.000000   0.000000
  0.797804   0.202196   0.000000   0.000000
  0.996901   0.003099   0.000000   0.000000
  0.990083   0.009917   0.000000   0.000000
  0.995921   0.004079   0.000000   0.000000
  0.965338   0.034662   0.000000   0.000000
  0.267914   0.732086   1.000000   0.000000
  0.885794   0.114206   0.000000   0.000000
  0.997290   0.002709   0.000000   0.000000
  0.997757   0.002243   0.000000   0.000000
  0.872966   0.127034   0.000000   0.000000
  0.997073   0.002927   0.000000   0.000000
  0.946533   0.053467   0.000000   0.000000
  0.834536   0.165464   0.000000   0.000000
  0.986231   0.013769   0.000000   0.000000
  0.896554   0.103446   0.000000   0.000000
  0.995507   0.004493   0.000000   0.000000
  0.809890   0.190110   0.000000   0.000000
  0.471100   0.528900   0.000000   0.000000
  0.995636   0.004364   0.000000   0.000000
  0.796372   0.203628   0.000000   0.000000
  0.990722   0.009278   0.000000   0.000000
  0.683161   0.316839   0.000000   0.000000
  0.830900   0.169100   0.000000   0.000000
  0.969844   0.030156   0.000000   0.000000
  0.990852   0.009148   0.000000   0.000000
  0.576377   0.423623   0.000000   0.000000
  0.997944   0.002056   0.000000   0.000000
  0.996641   0.003359   0.000000   0.000000
  0.943612   0.056388   0.000000   0.000000
  0.964608   0.035392   0.000000   0.000000
  0.914804   0.085196   0.000000   0.000000
  0.990810   0.009190   0.000000   0.000000
  0.997029   0.002971   0.000000   0.000000
  0.826149   0.173851   0.000000   0.000000
  0.935845   0.064156   0.000000   0.000000
  0.978047   0.021953   0.000000   0.000000
  0.990683   0.009317   0.000000   0.000000
  0.824996   0.175004   0.000000   0.000000
  0.843091   0.156909   0.000000   0.000000
  0.997040   0.002960   0.000000   0.000000
  0.670683   0.329317   0.000000   0.000000
  0.955147   0.044853   0.000000   0.000000
  0.871611   0.128390   0.000000   0.000000
  0.990460   0.009540   0.000000   0.000000
  0.864168   0.135832   0.000000   0.000000
  0.996551   0.003449   0.000000   0.000000
  0.845454   0.154546   0.000000   0.000000
  0.747731   0.252269   0.000000   0.000000
  0.485971   0.514029   0.000000   0.000000
  0.836230   0.163770   0.000000   0.000000
  0.930362   0.069638   0.000000   0.000000
  0.996307   0.003693   0.000000   0.000000
  0.994956   0.005044   0.000000   0.000000
  0.996055   0.003945   0.000000   0.000000
  0.863029   0.136971   0.000000   0.000000
  0.996952   0.003048   0.000000   0.000000
  0.992119   0.007881   0.000000   0.000000
  0.904659   0.095341   0.000000   0.000000
  0.823287   0.176713   0.000000   0.000000
  0.995144   0.004856   0.000000   0.000000
  0.996747   0.003253   0.000000   0.000000
  0.873031   0.126969   0.000000   0.000000
  0.996812   0.003188   0.000000   0.000000
  0.995275   0.004725   0.000000   0.000000
  0.946145   0.053855   0.000000   0.000000
  0.988028   0.011972   0.000000   0.000000
  0.785634   0.214366   0.000000   0.000000
  0.986352   0.013648   0.000000   0.000000
  0.948764   0.051236   0.000000   0.000000
  0.996255   0.003745   0.000000   0.000000
  0.707160   0.292840   0.000000   0.000000
  0.968376   0.031624   0.000000   0.000000
  0.980451   0.019549   0.000000   0.000000
  0.402712   0.597288   0.000000   0.000000
  0.937842   0.062158   0.000000   0.000000
  0.996710   0.003290   0.000000   0.000000
  0.971041   0.028959   0.000000   0.000000
  0.996787   0.003213   0.000000   0.000000
  0.996640   0.003360   0.000000   0.000000
  0.852105   0.147895   0.000000   0.000000
  0.993127   0.006873   0.000000   0.000000
  0.995425   0.004575   0.000000   0.000000
  0.961372   0.038628   0.000000   0.000000
  0.783397   0.216603   0.000000   0.000000
  0.931409   0.068591   0.000000   0.000000
  0.581257   0.418743   0.000000   0.000000
  0.776857   0.223143   0.000000   0.000000
  0.997146   0.002854   0.000000   0.000000
  0.994412   0.005588   0.000000   0.000000
  0.997175   0.002825   0.000000   0.000000
  0.868836   0.131164   0.000000   0.000000
  0.865923   0.134077   0.000000   0.000000
  0.965228   0.034772   0.000000   0.000000
  0.616650   0.383350   0.000000   0.000000
  0.893294   0.106706   0.000000   0.000000
  0.995464   0.004536   0.000000   0.000000
  0.632697   0.367303   0.000000   0.000000
  0.973905   0.026095   0.000000   0.000000
  0.989105   0.010895   0.000000   0.000000
  0.996641   0.003359   0.000000   0.000000
  0.866639   0.133361   0.000000   0.000000
  0.981914   0.018086   0.000000   0.000000
  0.858820   0.141180   0.000000   0.000000
  0.996604   0.003396   0.000000   0.000000
  0.996650   0.003350   0.000000   0.000000
  0.995141   0.004859   0.000000   0.000000
  0.990083   0.009917   0.000000   0.000000
  0.994417   0.005583   0.000000   0.000000
  0.773946   0.226054   0.000000   0.000000
  0.660178   0.339823   0.000000   0.000000
  0.993044   0.006956   0.000000   0.000000
  0.827190   0.172810   0.000000   0.000000
  0.973339   0.026661   0.000000   0.000000
  0.995979   0.004021   0.000000   0.000000
  0.974906   0.025094   0.000000   0.000000
  0.970268   0.029732   0.000000   0.000000
  0.997073   0.002927   0.000000   0.000000
  0.882153   0.117847   0.000000   0.000000
  0.872650   0.127350   0.000000   0.000000
  0.990943   0.009057   0.000000   0.000000
  0.996617   0.003383   0.000000   0.000000
  0.997023   0.002977   0.000000   0.000000
  0.959789   0.040211   0.000000   0.000000
  0.997118   0.002882   0.000000   0.000000
  0.752242   0.247758   0.000000   0.000000
  0.997160   0.002840   0.000000   0.000000
  0.994914   0.005086   0.000000   0.000000
  0.970051   0.029949   0.000000   0.000000
  0.957732   0.042268   0.000000   0.000000
  0.901248   0.098752   0.000000   0.000000
  0.993235   0.006765   0.000000   0.000000
  0.996874   0.003126   0.000000   0.000000
  0.792323   0.207677   0.000000   0.000000
  0.993465   0.006535   0.000000   0.000000
  0.986665   0.013335   0.000000   0.000000
  0.564418   0.435582   0.000000   0.000000
  0.836279   0.163721   0.000000   0.000000
  0.995656   0.004344   0.000000   0.000000
  0.681476   0.318524   0.000000   0.000000
  0.996022   0.003978   0.000000   0.000000
  0.895107   0.104893   0.000000   0.000000
  0.995338   0.004662   0.000000   0.000000
  0.812226   0.187774   0.000000   0.000000
  0.991242   0.008758   0.000000   0.000000
  0.919479   0.080521   0.000000   0.000000
  0.925856   0.074144   0.000000   0.000000
  0.996269   0.003731   0.000000   0.000000
  0.976429   0.023571   0.000000   0.000000
  0.994601   0.005400   0.000000   0.000000
  0.963503   0.036497   0.000000   0.000000
  0.995554   0.004446   0.000000   0.000000
  0.995325   0.004675   0.000000   0.000000
  0.970346   0.029654   0.000000   0.000000
  0.978560   0.021440   0.000000   0.000000
  0.994622   0.005378   0.000000   0.000000
  0.992265   0.007735   0.000000   0.000000
  0.948434   0.051566   0.000000   0.000000
  0.935130   0.064870   0.000000   0.000000
  0.996639   0.003361   0.000000   0.000000
  0.582033   0.417967   0.000000   0.000000
  0.937706   0.062294   0.000000   0.000000
  0.891076   0.108924   0.000000   0.000000
  0.965471   0.034529   0.000000   0.000000
  0.911652   0.088348   0.000000   0.000000
  0.992284   0.007716   0.000000   0.000000
  0.994733   0.005267   0.000000   0.000000
  0.991781   0.008219   0.000000   0.000000
  0.960254   0.039746   0.000000   0.000000
  0.851815   0.148185   0.000000   0.000000
  0.987174   0.012826   0.000000   0.000000
  0.898219   0.101781   0.000000   0.000000
  0.880871   0.119129   0.000000   0.000000
  0.917706   0.082294   0.000000   0.000000
  0.997205   0.002795   0.000000   0.000000
  0.643059   0.356941   0.000000   0.000000
  0.834770   0.165230   0.000000   0.000000
  0.995022   0.004978   0.000000   0.000000
  0.997787   0.002213   0.000000   0.000000
  0.989312   0.010688   0.000000   0.000000
  0.943035   0.056965   0.000000   0.000000
  0.919458   0.080542   0.000000   0.000000
  0.987535   0.012465   0.000000   0.000000
  0.996362   0.003638   0.000000   0.000000
  0.993576   0.006424   0.000000   0.000000
  0.996490   0.003510   0.000000   0.000000
  0.912062   0.087938   0.000000   0.000000
  0.993425   0.006575   0.000000   0.000000
  0.991662   0.008338   0.000000   0.000000
  0.991963   0.008037   0.000000   0.000000
  0.975725   0.024275   0.000000   0.000000
  0.926537   0.073463   0.000000   0.000000
  0.997508   0.002492   0.000000   0.000000
  0.996155   0.003845   0.000000   0.000000
  0.893044   0.106956   0.000000   0.000000
  0.993573   0.006427   0.000000   0.000000
  0.931607   0.068393   0.000000   0.000000
  0.996945   0.003055   0.000000   0.000000
  0.996246   0.003754   0.000000   0.000000
  0.399549   0.600451   0.000000   0.000000
  0.996962   0.003038   0.000000   0.000000
  0.956777   0.043223   0.000000   0.000000
  0.858152   0.141848   0.000000   0.000000
  0.950215   0.049785   0.000000   0.000000
  0.675060   0.324940   0.000000   0.000000
  0.996729   0.003271   0.000000   0.000000
  0.802646   0.197354   0.000000   0.000000
  0.997849   0.002151   0.000000   0.000000
  0.966263   0.033737   0.000000   0.000000
  0.946585   0.053415   0.000000   0.000000
  0.977899   0.022101   0.000000   0.000000
  0.993554   0.006446   0.000000   0.000000
  0.702858   0.297142   0.000000   0.000000
  0.997223   0.002777   0.000000   0.000000
  0.995330   0.004670   0.000000   0.000000
  0.990664   0.009337   0.000000   0.000000
  0.872202   0.127798   0.000000   0.000000
  0.778024   0.221976   0.000000   0.000000
  0.996613   0.003387   0.000000   0.000000
  0.948415   0.051585   0.000000   0.000000
  0.996838   0.003162   0.000000   0.000000
  0.997208   0.002792   0.000000   0.000000
  0.995279   0.004721   0.000000   0.000000
  0.957771   0.042229   0.000000   0.000000
  0.996621   0.003379   0.000000   0.000000
  0.994009   0.005991   0.000000   0.000000
  0.996567   0.003432   0.000000   0.000000
  0.975664   0.024336   0.000000   0.000000
  0.995203   0.004797   0.000000   0.000000
  0.770216   0.229784   0.000000   0.000000
  0.970772   0.029228   0.000000   0.000000
  0.979535   0.020465   0.000000   0.000000
  0.988628   0.011372   0.000000   0.000000
  0.994148   0.005852   0.000000   0.000000
  0.770849   0.229151   0.000000   0.000000
  0.995293   0.004707   0.000000   0.000000
  0.884927   0.115073   0.000000   0.000000
  0.995471   0.004529   0.000000   0.000000
  0.974321   0.025679   0.000000   0.000000
  0.996211   0.003789   0.000000   0.000000
  0.997164   0.002836   0.000000   0.000000
  0.997349   0.002651   0.000000   0.000000
  0.950535   0.049465   0.000000   0.000000
  0.994024   0.005977   0.000000   0.000000
  0.721553   0.278447   0.000000   0.000000
  0.882353   0.117647   0.000000   0.000000
  0.912345   0.087655   0.000000   0.000000
  0.965220   0.034780   0.000000   0.000000
  0.735929   0.264071   0.000000   0.000000
  0.994655   0.005345   0.000000   0.000000
  0.819684   0.180316   0.000000   0.000000
  0.995394   0.004606   0.000000   0.000000
  0.871882   0.128118   0.000000   0.000000
  0.991872   0.008128   0.000000   0.000000
  0.982770   0.017230   0.000000   0.000000
  0.994501   0.005499   0.000000   0.000000
  0.996716   0.003284   0.000000   0.000000
  0.985441   0.014559   0.000000   0.000000
  0.996911   0.003089   0.000000   0.000000
  0.995580   0.004420   0.000000   0.000000
  0.851288   0.148712   0.000000   0.000000
  0.992708   0.007292   0.000000   0.000000
  0.873378   0.126621   0.000000   0.000000
  0.997260   0.002740   0.000000   0.000000
  0.996654   0.003346   0.000000   0.000000
  0.861969   0.138031   0.000000   0.000000
  0.977377   0.022623   0.000000   0.000000
  0.962597   0.037402   0.000000   0.000000
  0.373108   0.626892   0.000000   0.000000
  0.994540   0.005460   0.000000   0.000000
  0.955851   0.044149   0.000000   0.000000
  0.996709   0.003291   0.000000   0.000000
  0.994413   0.005587   0.000000   0.000000
  0.996290   0.003710   0.000000   0.000000
  0.915297   0.084703   0.000000   0.000000
  0.954006   0.045994   0.000000   0.000000
  0.941971   0.058029   0.000000   0.000000
  0.994796   0.005205   0.000000   0.000000
  0.982567   0.017433   0.000000   0.000000
  0.996669   0.003331   0.000000   0.000000
  0.932248   0.067752   0.000000   0.000000
  0.831238   0.168762   0.000000   0.000000
  0.996452   0.003548   0.000000   0.000000
  0.992510   0.007490   0.000000   0.000000
  0.863727   0.136273   0.000000   0.000000
  0.942338   0.057662   0.000000   0.000000
  0.776724   0.223276   0.000000   0.000000
  0.946306   0.053694   0.000000   0.000000
  0.996099   0.003901   0.000000   0.000000
  0.996654   0.003346   0.000000   0.000000
  0.917764   0.082236   0.000000   0.000000
  0.995827   0.004172   0.000000   0.000000
  0.994461   0.005539   0.000000   0.000000
  0.991373   0.008627   0.000000   0.000000
  0.993289   0.006711   0.000000   0.000000
  0.981927   0.018073   0.000000   0.000000
  0.909460   0.090540   0.000000   0.000000
  0.922854   0.077146   0.000000   0.000000
  0.974780   0.025219   0.000000   0.000000
  0.901308   0.098692   0.000000   0.000000
  0.994622   0.005378   0.000000   0.000000
  0.996722   0.003278   0.000000   0.000000
  0.382476   0.617524   0.000000   0.000000
  0.985366   0.014634   0.000000   0.000000
  0.995936   0.004064   0.000000   0.000000
  0.997563   0.002437   0.000000   0.000000
  0.885029   0.114971   0.000000   0.000000
  0.909084   0.090916   0.000000   0.000000
  0.862603   0.137397   0.000000   0.000000
  0.947327   0.052673   0.000000   0.000000
  0.997983   0.002018   0.000000   0.000000
  0.992339   0.007661   0.000000   0.000000
  0.992210   0.007790   0.000000   0.000000
  0.988101   0.011899   0.000000   0.000000
  0.911363   0.088637   0.000000   0.000000
  0.591751   0.408249   0.000000   0.000000
  0.958376   0.041624   0.000000   0.000000
  0.942743   0.057257   0.000000   0.000000
  0.995330   0.004670   0.000000   0.000000
  0.936623   0.063377   0.000000   0.000000
  0.996560   0.003440   0.000000   0.000000
  0.996706   0.003294   0.000000   0.000000
  0.991108   0.008892   0.000000   0.000000
  0.557370   0.442630   0.000000   0.000000
  0.996641   0.003359   0.000000   0.000000
  0.804727   0.195272   0.000000   0.000000
  0.870829   0.129171   0.000000   0.000000
  0.993777   0.006223   0.000000   0.000000
  0.995277   0.004723   0.000000   0.000000
  0.986174   0.013826   0.000000   0.000000
  0.964008   0.035992   0.000000   0.000000
  0.995819   0.004181   0.000000   0.000000
  0.877747   0.122253   0.000000   0.000000
  0.870170   0.129830   0.000000   0.000000
  0.992958   0.007042   0.000000   0.000000
  0.785825   0.214175   0.000000   0.000000
  0.805760   0.194240   0.000000   0.000000
  0.700572   0.299428   0.000000   0.000000
  0.887388   0.112612   0.000000   0.000000
  0.997267   0.002733   0.000000   0.000000
  0.734235   0.265765   0.000000   0.000000
  0.989507   0.010493   0.000000   0.000000
  0.863952   0.136048   0.000000   0.000000
  0.986267   0.013733   0.000000   0.000000
  0.989225   0.010775   0.000000   0.000000
  0.916693   0.083307   0.000000   0.000000
  0.994982   0.005018   0.000000   0.000000
  0.996882   0.003118   0.000000   0.000000
  0.832827   0.167173   0.000000   0.000000
  0.996895   0.003105   0.000000   0.000000
  0.662483   0.337517   0.000000   0.000000
  0.782816   0.217184   0.000000   0.000000
  0.643205   0.356795   0.000000   0.000000
  0.997690   0.002310   0.000000   0.000000
  0.895087   0.104913   0.000000   0.000000
  0.983906   0.016094   0.000000   0.000000
  0.833020   0.166980   0.000000   0.000000
  0.943153   0.056847   0.000000   0.000000
  0.945430   0.054570   0.000000   0.000000
  0.995496   0.004504   0.000000   0.000000
  0.989813   0.010187   0.000000   0.000000
  0.924484   0.075516   0.000000   0.000000
  0.996955   0.003045   0.000000   0.000000
  0.603717   0.396283   0.000000   0.000000
  0.863516   0.136484   0.000000   0.000000
  0.760137   0.239863   0.000000   0.000000
  0.997092   0.002908   0.000000   0.000000
  0.622587   0.377413   0.000000   0.000000
  0.921331   0.078669   0.000000   0.000000
  0.838570   0.161430   0.000000   0.000000
  0.981091   0.018909   0.000000   0.000000
  0.996449   0.003551   0.000000   0.000000
  0.885343   0.114657   0.000000   0.000000
  0.996864   0.003136   0.000000   0.000000
  0.995812   0.004188   0.000000   0.000000
  0.988852   0.011148   0.000000   0.000000
  0.913976   0.086024   0.000000   0.000000
  0.996261   0.003739   0.000000   0.000000
  0.938004   0.061996   0.000000   0.000000
  0.964741   0.035259   0.000000   0.000000
  0.993249   0.006751   0.000000   0.000000
  0.762870   0.237130   0.000000   0.000000
  0.992399   0.007601   0.000000   0.000000
  0.992386   0.007614   0.000000   0.000000
  0.992819   0.007181   0.000000   0.000000
  0.979589   0.020411   0.000000   0.000000
  0.981027   0.018973   0.000000   0.000000
  0.962765   0.037235   0.000000   0.000000
  0.931437   0.068563   0.000000   0.000000
  0.676450   0.323550   0.000000   0.000000
  0.994766   0.005234   0.000000   0.000000
  0.655752   0.344248   0.000000   0.000000
  0.994632   0.005368   0.000000   0.000000
  0.992600   0.007400   0.000000   0.000000
  0.993232   0.006768   0.000000   0.000000
  0.497434   0.502566   0.000000   0.000000
  0.497726   0.502274   0.000000   0.000000
  0.995181   0.004819   0.000000   0.000000
  0.377274   0.622727   0.000000   0.000000
  0.774365   0.225635   0.000000   0.000000
  0.961750   0.038250   0.000000   0.000000
  0.996132   0.003868   0.000000   0.000000
  0.738283   0.261717   0.000000   0.000000
  0.993667   0.006333   0.000000   0.000000
  0.994988   0.005012   0.000000   0.000000
  0.954353   0.045647   0.000000   0.000000
  0.996909   0.003091   0.000000   0.000000
  0.869700   0.130300   0.000000   0.000000
  0.987977   0.012023   0.000000   0.000000
  0.791184   0.208816   0.000000   0.000000
  0.892837   0.107163   0.000000   0.000000
  0.996756   0.003244   0.000000   0.000000
  0.966817   0.033183   0.000000   0.000000
  0.684879   0.315121   0.000000   0.000000
  0.990693   0.009307   0.000000   0.000000
  0.997192   0.002808   0.000000   0.000000
  0.877943   0.122057   0.000000   0.000000
  0.995986   0.004014   0.000000   0.000000
  0.868283   0.131717   0.000000   0.000000
  0.994822   0.005178   0.000000   0.000000
  0.996711   0.003289   0.000000   0.000000
  0.996191   0.003809   0.000000   0.000000
  0.697485   0.302515   0.000000   0.000000
  0.994563   0.005437   0.000000   0.000000
  0.990101   0.009899   0.000000   0.000000
  0.821763   0.178237   0.000000   0.000000
  0.986370   0.013630   0.000000   0.000000
  0.996684   0.003316   0.000000   0.000000
  0.868269   0.131731   0.000000   0.000000
  0.947034   0.052966   0.000000   0.000000
  0.997235   0.002765   0.000000   0.000000
  0.980234   0.019766   0.000000   0.000000
  0.951179   0.048821   0.000000   0.000000
  0.847611   0.152389   0.000000   0.000000
  0.990079   0.009921   0.000000   0.000000
  0.996894   0.003106   0.000000   0.000000
  0.759391   0.240609   0.000000   0.000000
  0.985627   0.014373   0.000000   0.000000
  0.826792   0.173208   0.000000   0.000000
  0.701743   0.298257   0.000000   0.000000
  0.931367   0.068633   0.000000   0.000000
  0.994266   0.005734   0.000000   0.000000
  0.868807   0.131193   0.000000   0.000000
  0.923192   0.076808   0.000000   0.000000
  0.965822   0.034178   0.000000   0.000000
  0.872239   0.127761   0.000000   0.000000
  0.985182   0.014818   0.000000   0.000000
  0.996630   0.003370   0.000000   0.000000
  0.997462   0.002538   0.000000   0.000000
  0.997274   0.002726   0.000000   0.000000
  0.721037   0.278963   0.000000   0.000000
  0.848118   0.151882   0.000000   0.000000
  0.832863   0.167137   0.000000   0.000000
  0.797263   0.202737   0.000000   0.000000
  0.861515   0.138485   0.000000   0.000000
  0.946258   0.053742   0.000000   0.000000
  0.995857   0.004143   0.000000   0.000000
  0.915452   0.084548   0.000000   0.000000
  0.951231   0.048769   0.000000   0.000000
  0.742156   0.257844   0.000000   0.000000
  0.995537   0.004463   0.000000   0.000000
  0.961950   0.038050   0.000000   0.000000
  0.995302   0.004698   0.000000   0.000000
  0.525335   0.474665   0.000000   0.000000
  0.411835   0.588165   0.000000   0.000000
  0.842045   0.157955   0.000000   0.000000
  0.844431   0.155569   0.000000   0.000000
  0.992669   0.007331   0.000000   0.000000
  0.868878   0.131122   0.000000   0.000000
  0.754913   0.245087   0.000000   0.000000
  0.977871   0.022129   0.000000   0.000000
  0.994718   0.005282   0.000000   0.000000
  0.955469   0.044531   0.000000   0.000000
  0.995288   0.004712   0.000000   0.000000
  0.997113   0.002887   0.000000   0.000000
  0.831251   0.168749   0.000000   0.000000
  0.993804   0.006196   0.000000   0.000000
  0.997398   0.002602   0.000000   0.000000
  0.995879   0.004121   0.000000   0.000000
  0.996476   0.003525   0.000000   0.000000
  0.995839   0.004161   0.000000   0.000000
  0.986006   0.013994   0.000000   0.000000
  0.986962   0.013038   0.000000   0.000000
  0.997156   0.002844   0.000000   0.000000
  0.397043   0.602957   0.000000   0.000000
  0.996406   0.003594   0.000000   0.000000
  0.995767   0.004233   0.000000   0.000000
  0.830047   0.169953   0.000000   0.000000
  0.442768   0.557232   0.000000   0.000000
  0.830432   0.169567   0.000000   0.000000
  0.993460   0.006540   0.000000   0.000000
  0.997405   0.002595   0.000000   0.000000
  0.724697   0.275303   0.000000   0.000000
  0.851116   0.148885   0.000000   0.000000
  0.979523   0.020477   0.000000   0.000000
  0.997015   0.002985   0.000000   0.000000
  0.984616   0.015384   0.000000   0.000000
  0.924189   0.075811   0.000000   0.000000
  0.781453   0.218547   0.000000   0.000000
  0.877649   0.122351   0.000000   0.000000
  0.780457   0.219543   0.000000   0.000000
  0.989882   0.010118   0.000000   0.000000
  0.996308   0.003692   0.000000   0.000000
  0.996505   0.003495   0.000000   0.000000
  0.993049   0.006951   0.000000   0.000000
  0.976180   0.023820   0.000000   0.000000
  0.997015   0.002985   0.000000   0.000000
  0.991848   0.008152   0.000000   0.000000
  0.997130   0.002870   0.000000   0.000000
  0.721139   0.278861   0.000000   0.000000
  0.993932   0.006068   0.000000   0.000000
  0.965778   0.034222   0.000000   0.000000
  0.992143   0.007857   0.000000   0.000000
  0.984784   0.015216   0.000000   0.000000
  0.997254   0.002746   0.000000   0.000000
  0.981535   0.018465   0.000000   0.000000
  0.992254   0.007746   0.000000   0.000000
  0.911179   0.088821   0.000000   0.000000
  0.845064   0.154936   0.000000   0.000000
  0.980847   0.019153   0.000000   0.000000
  0.986869   0.013131   0.000000   0.000000
  0.907349   0.092651   0.000000   0.000000
  0.994231   0.005769   0.000000   0.000000
  0.997819   0.002181   0.000000   0.000000
  0.991640   0.008360   0.000000   0.000000
  0.970911   0.029089   0.000000   0.000000
  0.931569   0.068431   0.000000   0.000000
  0.996677   0.003323   0.000000   0.000000
  0.971331   0.028669   0.000000   0.000000
  0.975241   0.024759   0.000000   0.000000
  0.997226   0.002775   0.000000   0.000000
  0.995892   0.004108   0.000000   0.000000
  0.846750   0.153250   0.000000   0.000000
  0.942302   0.057698   0.000000   0.000000
  0.851620   0.148380   0.000000   0.000000
  0.997017   0.002983   0.000000   0.000000
  0.760649   0.239351   0.000000   0.000000
  0.673712   0.326288   0.000000   0.000000
  0.869537   0.130463   0.000000   0.000000
  0.984381   0.015619   0.000000   0.000000
  0.985486   0.014514   0.000000   0.000000
  0.751661   0.248339   0.000000   0.000000
  0.768702   0.231298   0.000000   0.000000
  0.686357   0.313643   0.000000   0.000000
  0.853141   0.146859   0.000000   0.000000
  0.727163   0.272837   0.000000   0.000000
  0.760312   0.239688   0.000000   0.000000
  0.992767   0.007232   0.000000   0.000000
  0.994721   0.005279   0.000000   0.000000
  0.997042   0.002958   0.000000   0.000000
  0.977244   0.022756   0.000000   0.000000
  0.778869   0.221131   0.000000   0.000000
  0.967650   0.032350   0.000000   0.000000
  0.997353   0.002647   0.000000   0.000000
  0.978718   0.021282   0.000000   0.000000
  0.810413   0.189587   0.000000   0.000000
  0.629634   0.370366   0.000000   0.000000
  0.913283   0.086717   0.000000   0.000000
  0.881026   0.118974   0.000000   0.000000
  0.994086   0.005914   0.000000   0.000000
  0.792973   0.207027   0.000000   0.000000
  0.961591   0.038409   0.000000   0.000000
  0.966878   0.033122   0.000000   0.000000
  0.997434   0.002566   0.000000   0.000000
  0.669738   0.330262   0.000000   0.000000
  0.980039   0.019961   0.000000   0.000000
  0.996408   0.003592   0.000000   0.000000
  0.991655   0.008345   0.000000   0.000000
  0.744062   0.255938   0.000000   0.000000
  0.996708   0.003292   0.000000   0.000000
  0.987310   0.012690   0.000000   0.000000
  0.749387   0.250613   0.000000   0.000000
  0.818213   0.181787   0.000000   0.000000
  0.995130   0.004870   0.000000   0.000000
  0.995761   0.004239   0.000000   0.000000
  0.991037   0.008963   0.000000   0.000000
  0.993019   0.006981   0.000000   0.000000
  0.990853   0.009147   0.000000   0.000000
  0.795184   0.204816   0.000000   0.000000
  0.762862   0.237137   0.000000   0.000000
  0.996185   0.003815   0.000000   0.000000
  0.991918   0.008082   0.000000   0.000000
  0.993111   0.006889   0.000000   0.000000
  0.949953   0.050047   0.000000   0.000000
  0.910871   0.089129   0.000000   0.000000
  0.946889   0.053111   0.000000   0.000000
  0.996781   0.003219   0.000000   0.000000
  0.808204   0.191795   0.000000   0.000000
  0.846540   0.153460   0.000000   0.000000
  0.996584   0.003416   0.000000   0.000000
  0.970293   0.029707   0.000000   0.000000
  0.877110   0.122890   0.000000   0.000000
  0.943700   0.056300   0.000000   0.000000
  0.880462   0.119538   0.000000   0.000000
  0.923303   0.076697   0.000000   0.000000
  0.992731   0.007269   0.000000   0.000000
  0.990040   0.009960   0.000000   0.000000
  0.992804   0.007196   0.000000   0.000000
  0.997099   0.002901   0.000000   0.000000
  0.826478   0.173522   0.000000   0.000000
  0.994701   0.005299   0.000000   0.000000
  0.994655   0.005345   0.000000   0.000000
  0.964110   0.035890   0.000000   0.000000
  0.804373   0.195627   0.000000   0.000000
  0.773194   0.226806   0.000000   0.000000
  0.994244   0.005756   0.000000   0.000000
  0.648611   0.351389   0.000000   0.000000
  0.885451   0.114549   0.000000   0.000000
  0.974647   0.025353   0.000000   0.000000
  0.873793   0.126207   0.000000   0.000000
  0.876803   0.123197   0.000000   0.000000
  0.988921   0.011079   0.000000   0.000000
  0.935311   0.064689   0.000000   0.000000
  0.996082   0.003918   0.000000   0.000000
  0.997036   0.002964   0.000000   0.000000
  0.995043   0.004957   0.000000   0.000000
  0.991910   0.008090   0.000000   0.000000
  0.995433   0.004567   0.000000   0.000000
  0.996978   0.003022   0.000000   0.000000
  0.984776   0.015224   0.000000   0.000000
  0.786711   0.213289   0.000000   0.000000
  0.996216   0.003784   0.000000   0.000000
  0.982146   0.017855   0.000000   0.000000
  0.860050   0.139950   0.000000   0.000000
  0.997077   0.002923   0.000000   0.000000
  0.983862   0.016138   0.000000   0.000000
  0.997558   0.002442   0.000000   0.000000
  0.996296   0.003704   0.000000   0.000000
  0.996004   0.003996   0.000000   0.000000
  0.879841   0.120159   0.000000   0.000000
  0.896642   0.103358   0.000000   0.000000
  0.875601   0.124399   0.000000   0.000000
  0.991625   0.008375   0.000000   0.000000
  0.735269   0.264731   0.000000   0.000000
  0.992069   0.007931   0.000000   0.000000
  0.838584   0.161416   0.000000   0.000000
  0.933563   0.066437   0.000000   0.000000
  0.234582   0.765418   1.000000   0.000000
  0.871792   0.128208   0.000000   0.000000
  0.997616   0.002384   0.000000   0.000000
  0.993876   0.006124   0.000000   0.000000
  0.993952   0.006048   0.000000   0.000000
  0.996228   0.003772   0.000000   0.000000
  0.818842   0.181158   0.000000   0.000000
  0.277303   0.722697   1.000000   0.000000
  0.877645   0.122355   0.000000   0.000000
  0.974646   0.025354   0.000000   0.000000
  0.996711   0.003289   0.000000   0.000000
  0.795306   0.204694   0.000000   0.000000
  0.995396   0.004604   0.000000   0.000000
