# Negative,Positive,Prediction,Actual
  0.573514   0.426486   0.000000   1.000000
  0.114658   0.885342   1.000000   1.000000
  0.122414   0.877586   1.000000   1.000000
  0.107673   0.892327   1.000000   1.000000
  0.122562   0.877438   1.000000   1.000000
  0.796933   0.203067   0.000000   1.000000
  0.079161   0.920839   1.000000   1.000000
  0.070606   0.929394   1.000000   1.000000
  0.931394   0.068606   0.000000   1.000000
  0.099797   0.900203   1.000000   1.000000
  0.866345   0.133655   0.000000   1.000000
  0.135851   0.864149   1.000000   1.000000
  0.111212   0.888788   1.000000   1.000000
  0.096210   0.903790   1.000000   1.000000
  0.090312   0.909688   1.000000   1.000000
  0.910999   0.089001   0.000000   1.000000
  0.074215   0.925785   1.000000   1.000000
  0.166567   0.833433   1.000000   1.000000
  0.538391   0.461609   0.000000   1.000000
  0.265411   0.734589   1.000000   1.000000
  0.974081   0.025919   0.000000   1.000000
  0.058612   0.941388   1.000000   1.000000
  0.079550   0.920450   1.000000   1.000000
  0.087612   0.912388   1.000000   1.000000
  0.757589   0.242411   0.000000   1.000000
  0.070005   0.929995   1.000000   1.000000
  0.085919   0.914081   1.000000   1.000000
  0.277276   0.722724   1.000000   1.000000
  0.075717   0.924283   1.000000   1.000000
  0.071924   0.928076   1.000000   1.000000
  0.141780   0.858220   1.000000   1.000000
  0.079097   0.920903   1.000000   1.000000
  0.111397   0.888603   1.000000   1.000000
  0.061983   0.938017   1.000000   1.000000
  0.059853   0.940147   1.000000   1.000000
  0.084535   0.915465   1.000000   1.000000
  0.287118   0.712882   1.000000   1.000000
  0.960550   0.039450   0.000000   1.000000
  0.994061   0.005939   0.000000   1.000000
  0.076685   0.923315   1.000000   1.000000
  0.075273   0.924727   1.000000   1.000000
  0.073212   0.926788   1.000000   1.000000
  0.074648   0.925352   1.000000   1.000000
  0.046499   0.953501   1.000000   1.000000
  0.081000   0.919000   1.000000   1.000000
  0.980788   0.019212   0.000000   1.000000
  0.084505   0.915495   1.000000   1.000000
  0.070434   0.929566   1.000000   1.000000
  0.080228   0.919772   1.000000   1.000000
  0.086143   0.913857   1.000000   1.000000
  0.071597   0.928403   1.000000   1.000000
  0.110634   0.889366   1.000000   1.000000
  0.071717   0.928283   1.000000   1.000000
  0.084582   0.915418   1.000000   1.000000
  0.285955   0.714046   1.000000   1.000000
  0.968731   0.031269   0.000000   1.000000
  0.614609   0.385391   0.000000   1.000000
  0.978539   0.021461   0.000000   1.000000
  0.671428   0.328572   0.000000   1.000000
  0.081552   0.918448   1.000000   1.000000
  0.143373   0.856627   1.000000   1.000000
  0.071599   0.928401   1.000000   1.000000
  0.090119   0.909881   1.000000   1.000000
  0.071554   0.928446   1.000000   1.000000
  0.201275   0.798725   1.000000   1.000000
  0.093720   0.906280   1.000000   1.000000
  0.076784   0.923216   1.000000   1.000000
  0.097500   0.902500   1.000000   1.000000
  0.082129   0.917871   1.000000   1.000000
  0.127404   0.872595   1.000000   1.000000
  0.064636   0.935364   1.000000   1.000000
  0.539671   0.460329   0.000000   1.000000
  0.068526   0.931474   1.000000   1.000000
  0.068978   0.931022   1.000000   1.000000
  0.076794   0.923206   1.000000   1.000000
  0.808711   0.191289   0.000000   1.000000
  0.086164   0.913836   1.000000   1.000000
  0.073613   0.926387   1.000000   1.000000
  0.080351   0.919649   1.000000   1.000000
  0.063073   0.936927   1.000000   1.000000
  0.081025   0.918975   1.000000   1.000000
  0.048093   0.951907   1.000000   1.000000
  0.070746   0.929254   1.000000   1.000000
  0.071497   0.928503   1.000000   1.000000
  0.072907   0.927093   1.000000   1.000000
  0.689510   0.310490   0.000000   1.000000
  0.381712   0.618288   0.000000   1.000000
  0.064823   0.935177   1.000000   1.000000
  0.077521   0.922479   1.000000   1.000000
  0.077549   0.922451   1.000000   1.000000
  0.046182   0.953818   1.000000   1.000000
  0.987796   0.012204   0.000000   1.000000
  0.585460   0.414540   0.000000   1.000000
  0.078045   0.921955   1.000000   1.000000
  0.079237   0.920763   1.000000   1.000000
  0.034195   0.965805   1.000000   1.000000
  0.152878   0.847122   1.000000   1.000000
  0.075773   0.924227   1.000000   1.000000
  0.064244   0.935755   1.000000   1.000000
  0.603225   0.396775   0.000000   1.000000
  0.064278   0.935722   1.000000   1.000000
  0.120413   0.879587   1.000000   1.000000
  0.905241   0.094759   0.000000   1.000000
  0.050307   0.949693   1.000000   1.000000
  0.583668   0.416332   0.000000   1.000000
  0.118756   0.881244   1.000000   1.000000
  0.062279   0.937721   1.000000   1.000000
  0.068955   0.931045   1.000000   1.000000
  0.154240   0.845760   1.000000   1.000000
  0.183090   0.816910   1.000000   1.000000
  0.249438   0.750562   1.000000   1.000000
  0.076872   0.923128   1.000000   1.000000
  0.106298   0.893702   1.000000   1.000000
  0.063416   0.936584   1.000000   1.000000
  0.066749   0.933251   1.000000   1.000000
  0.175688   0.824312   1.000000   1.000000
  0.528839   0.471161   0.000000   1.000000
  0.094311   0.905689   1.000000   1.000000
  0.098951   0.901049   1.000000   1.000000
  0.081431   0.918569   1.000000   1.000000
  0.053248   0.946752   1.000000   1.000000
  0.123728   0.876272   1.000000   1.000000
  0.800767   0.199233   0.000000   1.000000
  0.235332   0.764668   1.000000   1.000000
  0.146638   0.853362   1.000000   1.000000
  0.600741   0.399259   0.000000   1.000000
  0.227312   0.772688   1.000000   1.000000
  0.071831   0.928169   1.000000   1.000000
  0.071013   0.928987   1.000000   1.000000
  0.107889   0.892111   1.000000   1.000000
  0.074590   0.925410   1.000000   1.000000
  0.230319   0.769681   1.000000   1.000000
  0.861520   0.138480   0.000000   1.000000
  0.077021   0.922979   1.000000   1.000000
  0.070044   0.929956   1.000000   1.000000
  0.096094   0.903906   1.000000   1.000000
  0.133778   0.866223   1.000000   1.000000
  0.069024   0.930976   1.000000   1.000000
  0.059321   0.940679   1.000000   1.000000
  0.063512   0.936488   1.000000   1.000000
  0.062904   0.937096   1.000000   1.000000
  0.141146   0.858854   1.000000   1.000000
  0.069391   0.930609   1.000000   1.000000
  0.932821   0.067179   0.000000   1.000000
  0.090267   0.909733   1.000000   1.000000
  0.089397   0.910603   1.000000   1.000000
  0.881376   0.118624   0.000000   1.000000
  0.065273   0.934727   1.000000   1.000000
  0.195423   0.804577   1.000000   1.000000
  0.272860   0.727140   1.000000   1.000000
  0.078787   0.921213   1.000000   1.000000
  0.081793   0.918207   1.000000   1.000000
  0.073653   0.926347   1.000000   1.000000
  0.069887   0.930113   1.000000   1.000000
  0.057454   0.942546   1.000000   1.000000
  0.048022   0.951978   1.000000   1.000000
  0.082832   0.917168   1.000000   1.000000
  0.061900   0.938100   1.000000   1.000000
  0.067299   0.932701   1.000000   1.000000
  0.077207   0.922793   1.000000   1.000000
  0.860710   0.139290   0.000000   1.000000
  0.195086   0.804914   1.000000   1.000000
  0.992532   0.007468   0.000000   0.000000
  0.943825   0.056175   0.000000   0.000000
  0.993975   0.006025   0.000000   0.000000
  0.980014   0.019986   0.000000   0.000000
  0.991435   0.008565   0.000000   0.000000
  0.919481   0.080519   0.000000   0.000000
  0.996071   0.003930   0.000000   0.000000
  0.891509   0.108491   0.000000   0.000000
  0.942428   0.057572   0.000000   0.000000
  0.861360   0.138640   0.000000   0.000000
  0.960395   0.039605   0.000000   0.000000
  0.957520   0.042480   0.000000   0.000000
  0.993540   0.006460   0.000000   0.000000
  0.994570   0.005430   0.000000   0.000000
  0.982973   0.017027   0.000000   0.000000
  0.966356   0.033644   0.000000   0.000000
  0.994285   0.005715   0.000000   0.000000
  0.995339   0.004661   0.000000   0.000000
  0.871240   0.128760   0.000000   0.000000
  0.976298   0.023702   0.000000   0.000000
  0.991795   0.008205   0.000000   0.000000
  0.970557   0.029443   0.000000   0.000000
  0.991061   0.008939   0.000000   0.000000
  0.868657   0.131343   0.000000   0.000000
  0.931273   0.068727   0.000000   0.000000
  0.896410   0.103590   0.000000   0.000000
  0.916566   0.083434   0.000000   0.000000
  0.989002   0.010998   0.000000   0.000000
  0.966298   0.033702   0.000000   0.000000
  0.995506   0.004494   0.000000   0.000000
  0.968391   0.031609   0.000000   0.000000
  0.994048   0.005952   0.000000   0.000000
  0.987956   0.012044   0.000000   0.000000
  0.936292   0.063708   0.000000   0.000000
  0.861408   0.138592   0.000000   0.000000
  0.995493   0.004507   0.000000   0.000000
  0.984730   0.015270   0.000000   0.000000
  0.991944   0.008056   0.000000   0.000000
  0.750811   0.249189   0.000000   0.000000
  0.504230   0.495770   0.000000   0.000000
  0.954549   0.045451   0.000000   0.000000
  0.967248   0.032752   0.000000   0.000000
  0.995229   0.004770   0.000000   0.000000
  0.587295   0.412705   0.000000   0.000000
  0.716598   0.283402   0.000000   0.000000
  0.993040   0.006960   0.000000   0.000000
  0.986901   0.013099   0.000000   0.000000
  0.967966   0.032034   0.000000   0.000000
  0.970217   0.029783   0.000000   0.000000
  0.995319   0.004681   0.000000   0.000000
  0.963215   0.036785   0.000000   0.000000
  0.994242   0.005758   0.000000   0.000000
  0.984675   0.015325   0.000000   0.000000
  0.983265   0.016735   0.000000   0.000000
  0.982914   0.017086   0.000000   0.000000
  0.969886   0.030113   0.000000   0.000000
  0.992328   0.007672   0.000000   0.000000
  0.890448   0.109552   0.000000   0.000000
  0.988774   0.011226   0.000000   0.000000
  0.885564   0.114436   0.000000   0.000000
  0.964202   0.035798   0.000000   0.000000
  0.962413   0.037587   0.000000   0.000000
  0.992917   0.007083   0.000000   0.000000
  0.992273   0.007727   0.000000   0.000000
  0.980542   0.019458   0.000000   0.000000
  0.336346   0.663654   0.000000   0.000000
  0.963885   0.036115   0.000000   0.000000
  0.984338   0.015662   0.000000   0.000000
  0.994614   0.005386   0.000000   0.000000
  0.984907   0.015093   0.000000   0.000000
  0.915533   0.084467   0.000000   0.000000
  0.987258   0.012742   0.000000   0.000000
  0.994580   0.005420   0.000000   0.000000
  0.992324   0.007676   0.000000   0.000000
  0.890656   0.109344   0.000000   0.000000
  0.978479   0.021521   0.000000   0.000000
  0.993831   0.006169   0.000000   0.000000
  0.851884   0.148116   0.000000   0.000000
  0.993780   0.006220   0.000000   0.000000
  0.984937   0.015063   0.000000   0.000000
  0.804314   0.195686   0.000000   0.000000
  0.993753   0.006247   0.000000   0.000000
  0.111960   0.888040   1.000000   0.000000
  0.996021   0.003979   0.000000   0.000000
  0.974324   0.025676   0.000000   0.000000
  0.994156   0.005844   0.000000   0.000000
  0.981949   0.018051   0.000000   0.000000
  0.993866   0.006134   0.000000   0.000000
  0.887430   0.112570   0.000000   0.000000
  0.988854   0.011146   0.000000   0.000000
  0.751300   0.248701   0.000000   0.000000
  0.991781   0.008219   0.000000   0.000000
  0.884034   0.115966   0.000000   0.000000
  0.995076   0.004924   0.000000   0.000000
  0.994378   0.005622   0.000000   0.000000
  0.973329   0.026671   0.000000   0.000000
  0.435370   0.564630   0.000000   0.000000
  0.958943   0.041057   0.000000   0.000000
  0.954299   0.045701   0.000000   0.000000
  0.987563   0.012437   0.000000   0.000000
  0.994005   0.005995   0.000000   0.000000
  0.977509   0.022491   0.000000   0.000000
  0.959636   0.040364   0.000000   0.000000
  0.994113   0.005887   0.000000   0.000000
  0.994151   0.005849   0.000000   0.000000
  0.986257   0.013743   0.000000   0.000000
  0.994329   0.005671   0.000000   0.000000
  0.926415   0.073585   0.000000   0.000000
  0.989959   0.010041   0.000000   0.000000
  0.848642   0.151358   0.000000   0.000000
  0.964020   0.035980   0.000000   0.000000
  0.928338   0.071662   0.000000   0.000000
  0.963670   0.036330   0.000000   0.000000
  0.878404   0.121596   0.000000   0.000000
  0.989093   0.010907   0.000000   0.000000
  0.990510   0.009490   0.000000   0.000000
  0.965121   0.034879   0.000000   0.000000
  0.833464   0.166536   0.000000   0.000000
  0.994656   0.005344   0.000000   0.000000
  0.931833   0.068167   0.000000   0.000000
  0.991251   0.008749   0.000000   0.000000
  0.990262   0.009738   0.000000   0.000000
  0.869889   0.130111   0.000000   0.000000
  0.983228   0.016772   0.000000   0.000000
  0.986250   0.013750   0.000000   0.000000
  0.877019   0.122981   0.000000   0.000000
  0.901034   0.098966   0.000000   0.000000
  0.779060   0.220940   0.000000   0.000000
  0.982511   0.017489   0.000000   0.000000
  0.990944   0.009056   0.000000   0.000000
  0.994937   0.005063   0.000000   0.000000
  0.993881   0.006119   0.000000   0.000000
  0.043649   0.956351   1.000000   0.000000
  0.968389   0.031611   0.000000   0.000000
  0.920867   0.079133   0.000000   0.000000
  0.870750   0.129250   0.000000   0.000000
  0.620607   0.379393   0.000000   0.000000
  0.977835   0.022165   0.000000   0.000000
  0.994183   0.005817   0.000000   0.000000
  0.991609   0.008391   0.000000   0.000000
  0.994542   0.005458   0.000000   0.000000
  0.810799   0.189201   0.000000   0.000000
  0.969936   0.030064   0.000000   0.000000
  0.994338   0.005662   0.000000   0.000000
  0.831680   0.168320   0.000000   0.000000
  0.858777   0.141223   0.000000   0.000000
  0.519419   0.480581   0.000000   0.000000
  0.890878   0.109122   0.000000   0.000000
  0.992099   0.007901   0.000000   0.000000
  0.774413   0.225587   0.000000   0.000000
  0.993181   0.006819   0.000000   0.000000
  0.993533   0.006467   0.000000   0.000000
  0.848517   0.151483   0.000000   0.000000
  0.994380   0.005620   0.000000   0.000000
  0.332729   0.667271   0.000000   0.000000
  0.993505   0.006495   0.000000   0.000000
  0.992126   0.007874   0.000000   0.000000
  0.985366   0.014634   0.000000   0.000000
  0.979612   0.020388   0.000000   0.000000
  0.992243   0.007757   0.000000   0.000000
  0.941567   0.058433   0.000000   0.000000
  0.867175   0.132825   0.000000   0.000000
  0.995028   0.004972   0.000000   0.000000
  0.968445   0.031555   0.000000   0.000000
  0.227988   0.772012   1.000000   0.000000
  0.900486   0.099514   0.000000   0.000000
  0.980006   0.019994   0.000000   0.000000
  0.893318   0.106682   0.000000   0.000000
  0.986655   0.013345   0.000000   0.000000
  0.994508   0.005492   0.000000   0.000000
  0.973086   0.026914   0.000000   0.000000
  0.913878   0.086122   0.000000   0.000000
  0.977385   0.022615   0.000000   0.000000
  0.994206   0.005794   0.000000   0.000000
  0.978399   0.021601   0.000000   0.000000
  0.992085   0.007915   0.000000   0.000000
  0.988145   0.011855   0.000000   0.000000
  0.750785   0.249215   0.000000   0.000000
  0.992598   0.007402   0.000000   0.000000
  0.739343   0.260657   0.000000   0.000000
  0.993148   0.006852   0.000000   0.000000
  0.988814   0.011186   0.000000   0.000000
  0.975534   0.024466   0.000000   0.000000
  0.954788   0.045212   0.000000   0.000000
  0.988732   0.011268   0.000000   0.000000
  0.964883   0.035117   0.000000   0.000000
  0.977789   0.022211   0.000000   0.000000
  0.963000   0.037000   0.000000   0.000000
  0.961524   0.038476   0.000000   0.000000
  0.855076   0.144924   0.000000   0.000000
  0.996316   0.003685   0.000000   0.000000
  0.995996   0.004004   0.000000   0.000000
  0.962769   0.037231   0.000000   0.000000
  0.913130   0.086870   0.000000   0.000000
  0.928494   0.071506   0.000000   0.000000
  0.978527   0.021473   0.000000   0.000000
  0.990500   0.009500   0.000000   0.000000
  0.994044   0.005956   0.000000   0.000000
  0.994226   0.005774   0.000000   0.000000
  0.974871   0.025129   0.000000   0.000000
  0.835187   0.164813   0.000000   0.000000
  0.975693   0.024307   0.000000   0.000000
  0.972672   0.027328   0.000000   0.000000
  0.940021   0.059979   0.000000   0.000000
  0.994177   0.005823   0.000000   0.000000
  0.990979   0.009021   0.000000   0.000000
  0.974504   0.025496   0.000000   0.000000
  0.992765   0.007235   0.000000   0.000000
  0.418283   0.581717   0.000000   0.000000
  0.992466   0.007534   0.000000   0.000000
  0.970257   0.029743   0.000000   0.000000
  0.969628   0.030372   0.000000   0.000000
  0.991527   0.008473   0.000000   0.000000
  0.980480   0.019520   0.000000   0.000000
  0.992862   0.007138   0.000000   0.000000
  0.991522   0.008478   0.000000   0.000000
  0.975520   0.024480   0.000000   0.000000
  0.977771   0.022229   0.000000   0.000000
  0.925031   0.074969   0.000000   0.000000
  0.986102   0.013898   0.000000   0.000000
  0.988812   0.011188   0.000000   0.000000
  0.994054   0.005946   0.000000   0.000000
  0.994623   0.005377   0.000000   0.000000
  0.118219   0.881781   1.000000   0.000000
  0.995420   0.004580   0.000000   0.000000
  0.993092   0.006908   0.000000   0.000000
  0.862871   0.137129   0.000000   0.000000
  0.196215   0.803785   1.000000   0.000000
  0.975946   0.024054   0.000000   0.000000
  0.986570   0.013430   0.000000   0.000000
  0.989608   0.010392   0.000000   0.000000
  0.745450   0.254550   0.000000   0.000000
  0.949569   0.050431   0.000000   0.000000
  0.980432   0.019568   0.000000   0.000000
  0.248358   0.751642   1.000000   0.000000
  0.993136   0.006864   0.000000   0.000000
  0.991734   0.008266   0.000000   0.000000
  0.970746   0.029255   0.000000   0.000000
  0.992280   0.007720   0.000000   0.000000
  0.958277   0.041723   0.000000   0.000000
  0.983963   0.016037   0.000000   0.000000
  0.934354   0.065646   0.000000   0.000000
  0.982376   0.017624   0.000000   0.000000
  0.993615   0.006385   0.000000   0.000000
  0.969043   0.030957   0.000000   0.000000
  0.987057   0.012943   0.000000   0.000000
  0.994622   0.005378   0.000000   0.000000
  0.810424   0.189576   0.000000   0.000000
  0.993158   0.006842   0.000000   0.000000
  0.937544   0.062456   0.000000   0.000000
  0.994403   0.005597   0.000000   0.000000
  0.970631   0.029369   0.000000   0.000000
  0.988496   0.011504   0.000000   0.000000
  0.980644   0.019356   0.000000   0.000000
  0.303866   0.696134   0.000000   0.000000
  0.929401   0.070599   0.000000   0.000000
  0.994457   0.005543   0.000000   0.000000
  0.993365   0.006635   0.000000   0.000000
  0.798839   0.201161   0.000000   0.000000
  0.985281   0.014719   0.000000   0.000000
  0.970308   0.029692   0.000000   0.000000
  0.852791   0.147209   0.000000   0.000000
  0.950988   0.049012   0.000000   0.000000
  0.956950   0.043051   0.000000   0.000000
  0.978110   0.021890   0.000000   0.000000
  0.847163   0.152837   0.000000   0.000000
  0.277218   0.722782   1.000000   0.000000
  0.993945   0.006055   0.000000   0.000000
  0.678484   0.321516   0.000000   0.000000
  0.993091   0.006909   0.000000   0.000000
  0.948596   0.051404   0.000000   0.000000
  0.910416   0.089584   0.000000   0.000000
  0.980531   0.019469   0.000000   0.000000
  0.970624   0.029376   0.000000   0.000000
  0.887173   0.112827   0.000000   0.000000
  0.995136   0.004864   0.000000   0.000000
  0.992698   0.007301   0.000000   0.000000
  0.989741   0.010259   0.000000   0.000000
  0.974908   0.025092   0.000000   0.000000
  0.959702   0.040298   0.000000   0.000000
  0.970852   0.029148   0.000000   0.000000
  0.994052   0.005948   0.000000   0.000000
  0.942813   0.057187   0.000000   0.000000
  0.969651   0.030349   0.000000   0.000000
  0.969669   0.030331   0.000000   0.000000
  0.983891   0.016109   0.000000   0.000000
  0.926850   0.073150   0.000000   0.000000
  0.903299   0.096701   0.000000   0.000000
  0.994078   0.005922   0.000000   0.000000
  0.910513   0.089487   0.000000   0.000000
  0.980217   0.019783   0.000000   0.000000
  0.964284   0.035716   0.000000   0.000000
  0.979941   0.020059   0.000000   0.000000
  0.931236   0.068764   0.000000   0.000000
  0.994652   0.005348   0.000000   0.000000
  0.917400   0.082600   0.000000   0.000000
  0.819120   0.180880   0.000000   0.000000
  0.840537   0.159463   0.000000   0.000000
  0.887709   0.112291   0.000000   0.000000
  0.962439   0.037561   0.000000   0.000000
  0.995844   0.004156   0.000000   0.000000
  0.983884   0.016116   0.000000   0.000000
  0.993396   0.006604   0.000000   0.000000
  0.870802   0.129198   0.000000   0.000000
  0.992946   0.007054   0.000000   0.000000
  0.994891   0.005109   0.000000   0.000000
  0.921182   0.078818   0.000000   0.000000
  0.923934   0.076066   0.000000   0.000000
  0.987056   0.012944   0.000000   0.000000
  0.994256   0.005744   0.000000   0.000000
  0.934983   0.065017   0.000000   0.000000
  0.994489   0.005511   0.000000   0.000000
  0.983648   0.016352   0.000000   0.000000
  0.971892   0.028108   0.000000   0.000000
  0.969778   0.030222   0.000000   0.000000
  0.889346   0.110654   0.000000   0.000000
  0.983562   0.016438   0.000000   0.000000
  0.986450   0.013551   0.000000   0.000000
  0.993399   0.006601   0.000000   0.000000
  0.946891   0.053109   0.000000   0.000000
  0.992685   0.007315   0.000000   0.000000
  0.990494   0.009506   0.000000   0.000000
  0.953879   0.046120   0.000000   0.000000
  0.973489   0.026511   0.000000   0.000000
  0.788633   0.211367   0.000000   0.000000
  0.940383   0.059617   0.000000   0.000000
  0.994143   0.005857   0.000000   0.000000
  0.993107   0.006893   0.000000   0.000000
  0.890620   0.109380   0.000000   0.000000
  0.977997   0.022003   0.000000   0.000000
  0.995152   0.004848   0.000000   0.000000
  0.988214   0.011786   0.000000   0.000000
  0.893450   0.106550   0.000000   0.000000
  0.941974   0.058026   0.000000   0.000000
  0.776346   0.223654   0.000000   0.000000
  0.956717   0.043283   0.000000   0.000000
  0.982776   0.017224   0.000000   0.000000
  0.983391   0.016609   0.000000   0.000000
  0.990624   0.009376   0.000000   0.000000
  0.993772   0.006228   0.000000   0.000000
  0.860530   0.139470   0.000000   0.000000
  0.980733   0.019267   0.000000   0.000000
  0.830207   0.169793   0.000000   0.000000
  0.955154   0.044846   0.000000   0.000000
  0.981753   0.018247   0.000000   0.000000
  0.832791   0.167209   0.000000   0.000000
  0.974764   0.025236   0.000000   0.000000
  0.971769   0.028231   0.000000   0.000000
  0.992453   0.007547   0.000000   0.000000
  0.918919   0.081081   0.000000   0.000000
  0.967065   0.032935   0.000000   0.000000
  0.756203   0.243797   0.000000   0.000000
  0.995936   0.004064   0.000000   0.000000
  0.995555   0.004445   0.000000   0.000000
  0.993128   0.006872   0.000000   0.000000
  0.990141   0.009859   0.000000   0.000000
  0.981251   0.018749   0.000000   0.000000
  0.861042   0.138958   0.000000   0.000000
  0.814051   0.185949   0.000000   0.000000
  0.977929   0.022071   0.000000   0.000000
  0.914635   0.085365   0.000000   0.000000
  0.990615   0.009385   0.000000   0.000000
  0.994057   0.005943   0.000000   0.000000
  0.986068   0.013932   0.000000   0.000000
  0.990563   0.009437   0.000000   0.000000
  0.993643   0.006357   0.000000   0.000000
  0.921037   0.078963   0.000000   0.000000
  0.705314   0.294686   0.000000   0.000000
  0.993804   0.006196   0.000000   0.000000
  0.990905   0.009095   0.000000   0.000000
  0.991683   0.008317   0.000000   0.000000
  0.969091   0.030909   0.000000   0.000000
  0.982364   0.017636   0.000000   0.000000
  0.874962   0.125038   0.000000   0.000000
  0.994286   0.005714   0.000000   0.000000
  0.984687   0.015313   0.000000   0.000000
  0.926146   0.073854   0.000000   0.000000
  0.979154   0.020846   0.000000   0.000000
  0.977601   0.022399   0.000000   0.000000
  0.975960   0.024040   0.000000   0.000000
  0.993297   0.006703   0.000000   0.000000
  0.378568   0.621432   0.000000   0.000000
  0.978310   0.021690   0.000000   0.000000
  0.969067   0.030933   0.000000   0.000000
  0.712713   0.287287   0.000000   0.000000
  0.926359   0.073641   0.000000   0.000000
  0.986348   0.013652   0.000000   0.000000
  0.924391   0.075609   0.000000   0.000000
  0.993863   0.006137   0.000000   0.000000
  0.938155   0.061845   0.000000   0.000000
  0.989071   0.010929   0.000000   0.000000
  0.299364   0.700636   1.000000   0.000000
  0.972504   0.027496   0.000000   0.000000
  0.966665   0.033335   0.000000   0.000000
  0.992069   0.007931   0.000000   0.000000
  0.992102   0.007898   0.000000   0.000000
  0.968369   0.031631   0.000000   0.000000
  0.982678   0.017322   0.000000   0.000000
  0.966983   0.033017   0.000000   0.000000
  0.995104   0.004896   0.000000   0.000000
  0.993977   0.006023   0.000000   0.000000
  0.960248   0.039752   0.000000   0.000000
  0.986493   0.013507   0.000000   0.000000
  0.992857   0.007143   0.000000   0.000000
  0.993813   0.006187   0.000000   0.000000
  0.964472   0.035528   0.000000   0.000000
  0.991339   0.008661   0.000000   0.000000
  0.993486   0.006514   0.000000   0.000000
  0.817436   0.182564   0.000000   0.000000
  0.695750   0.304251   0.000000   0.000000
  0.912542   0.087458   0.000000   0.000000
  0.975309   0.024691   0.000000   0.000000
  0.978238   0.021762   0.000000   0.000000
  0.972487   0.027513   0.000000   0.000000
  0.984023   0.015977   0.000000   0.000000
  0.994016   0.005984   0.000000   0.000000
  0.986033   0.013967   0.000000   0.000000
  0.841321   0.158679   0.000000   0.000000
  0.993516   0.006484   0.000000   0.000000
  0.949762   0.050238   0.000000   0.000000
  0.940494   0.059506   0.000000   0.000000
  0.952363   0.047637   0.000000   0.000000
  0.994054   0.005946   0.000000   0.000000
  0.881367   0.118633   0.000000   0.000000
  0.954759   0.045241   0.000000   0.000000
  0.985486   0.014514   0.000000   0.000000
  0.995498   0.004502   0.000000   0.000000
  0.921053   0.078947   0.000000   0.000000
  0.973726   0.026274   0.000000   0.000000
  0.968749   0.031251   0.000000   0.000000
  0.987770   0.012230   0.000000   0.000000
  0.991477   0.008523   0.000000   0.000000
  0.980058   0.019942   0.000000   0.000000
  0.976727   0.023273   0.000000   0.000000
  0.987611   0.012389   0.000000   0.000000
  0.982348   0.017652   0.000000   0.000000
  0.973019   0.026980   0.000000   0.000000
  0.992141   0.007858   0.000000   0.000000
  0.915254   0.084746   0.000000   0.000000
  0.939756   0.060244   0.000000   0.000000
  0.993506   0.006494   0.000000   0.000000
  0.994501   0.005499   0.000000   0.000000
  0.932792   0.067208   0.000000   0.000000
  0.982932   0.017068   0.000000   0.000000
  0.978743   0.021257   0.000000   0.000000
  0.992885   0.007115   0.000000   0.000000
  0.990342   0.009658   0.000000   0.000000
  0.650390   0.349610   0.000000   0.000000
  0.943971   0.056029   0.000000   0.000000
  0.980676   0.019324   0.000000   0.000000
  0.856169   0.143831   0.000000   0.000000
  0.968895   0.031105   0.000000   0.000000
  0.841019   0.158981   0.000000   0.000000
  0.991668   0.008332   0.000000   0.000000
  0.934807   0.065193   0.000000   0.000000
  0.992588   0.007412   0.000000   0.000000
  0.988616   0.011384   0.000000   0.000000
  0.973035   0.026965   0.000000   0.000000
  0.985647   0.014353   0.000000   0.000000
  0.973958   0.026042   0.000000   0.000000
  0.833194   0.166806   0.000000   0.000000
  0.993627   0.006373   0.000000   0.000000
  0.994079   0.005921   0.000000   0.000000
  0.970347   0.029653   0.000000   0.000000
  0.944754   0.055246   0.000000   0.000000
  0.859954   0.140046   0.000000   0.000000
  0.993820   0.006180   0.000000   0.000000
  0.989013   0.010987   0.000000   0.000000
  0.992363   0.007637   0.000000   0.000000
  0.992882   0.007118   0.000000   0.000000
  0.993809   0.006191   0.000000   0.000000
  0.967188   0.032812   0.000000   0.000000
  0.994099   0.005900   0.000000   0.000000
  0.981308   0.018692   0.000000   0.000000
  0.994409   0.005591   0.000000   0.000000
  0.993822   0.006178   0.000000   0.000000
  0.993901   0.006099   0.000000   0.000000
  0.923791   0.076209   0.000000   0.000000
  0.983021   0.016979   0.000000   0.000000
  0.986188   0.013812   0.000000   0.000000
  0.971832   0.028168   0.000000   0.000000
  0.984423   0.015577   0.000000   0.000000
  0.832591   0.167409   0.000000   0.000000
  0.988171   0.011829   0.000000   0.000000
  0.911491   0.088509   0.000000   0.000000
  0.985000   0.015000   0.000000   0.000000
  0.967682   0.032318   0.000000   0.000000
  0.994766   0.005234   0.000000   0.000000
  0.994922   0.005078   0.000000   0.000000
  0.993245   0.006755   0.000000   0.000000
  0.974367   0.025633   0.000000   0.000000
  0.979827   0.020173   0.000000   0.000000
  0.923645   0.076356   0.000000   0.000000
  0.920518   0.079483   0.000000   0.000000
  0.975624   0.024376   0.000000   0.000000
  0.978208   0.021792   0.000000   0.000000
  0.688240   0.311760   0.000000   0.000000
  0.981471   0.018529   0.000000   0.000000
  0.951306   0.048694   0.000000   0.000000
  0.993702   0.006298   0.000000   0.000000
  0.854782   0.145218   0.000000   0.000000
  0.975933   0.024067   0.000000   0.000000
  0.992697   0.007303   0.000000   0.000000
  0.987823   0.012177   0.000000   0.000000
  0.993592   0.006408   0.000000   0.000000
  0.964195   0.035806   0.000000   0.000000
  0.994002   0.005998   0.000000   0.000000
  0.995457   0.004543   0.000000   0.000000
  0.838736   0.161263   0.000000   0.000000
  0.974551   0.025448   0.000000   0.000000
  0.859542   0.140458   0.000000   0.000000
  0.995067   0.004933   0.000000   0.000000
  0.990070   0.009930   0.000000   0.000000
  0.829002   0.170998   0.000000   0.000000
  0.980388   0.019612   0.000000   0.000000
  0.980385   0.019615   0.000000   0.000000
  0.771379   0.228621   0.000000   0.000000
  0.980312   0.019688   0.000000   0.000000
  0.949395   0.050605   0.000000   0.000000
  0.994062   0.005938   0.000000   0.000000
  0.992631   0.007369   0.000000   0.000000
  0.994096   0.005904   0.000000   0.000000
  0.958872   0.041128   0.000000   0.000000
  0.984574   0.015426   0.000000   0.000000
  0.978453   0.021547   0.000000   0.000000
  0.994069   0.005931   0.000000   0.000000
  0.931214   0.068786   0.000000   0.000000
  0.991865   0.008135   0.000000   0.000000
  0.963218   0.036782   0.000000   0.000000
  0.931224   0.068776   0.000000   0.000000
  0.985175   0.014825   0.000000   0.000000
  0.990637   0.009363   0.000000   0.000000
  0.915647   0.084353   0.000000   0.000000
  0.973343   0.026657   0.000000   0.000000
  0.965262   0.034738   0.000000   0.000000
  0.986876   0.013124   0.000000   0.000000
  0.985067   0.014933   0.000000   0.000000
  0.993194   0.006806   0.000000   0.000000
  0.979441   0.020559   0.000000   0.000000
  0.981542   0.018458   0.000000   0.000000
  0.984222   0.015778   0.000000   0.000000
  0.965971   0.034029   0.000000   0.000000
  0.979179   0.020821   0.000000   0.000000
  0.984411   0.015589   0.000000   0.000000
  0.985232   0.014768   0.000000   0.000000
  0.984124   0.015876   0.000000   0.000000
  0.966593   0.033408   0.000000   0.000000
  0.954354   0.045646   0.000000   0.000000
  0.992492   0.007508   0.000000   0.000000
  0.994124   0.005876   0.000000   0.000000
  0.648645   0.351355   0.000000   0.000000
  0.990187   0.009813   0.000000   0.000000
  0.993938   0.006062   0.000000   0.000000
  0.989973   0.010027   0.000000   0.000000
  0.938934   0.061066   0.000000   0.000000
  0.958381   0.041619   0.000000   0.000000
  0.875397   0.124603   0.000000   0.000000
  0.916407   0.083593   0.000000   0.000000
  0.994286   0.005714   0.000000   0.000000
  0.978662   0.021338   0.000000   0.000000
  0.993684   0.006316   0.000000   0.000000
  0.735359   0.264641   0.000000   0.000000
  0.774536   0.225464   0.000000   0.000000
  0.911992   0.088008   0.000000   0.000000
  0.989832   0.010168   0.000000   0.000000
  0.982762   0.017238   0.000000   0.000000
  0.985032   0.014968   0.000000   0.000000
  0.974610   0.025390   0.000000   0.000000
  0.994093   0.005907   0.000000   0.000000
  0.983163   0.016837   0.000000   0.000000
  0.973064   0.026936   0.000000   0.000000
  0.972619   0.027381   0.000000   0.000000
  0.994017   0.005983   0.000000   0.000000
  0.902782   0.097218   0.000000   0.000000
  0.874192   0.125808   0.000000   0.000000
  0.981741   0.018259   0.000000   0.000000
  0.984128   0.015871   0.000000   0.000000
  0.977140   0.022860   0.000000   0.000000
  0.987231   0.012769   0.000000   0.000000
  0.988478   0.011522   0.000000   0.000000
  0.937755   0.062245   0.000000   0.000000
  0.930294   0.069706   0.000000   0.000000
  0.992060   0.007940   0.000000   0.000000
  0.934452   0.065548   0.000000   0.000000
  0.703443   0.296557   0.000000   0.000000
  0.981988   0.018013   0.000000   0.000000
  0.901095   0.098905   0.000000   0.000000
  0.994080   0.005920   0.000000   0.000000
  0.981423   0.018577   0.000000   0.000000
  0.993234   0.006766   0.000000   0.000000
  0.907413   0.092587   0.000000   0.000000
  0.988487   0.011513   0.000000   0.000000
  0.993784   0.006216   0.000000   0.000000
  0.969542   0.030458   0.000000   0.000000
  0.980461   0.019538   0.000000   0.000000
  0.994505   0.005495   0.000000   0.000000
  0.805140   0.194860   0.000000   0.000000
  0.994679   0.005321   0.000000   0.000000
  0.874258   0.125742   0.000000   0.000000
  0.525551   0.474449   0.000000   0.000000
  0.666790   0.333210   0.000000   0.000000
  0.992885   0.007115   0.000000   0.000000
  0.979920   0.020080   0.000000   0.000000
  0.968909   0.031091   0.000000   0.000000
  0.876167   0.123833   0.000000   0.000000
  0.919511   0.080489   0.000000   0.000000
  0.975948   0.024052   0.000000   0.000000
  0.994423   0.005577   0.000000   0.000000
  0.992725   0.007275   0.000000   0.000000
  0.989374   0.010626   0.000000   0.000000
  0.993505   0.006495   0.000000   0.000000
  0.754807   0.245193   0.000000   0.000000
  0.840346   0.159654   0.000000   0.000000
  0.905150   0.094850   0.000000   0.000000
  0.993558   0.006442   0.000000   0.000000
  0.702428   0.297572   0.000000   0.000000
  0.964634   0.035366   0.000000   0.000000
  0.214224   0.785776   1.000000   0.000000
  0.991314   0.008686   0.000000   0.000000
  0.991826   0.008174   0.000000   0.000000
  0.959564   0.040436   0.000000   0.000000
  0.994566   0.005434   0.000000   0.000000
  0.983506   0.016494   0.000000   0.000000
  0.969986   0.030014   0.000000   0.000000
  0.965717   0.034283   0.000000   0.000000
  0.995455   0.004545   0.000000   0.000000
  0.971770   0.028230   0.000000   0.000000
  0.971724   0.028276   0.000000   0.000000
  0.979494   0.020506   0.000000   0.000000
  0.861348   0.138652   0.000000   0.000000
  0.981078   0.018922   0.000000   0.000000
  0.977674   0.022326   0.000000   0.000000
  0.967361   0.032639   0.000000   0.000000
  0.980577   0.019422   0.000000   0.000000
  0.946260   0.053740   0.000000   0.000000
  0.992434   0.007566   0.000000   0.000000
  0.970839   0.029161   0.000000   0.000000
  0.899624   0.100376   0.000000   0.000000
  0.982661   0.017339   0.000000   0.000000
  0.440673   0.559327   0.000000   0.000000
  0.981196   0.018804   0.000000   0.000000
  0.990689   0.009311   0.000000   0.000000
  0.979745   0.020255   0.000000   0.000000
  0.293011   0.706989   1.000000   0.000000
  0.993484   0.006516   0.000000   0.000000
  0.985745   0.014256   0.000000   0.000000
  0.207426   0.792574   1.000000   0.000000
  0.095575   0.904425   1.000000   0.000000
  0.990821   0.009179   0.000000   0.000000
  0.883150   0.116850   0.000000   0.000000
  0.797020   0.202980   0.000000   0.000000
  0.948821   0.051179   0.000000   0.000000
  0.993499   0.006502   0.000000   0.000000
  0.977640   0.022360   0.000000   0.000000
  0.986555   0.013446   0.000000   0.000000
  0.878173   0.121827   0.000000   0.000000
  0.985182   0.014818   0.000000   0.000000
  0.917036   0.082964   0.000000   0.000000
  0.920500   0.079500   0.000000   0.000000
  0.995667   0.004333   0.000000   0.000000
  0.993001   0.006999   0.000000   0.000000
  0.649531   0.350469   0.000000   0.000000
  0.992221   0.007779   0.000000   0.000000
  0.994744   0.005256   0.000000   0.000000
  0.811126   0.188874   0.000000   0.000000
  0.992711   0.007289   0.000000   0.000000
  0.872262   0.127738   0.000000   0.000000
  0.980080   0.019920   0.000000   0.000000
  0.990318   0.009682   0.000000   0.000000
  0.989318   0.010682   0.000000   0.000000
  0.854336   0.145664   0.000000   0.000000
  0.993326   0.006674   0.000000   0.000000
  0.971664   0.028336   0.000000   0.000000
  0.875504   0.124496   0.000000   0.000000
  0.969348   0.030652   0.000000   0.000000
  0.992051   0.007949   0.000000   0.000000
  0.855063   0.144937   0.000000   0.000000
  0.985720   0.014280   0.000000   0.000000
  0.994731   0.005269   0.000000   0.000000
  0.988489   0.011511   0.000000   0.000000
  0.966089   0.033911   0.000000   0.000000
  0.819043   0.180957   0.000000   0.000000
  0.994208   0.005792   0.000000   0.000000
  0.994602   0.005398   0.000000   0.000000
  0.960734   0.039266   0.000000   0.000000
  0.967713   0.032287   0.000000   0.000000
  0.940247   0.059753   0.000000   0.000000
  0.842736   0.157264   0.000000   0.000000
  0.969777   0.030223   0.000000   0.000000
  0.993632   0.006368   0.000000   0.000000
  0.961544   0.038456   0.000000   0.000000
  0.967106   0.032894   0.000000   0.000000
  0.872124   0.127875   0.000000   0.000000
  0.928872   0.071128   0.000000   0.000000
  0.990613   0.009387   0.000000   0.000000
  0.995180   0.004820   0.000000   0.000000
  0.992457   0.007543   0.000000   0.000000
  0.994020   0.005980   0.000000   0.000000
  0.856129   0.143871   0.000000   0.000000
  0.850076   0.149924   0.000000   0.000000
  0.874353   0.125647   0.000000   0.000000
  0.930894   0.069106   0.000000   0.000000
  0.931880   0.068120   0.000000   0.000000
  0.964897   0.035103   0.000000   0.000000
  0.982539   0.017461   0.000000   0.000000
  0.927195   0.072805   0.000000   0.000000
  0.934233   0.065767   0.000000   0.000000
  0.764025   0.235975   0.000000   0.000000
  0.994906   0.005094   0.000000   0.000000
  0.972074   0.027926   0.000000   0.000000
  0.987058   0.012942   0.000000   0.000000
  0.448951   0.551049   0.000000   0.000000
  0.961753   0.038247   0.000000   0.000000
  0.933280   0.066720   0.000000   0.000000
  0.926414   0.073586   0.000000   0.000000
  0.993031   0.006969   0.000000   0.000000
  0.942456   0.057544   0.000000   0.000000
  0.974687   0.025313   0.000000   0.000000
  0.993106   0.006894   0.000000   0.000000
  0.994520   0.005480   0.000000   0.000000
  0.760917   0.239083   0.000000   0.000000
  0.985479   0.014521   0.000000   0.000000
  0.993972   0.006028   0.000000   0.000000
  0.872649   0.127351   0.000000   0.000000
  0.982470   0.017530   0.000000   0.000000
  0.994571   0.005429   0.000000   0.000000
  0.990216   0.009784   0.000000   0.000000
  0.994314   0.005686   0.000000   0.000000
  0.990163   0.009837   0.000000   0.000000
  0.987126   0.012874   0.000000   0.000000
  0.980505   0.019495   0.000000   0.000000
  0.994488   0.005512   0.000000   0.000000
  0.672406   0.327594   0.000000   0.000000
  0.994748   0.005252   0.000000   0.000000
  0.990142   0.009858   0.000000   0.000000
  0.949330   0.050670   0.000000   0.000000
  0.724569   0.275431   0.000000   0.000000
  0.922464   0.077536   0.000000   0.000000
  0.982330   0.017670   0.000000   0.000000
  0.993587   0.006412   0.000000   0.000000
  0.720789   0.279211   0.000000   0.000000
  0.960241   0.039759   0.000000   0.000000
  0.980419   0.019581   0.000000   0.000000
  0.992190   0.007810   0.000000   0.000000
  0.955436   0.044564   0.000000   0.000000
  0.955859   0.044141   0.000000   0.000000
  0.757818   0.242182   0.000000   0.000000
  0.888910   0.111090   0.000000   0.000000
  0.918122   0.081878   0.000000   0.000000
  0.983453   0.016547   0.000000   0.000000
  0.991550   0.008450   0.000000   0.000000
  0.994345   0.005654   0.000000   0.000000
  0.977581   0.022419   0.000000   0.000000
  0.918817   0.081183   0.000000   0.000000
  0.993546   0.006454   0.000000   0.000000
  0.973100   0.026900   0.000000   0.000000
  0.993882   0.006118   0.000000   0.000000
  0.499128   0.500872   0.000000   0.000000
  0.972029   0.027971   0.000000   0.000000
  0.991335   0.008665   0.000000   0.000000
  0.993237   0.006762   0.000000   0.000000
  0.990387   0.009613   0.000000   0.000000
  0.994107   0.005893   0.000000   0.000000
  0.560657   0.439343   0.000000   0.000000
  0.976534   0.023466   0.000000   0.000000
  0.959255   0.040745   0.000000   0.000000
  0.935402   0.064598   0.000000   0.000000
  0.989670   0.010330   0.000000   0.000000
  0.926755   0.073245   0.000000   0.000000
  0.923440   0.076560   0.000000   0.000000
  0.983675   0.016325   0.000000   0.000000
  0.994058   0.005942   0.000000   0.000000
  0.975251   0.024749   0.000000   0.000000
  0.757092   0.242908   0.000000   0.000000
  0.962676   0.037324   0.000000   0.000000
  0.989447   0.010553   0.000000   0.000000
  0.983196   0.016804   0.000000   0.000000
  0.972508   0.027492   0.000000   0.000000
  0.992064   0.007936   0.000000   0.000000
  0.984108   0.015892   0.000000   0.000000
  0.991364   0.008636   0.000000   0.000000
  0.960907   0.039093   0.000000   0.000000
  0.937875   0.062125   0.000000   0.000000
  0.993853   0.006147   0.000000   0.000000
  0.933599   0.066401   0.000000   0.000000
  0.381005   0.618995   0.000000   0.000000
  0.970796   0.029204   0.000000   0.000000
  0.994188   0.005812   0.000000   0.000000
  0.991272   0.008728   0.000000   0.000000
  0.984685   0.015315   0.000000   0.000000
  0.835847   0.164153   0.000000   0.000000
  0.930920   0.069080   0.000000   0.000000
  0.931663   0.068337   0.000000   0.000000
  0.884469   0.115531   0.000000   0.000000
  0.771592   0.228408   0.000000   0.000000
  0.974870   0.025130   0.000000   0.000000
  0.994020   0.005980   0.000000   0.000000
  0.992609   0.007391   0.000000   0.000000
  0.994321   0.005679   0.000000   0.000000
  0.867338   0.132662   0.000000   0.000000
  0.990733   0.009267   0.000000   0.000000
  0.994232   0.005768   0.000000   0.000000
  0.992239   0.007761   0.000000   0.000000
  0.527268   0.472732   0.000000   0.000000
  0.910749   0.089251   0.000000   0.000000
  0.982812   0.017188   0.000000   0.000000
  0.920684   0.079316   0.000000   0.000000
  0.991418   0.008582   0.000000   0.000000
  0.922871   0.077129   0.000000   0.000000
  0.986099   0.013901   0.000000   0.000000
  0.987376   0.012624   0.000000   0.000000
  0.993810   0.006190   0.000000   0.000000
  0.722298   0.277702   0.000000   0.000000
  0.782673   0.217327   0.000000   0.000000
  0.991871   0.008129   0.000000   0.000000
  0.969000   0.031000   0.000000   0.000000
  0.900503   0.099497   0.000000   0.000000
  0.994415   0.005585   0.000000   0.000000
  0.992013   0.007987   0.000000   0.000000
  0.874864   0.125136   0.000000   0.000000
  0.793047   0.206953   0.000000   0.000000
  0.984349   0.015651   0.000000   0.000000
  0.994736   0.005264   0.000000   0.000000
  0.971320   0.028680   0.000000   0.000000
  0.975460   0.024540   0.000000   0.000000
  0.986647   0.013353   0.000000   0.000000
  0.942365   0.057635   0.000000   0.000000
  0.761845   0.238155   0.000000   0.000000
  0.982828   0.017172   0.000000   0.000000
  0.982621   0.017379   0.000000   0.000000
  0.986822   0.013178   0.000000   0.000000
  0.955501   0.044499   0.000000   0.000000
  0.959698   0.040302   0.000000   0.000000
  0.991723   0.008277   0.000000   0.000000
  0.992909   0.007091   0.000000   0.000000
  0.888095   0.111905   0.000000   0.000000
  0.706699   0.293301   0.000000   0.000000
  0.994107   0.005893   0.000000   0.000000
  0.977526   0.022474   0.000000   0.000000
  0.989798   0.010202   0.000000   0.000000
  0.971597   0.028403   0.000000   0.000000
  0.936662   0.063338   0.000000   0.000000
  0.982876   0.017124   0.000000   0.000000
  0.984136   0.015864   0.000000   0.000000
  0.971478   0.028522   0.000000   0.000000
  0.991887   0.008113   0.000000   0.000000
  0.994176   0.005824   0.000000   0.000000
  0.941353   0.058647   0.000000   0.000000
  0.985105   0.014895   0.000000   0.000000
  0.995294   0.004706   0.000000   0.000000
  0.224458   0.775542   1.000000   0.000000
  0.467036   0.532964   0.000000   0.000000
  0.918935   0.081065   0.000000   0.000000
  0.981482   0.018518   0.000000   0.000000
  0.478085   0.521915   0.000000   0.000000
  0.884457   0.115543   0.000000   0.000000
  0.986203   0.013797   0.000000   0.000000
  0.873991   0.126009   0.000000   0.000000
  0.927329   0.072671   0.000000   0.000000
  0.969358   0.030642   0.000000   0.000000
  0.971292   0.028708   0.000000   0.000000
  0.979456   0.020544   0.000000   0.000000
  0.993034   0.006966   0.000000   0.000000
  0.988125   0.011875   0.000000   0.000000
  0.976922   0.023078   0.000000   0.000000
  0.985983   0.014017   0.000000   0.000000
  0.990950   0.009050   0.000000   0.000000
  0.990702   0.009298   0.000000   0.000000
  0.953254   0.046746   0.000000   0.000000
  0.987132   0.012868   0.000000   0.000000
  0.991411   0.008589   0.000000   0.000000
  0.884164   0.115836   0.000000   0.000000
  0.994084   0.005916   0.000000   0.000000
  0.976983   0.023017   0.000000   0.000000
  0.994464   0.005536   0.000000   0.000000
  0.992931   0.007068   0.000000   0.000000
  0.993887   0.006113   0.000000   0.000000
  0.986001   0.013999   0.000000   0.000000
  0.952093   0.047907   0.000000   0.000000
  0.948350   0.051650   0.000000   0.000000
  0.974233   0.025767   0.000000   0.000000
  0.927339   0.072661   0.000000   0.000000
  0.970794   0.029206   0.000000   0.000000
  0.727480   0.272520   0.000000   0.000000
  0.966081   0.033919   0.000000   0.000000
  0.066273   0.933727   1.000000   0.000000
  0.404796   0.595204   0.000000   0.000000
  0.985007   0.014993   0.000000   0.000000
  0.981450   0.018550   0.000000   0.000000
  0.989350   0.010650   0.000000   0.000000
  0.990454   0.009546   0.000000   0.000000
  0.926858   0.073142   0.000000   0.000000
  0.739931   0.260069   0.000000   0.000000
  0.961128   0.038872   0.000000   0.000000
  0.986682   0.013318   0.000000   0.000000
  0.995548   0.004452   0.000000   0.000000
  0.851955   0.148045   0.000000   0.000000
  0.996036   0.003964   0.000000   0.000000
