-29
-29
-29
-29
-29
-29
-29
-29
-30
-31
-30
-30
-28
-25
-22
-19
-16
-13
-10
-6
-2
0
4
7
9
10
11
12
12
11
10
8
5
1
-1
-4
-6
-9
-12
-15
-17
-20
-22
-23
-24
-25
-26
-26
-26
-27
-27
-27
-27
-27
-27
-27
-27
-27
-28
-28
-28
-28
-28
-28
-28
-28
-28
-28
-29
-29
-29
-29
-29
-29
-29
-27
-25
-23
-20
-17
-14
-11
-7
-3
0
3
6
9
12
13
13
12
8
4
0
-4
-8
-11
-14
-16
-18
-20
-21
-23
-24
-25
-26
-26
-27
-28
-28
-28
-28
-28
-28
-28
-28
-29
-29
-29
-29
-29
-29
-29
-28
-28
-28
-29
-30
-30
-29
-28
-27
-26
-25
-25
-25
-26
-27
-27
-28
-28
-28
-28
-28
-28
-28
-28
-28
-28

