59
55
52
49
45
42
37
29
21
14
7
-1
-8
-14
-20
-25
-28
-30
-31
-26
-18
-10
-2
7
19
31
42
52
61
69
75
79
79
80
80
80
79
78
73
65
56
47
39
31
24
18
12
6
0
-5
-11
-17
-22
-26
-29
-31
-34
-35
-35
-34
-32
-28
-23
-19
-16
-13
-10
-8
-6
-5
-5
-5
-5
-7
-9
-12
-16
-19
-22
-25
-28
-31
-33
-34
-36
-38
-39
-40
-41
-41
-41
-42
-42
-42
-42
-43
-43
-44
-43
-42
-40
-38
-36
-35
-35
-34
-34
-33
-33
-32
-32
-33
-35
-36
-38
-39
-39
-39
-38
-37
-37
-36
-36
-35
-36
-37
-37
-37
-37
-37
-37
-37
-36
-37
-38
-38
-38
-37
-36
-34
-33
-31
-30
-30
-29
-29
-29
-30
-30
-30

