-14
-14
-14
-14
-13
-14
-14
-15
-14
-14
-14
-14
-14
-13
-11
-8
-5
-1
1
4
8
12
16
20
23
27
30
35
39
43
47
49
50
50
50
48
47
44
41
37
32
29
26
24
22
19
15
12
8
5
1
-1
-4
-7
-10
-12
-14
-16
-18
-19
-20
-21
-22
-23
-24
-24
-24
-24
-24
-24
-24
-24
-24
-24
-24
-24
-24
-23
-22
-21
-20
-18
-17
-14
-13
-11
-9
-7
-5
-3
-3
-3
-4
-6
-9
-12
-14
-15
-16
-17
-18
-19
-20
-21
-22
-23
-24
-25
-25
-25
-25
-26
-26
-26
-26
-27
-27
-27
-27
-27
-27
-27
-27
-27
-27
-27
-28
-29
-28
-28
-28
-28
-28
-28
-28
-27
-28
-28
-28
-28
-28
-28
-28
-28
-28
-27
-27
-28
-29
-29

