-35
-36
-36
-37
-38
-38
-37
-34
-30
-26
-22
-18
-15
-12
-8
-5
-2
0
3
5
6
5
3
1
-1
-4
-7
-10
-13
-16
-19
-22
-24
-26
-28
-30
-31
-33
-34
-36
-37
-37
-38
-39
-39
-39
-39
-39
-40
-40
-41
-41
-41
-41
-41
-41
-40
-40
-41
-40
-37
-35
-32
-30
-28
-28
-27
-27
-26
-26
-27
-28
-29
-30
-31
-32
-34
-35
-36
-37
-38
-38
-39
-39
-40
-41
-42
-42
-42
-42
-42
-42
-42
-43
-44
-44
-44
-44
-43
-42
-41
-41
-41
-41
-41
-41
-41
-41
-40
-40
-40
-40
-41
-41
-41
-40
-40
-40
-40
-39
-39
-40
-40
-40
-41
-41
-41
-40
-39
-37
-36
-34
-33
-32
-31
-31
-30
-30
-31
-33
-35
-37
-38
-39
-39
-39
-39
-39
-38
-38

