-32
-32
-31
-30
-29
-28
-28
-28
-30
-33
-35
-35
-35
-35
-35
-34
-31
-31
-30
-27
-24
-19
-16
-13
-13
-13
-11
-9
-6
0
6
14
22
29
38
45
52
59
64
68
69
65
60
55
50
44
37
30
23
16
11
7
4
0
-1
-4
-8
-13
-18
-21
-19
-13
-7
0
5
13
23
33
42
51
59
66
72
76
79
79
80
79
79
76
71
66
62
58
53
49
45
40
36
32
27
23
18
13
7
1
-3
-8
-13
-16
-18
-19
-20
-22
-23
-24
-25
-26
-25
-24
-23
-22
-21
-21
-20
-20
-20
-19
-19
-19
-19
-19
-20
-21
-21
-23
-23
-23
-23
-23
-22
-22
-22
-22
-23
-25
-26
-26
-27
-27
-28
-28
-28
-29
-29
-30
-31
-31
-31
-30

