-21
-8
8
26
43
60
74
79
79
80
80
80
80
80
80
80
80
80
79
79
74
65
52
38
21
2
-12
-26
-39
-48
-53
-48
-33
-15
3
22
42
62
76
79
80
80
80
80
80
80
80
79
78
70
59
50
43
36
28
19
9
1
-5
-11
-16
-19
-23
-26
-28
-22
-13
-5
4
13
22
31
38
40
40
44
48
55
61
66
68
67
64
61
57
54
50
46
41
35
29
24
19
14
8
2
-2
-6
-11
-15
-19
-21
-24
-26
-28
-29
-30
-31
-32
-33
-33
-33
-31
-28
-26
-25
-23
-23
-23
-23
-23
-23
-23
-24
-25
-27
-28
-28
-28
-27
-26
-26
-26
-25
-25
-26
-27
-28
-29
-29
-30
-32
-32
-33
-33
-34
-34
-34
-35
-35

