-38
-38
-38
-38
-38
-37
-36
-36
-37
-39
-41
-42
-44
-45
-45
-45
-44
-42
-40
-39
-37
-35
-33
-31
-31
-31
-29
-28
-28
-27
-29
-29
-27
-22
-21
-22
-24
-24
-24
-23
-22
-22
-22
-24
-25
-26
-27
-29
-29
-28
-26
-27
-29
-29
-29
-29
-28
-26
-24
-22
-18
-12
-10
-13
-18
-21
-21
-21
-19
-17
-12
-4
7
24
41
57
71
78
79
80
80
80
80
80
80
80
80
80
79
75
63
48
32
18
7
0
-6
-10
-14
-17
-21
-25
-28
-32
-34
-38
-40
-40
-37
-35
-33
-33
-34
-35
-35
-34
-33
-33
-32
-31
-29
-28
-30
-33
-36
-37
-35
-31
-28
-26
-25
-24
-25
-26
-27
-27
-27
-28
-28
-29
-30
-32
-35
-36
-37
-36
-36
-37
-37
-38

