0
2
5
9
14
18
24
29
35
40
45
49
54
57
60
61
60
59
58
58
57
55
51
47
43
37
32
26
21
15
10
4
0
-2
0
9
23
38
53
66
76
80
80
80
80
80
80
80
80
80
80
80
80
80
80
78
71
61
52
42
31
21
12
4
-2
-7
-9
-11
-13
-14
-13
-10
-6
-1
4
13
21
30
37
41
45
47
48
50
52
53
50
45
38
31
25
19
12
6
1
-3
-7
-10
-13
-16
-19
-21
-23
-24
-24
-24
-24
-25
-25
-25
-25
-25
-24
-24
-24
-24
-24
-24
-24
-23
-23
-23
-23
-24
-24
-24
-24
-24
-24
-24
-24
-26
-26
-26
-26
-27
-27
-27
-28
-28
-29
-30
-30
-29
-29
-29
-29
-29
-29
-29

