44
42
39
35
30
25
20
15
8
1
-3
-9
-14
-17
-21
-25
-29
-32
-34
-35
-34
-29
-27
-28
-28
-29
-29
-28
-26
-25
-24
-21
-17
-13
-8
-3
1
7
13
18
22
23
22
21
20
21
22
23
22
18
14
9
4
0
-4
-8
-12
-16
-19
-22
-24
-26
-28
-29
-31
-31
-32
-32
-32
-32
-32
-33
-33
-32
-31
-29
-26
-24
-21
-18
-15
-11
-7
-3
0
2
4
5
6
5
4
2
0
-1
-4
-7
-9
-12
-14
-16
-18
-20
-22
-25
-26
-27
-28
-29
-30
-31
-32
-33
-34
-34
-35
-35
-35
-35
-35
-36
-37
-37
-37
-37
-37
-37
-37
-37
-38
-39
-39
-39
-38
-38
-38
-38
-38
-38
-39
-39
-39
-39
-38
-38
-37
-37
-37
-39
-39
-39

