-28
-26
-27
-31
-38
-39
-37
-29
-10
15
41
66
78
79
80
80
80
80
80
80
80
80
80
80
80
80
80
80
80
80
80
79
74
61
44
27
7
-12
-31
-44
-53
-58
-57
-42
-15
9
27
41
54
69
78
79
80
80
80
80
79
79
75
65
55
46
35
23
13
5
-1
-6
-11
-14
-17
-19
-20
-20
-20
-20
-20
-21
-22
-22
-22
-23
-22
-22
-21
-19
-16
-15
-14
-14
-13
-13
-15
-16
-16
-16
-16
-16
-17
-17
-19
-20
-21
-22
-22
-22
-22
-22
-22
-22
-23
-23
-23
-23
-22
-22
-22
-21
-21
-21
-22
-22
-22
-22
-22
-22
-22
-21
-22
-23
-23
-23
-23
-23
-23
-23
-22
-22
-24
-24
-24
-24
-24
-24
-24
-24
-23
-24
-25
-25

