-4
-5
-6
-7
-9
-11
-14
-17
-20
-23
-26
-30
-34
-37
-41
-44
-45
-46
-46
-44
-40
-36
-30
-23
-17
-10
-3
2
7
11
14
15
15
15
14
12
8
4
1
0
-3
-5
-7
-9
-11
-12
-13
-13
-13
-13
-13
-13
-14
-14
-15
-14
-15
-15
-15
-15
-16
-16
-17
-18
-18
-19
-19
-20
-21
-23
-25
-26
-28
-29
-30
-32
-33
-34
-37
-38
-39
-40
-40
-41
-41
-41
-41
-42
-43
-43
-42
-42
-42
-42
-42
-41
-41
-42
-42
-42
-41
-40
-39
-38
-36
-34
-32
-30
-28
-25
-23
-21
-20
-20
-21
-22
-24
-26
-28
-29
-30
-31
-32
-32
-33
-33
-34
-35
-35
-35
-35
-35
-35
-35
-35
-35
-36
-37
-37
-37
-37
-37
-37
-37
-37
-37
-36
-37
-38
-38

