-30
-29
-27
-23
-18
-13
-7
-1
4
10
16
21
27
32
35
36
37
38
37
35
32
28
24
19
14
9
4
1
-2
-5
-8
-11
-14
-17
-20
-22
-23
-24
-25
-26
-27
-27
-29
-30
-30
-30
-31
-31
-31
-31
-30
-29
-27
-25
-23
-20
-16
-12
-8
-4
0
4
9
12
15
16
17
15
12
8
3
0
-4
-7
-11
-15
-17
-19
-21
-22
-23
-24
-25
-26
-27
-28
-27
-26
-23
-20
-17
-14
-11
-9
-7
-7
-9
-11
-13
-15
-18
-21
-22
-24
-25
-26
-27
-29
-30
-31
-31
-31
-31
-31
-31
-31
-31
-31
-31
-32
-32
-32
-31
-31
-31
-31
-31
-31
-31
-31
-31
-32
-32
-31
-31
-31
-31
-31
-31
-31
-30
-31
-31
-32
-31
-31
-31
-31
-30
-30

