9
-8
-20
-27
-26
-14
5
26
48
67
77
79
80
80
80
80
80
80
80
80
80
80
79
75
65
55
47
40
36
29
19
10
2
-3
-8
-11
-13
-11
-6
-1
3
10
17
23
29
37
46
53
60
64
65
62
56
50
44
39
36
31
26
21
17
13
9
6
2
0
-2
-4
-6
-8
-10
-11
-13
-14
-15
-16
-17
-17
-18
-19
-20
-20
-22
-23
-22
-21
-19
-17
-15
-14
-14
-13
-13
-13
-13
-13
-13
-15
-16
-17
-18
-18
-18
-18
-18
-18
-19
-19
-19
-20
-21
-22
-22
-23
-23
-23
-23
-23
-23
-25
-26
-26
-26
-26
-26
-26
-26
-26
-26
-28
-28
-28
-28
-28
-28
-28
-27
-27
-28
-29
-29
-28
-28
-27
-26
-26
-26
-25
-25
-25

