20
18
15
11
7
4
1
0
-2
-5
-8
-10
-13
-15
-17
-17
-17
-17
-18
-18
-19
-18
-19
-17
-15
-11
-7
-4
0
2
7
11
16
20
24
28
31
33
34
33
31
28
26
23
21
19
16
14
11
8
5
2
0
-2
-6
-10
-13
-16
-19
-21
-23
-25
-26
-27
-28
-29
-30
-31
-32
-31
-29
-28
-27
-26
-24
-22
-20
-17
-14
-11
-7
-3
0
1
3
4
4
4
2
1
0
-2
-4
-5
-8
-10
-12
-14
-15
-17
-19
-20
-22
-24
-26
-28
-29
-30
-32
-32
-33
-34
-35
-35
-37
-38
-38
-38
-37
-35
-34
-33
-32
-31
-31
-31
-30
-29
-29
-28
-28
-28
-28
-27
-28
-28
-29
-29
-28
-28
-28
-27
-27
-27
-27
-29
-30
-30
-31
-31

