-8
-9
-11
-13
-14
-16
-17
-19
-20
-21
-22
-23
-25
-26
-27
-26
-25
-24
-23
-21
-20
-18
-17
-15
-14
-12
-10
-8
-6
-5
-3
-1
0
0
1
1
1
1
1
1
1
1
1
0
0
-1
-3
-5
-6
-7
-9
-11
-12
-15
-17
-18
-20
-21
-22
-23
-24
-24
-24
-23
-22
-21
-19
-18
-16
-15
-14
-12
-11
-10
-8
-6
-5
-3
0
0
1
2
0
0
-1
-2
-3
-4
-4
-5
-6
-5
-5
-7
-9
-11
-13
-14
-16
-17
-19
-21
-22
-24
-24
-25
-26
-27
-27
-28
-28
-29
-29
-30
-30
-31
-31
-32
-32
-32
-32
-32
-33
-33
-34
-34
-34
-34
-34
-34
-34
-34
-34
-34
-35
-35
-35
-35
-35
-34
-34
-33
-32
-32
-32
-32
-31
-31
-30
-30

