-5
-9
-12
-15
-18
-21
-23
-25
-24
-22
-19
-16
-13
-9
-6
-3
0
2
6
9
12
16
19
21
23
25
27
28
27
26
25
23
21
18
15
13
11
10
9
8
7
6
5
3
2
0
-1
-4
-6
-8
-10
-12
-14
-17
-19
-21
-22
-24
-25
-24
-24
-23
-23
-22
-21
-19
-18
-16
-14
-13
-11
-9
-7
-4
-2
-1
0
2
3
3
4
8
13
13
11
9
6
3
1
0
-1
-4
-8
-12
-13
-14
-15
-16
-16
-17
-18
-19
-20
-21
-22
-22
-22
-22
-23
-23
-23
-23
-23
-24
-24
-25
-26
-26
-27
-28
-29
-30
-31
-31
-32
-32
-31
-30
-30
-29
-29
-28
-27
-26
-26
-25
-24
-23
-23
-23
-23
-23
-24
-24
-25
-25
-26
-27
-28
-29

