3
1
0
-2
-5
-7
-10
-13
-15
-17
-19
-20
-22
-23
-25
-26
-27
-27
-26
-24
-22
-19
-16
-13
-10
-7
-5
-2
0
3
6
8
10
11
11
9
7
6
4
2
1
0
-1
-4
-6
-8
-11
-13
-16
-18
-20
-21
-23
-25
-26
-27
-28
-29
-30
-30
-31
-31
-31
-31
-30
-30
-29
-27
-26
-25
-24
-23
-22
-21
-19
-18
-16
-15
-13
-11
-10
-8
-7
-6
-5
-5
-6
-7
-8
-9
-9
-10
-11
-11
-12
-13
-13
-14
-15
-16
-18
-19
-20
-21
-22
-23
-24
-25
-26
-27
-28
-28
-28
-28
-28
-29
-29
-30
-30
-31
-31
-31
-31
-30
-30
-29
-29
-28
-28
-28
-27
-27
-26
-26
-25
-25
-25
-25
-25
-26
-27
-28
-28
-29
-29
-30
-30
-30
-31
-31

