-17
-15
-13
-11
-9
-7
-5
-2
-1
0
2
3
4
6
6
7
6
5
4
3
2
1
0
0
-2
-3
-5
-7
-9
-10
-11
-13
-15
-16
-18
-20
-21
-22
-23
-24
-25
-26
-27
-26
-25
-24
-22
-20
-17
-15
-13
-11
-10
-8
-6
-4
-2
0
0
1
2
1
0
0
-2
-3
-5
-7
-8
-10
-11
-13
-15
-17
-19
-21
-22
-23
-23
-22
-22
-21
-20
-19
-18
-17
-15
-13
-11
-10
-9
-8
-7
-7
-8
-9
-10
-12
-14
-16
-19
-20
-21
-22
-22
-22
-22
-22
-22
-23
-24
-24
-24
-24
-25
-25
-26
-27
-28
-29
-30
-30
-30
-31
-31
-31
-31
-31
-31
-31
-32
-32
-31
-31
-31
-30
-30
-30
-30
-30
-30
-30
-30
-30
-30
-30
-30
-30
-30
-30

