-37
-39
-40
-39
-35
-31
-32
-32
-33
-32
-31
-29
-26
-23
-19
-14
-11
-15
-30
-41
-45
-48
-50
-52
-55
-52
-32
-7
13
31
50
69
79
79
80
80
80
80
80
80
79
74
55
31
6
-14
-30
-43
-52
-56
-47
-18
14
37
49
59
71
78
79
80
80
80
80
80
80
80
80
79
76
65
51
37
24
10
-2
-14
-23
-31
-36
-37
-34
-25
-18
-16
-16
-17
-18
-19
-18
-16
-15
-15
-12
-7
-7
-9
-12
-14
-15
-17
-18
-20
-21
-24
-26
-27
-29
-30
-30
-30
-31
-32
-32
-33
-32
-32
-28
-24
-22
-21
-21
-21
-21
-21
-21
-21
-22
-23
-23
-22
-22
-22
-22
-22
-21
-22
-24
-27
-29
-30
-31
-31
-32
-32
-32
-33
-33
-34
-34
-34

