-39
-39
-40
-41
-42
-42
-43
-43
-43
-44
-44
-44
-44
-44
-44
-44
-44
-44
-44
-44
-44
-44
-45
-45
-45
-45
-44
-44
-44
-43
-43
-43
-44
-44
-43
-43
-43
-43
-44
-44
-44
-44
-44
-44
-45
-45
-45
-45
-46
-47
-48
-50
-50
-51
-50
-50
-49
-48
-47
-46
-45
-44
-43
-43
-42
-41
-40
-40
-40
-40
-41
-42
-42
-42
-42
-41
-41
-40
-39
-38
-39
-39
-39
-39
-40
-42
-44
-45
-45
-45
-45
-45
-45
-44
-44
-44
-43
-43
-42
-42
-41
-41
-40
-39
-37
-36
-35
-35
-34
-35
-37
-38
-39
-39
-39
-38
-38
-38
-37
-37
-37
-37
-37
-36
-36
-35
-35
-36
-36
-37
-37
-37
-36
-36
-35
-34
-32
-32
-31
-31
-30
-30
-29
-29
-28
-28
-28
-28
-29
-30

