-27
-25
-25
-25
-26
-29
-30
-31
-32
-33
-35
-36
-36
-37
-37
-38
-38
-36
-35
-36
-37
-36
-36
-36
-35
-34
-32
-30
-29
-28
-26
-25
-24
-23
-23
-26
-29
-28
-26
-26
-26
-26
-26
-26
-27
-27
-25
-17
-6
3
12
20
28
35
42
47
52
56
62
68
72
75
73
65
55
46
39
35
33
32
30
28
26
22
16
9
1
-5
-11
-17
-21
-25
-28
-31
-33
-32
-28
-24
-22
-20
-19
-19
-18
-18
-17
-17
-17
-17
-16
-17
-18
-18
-18
-19
-20
-21
-21
-21
-22
-22
-23
-23
-24
-24
-24
-24
-24
-24
-24
-24
-24
-24
-23
-22
-21
-21
-21
-21
-21
-21
-21
-21
-21
-20
-21
-21
-21
-21
-21
-21
-21
-21
-21
-20
-21
-21
-21
-21
-21
-21

