-8
-8
-9
-11
-13
-14
-14
-14
-14
-14
-14
-14
-14
-13
-12
-10
-10
-11
-13
-14
-16
-17
-18
-19
-22
-23
-23
-22
-21
-21
-21
-20
-20
-20
-20
-21
-21
-21
-20
-18
-16
-16
-16
-17
-18
-20
-21
-22
-23
-25
-26
-26
-27
-28
-28
-29
-30
-30
-32
-33
-33
-34
-35
-36
-36
-36
-36
-35
-33
-31
-28
-26
-23
-20
-17
-14
-12
-10
-8
-6
-4
-4
-4
-4
-4
-5
-6
-7
-8
-8
-9
-9
-10
-10
-11
-12
-13
-14
-15
-17
-18
-18
-19
-20
-20
-21
-21
-22
-22
-22
-23
-23
-23
-24
-24
-24
-25
-25
-25
-25
-25
-25
-26
-26
-26
-26
-26
-26
-26
-26
-26
-26
-26
-26
-26
-26
-26
-26
-26
-26
-26
-26
-26
-26
-26
-26
-26
-26
-27
-27

