33
35
35
32
28
23
19
14
10
7
3
0
-3
-7
-10
-14
-18
-20
-22
-24
-26
-28
-29
-30
-31
-32
-33
-32
-30
-28
-26
-23
-20
-16
-13
-9
-5
-1
2
7
12
16
20
23
25
27
27
26
24
21
18
15
12
9
5
1
-1
-4
-7
-10
-13
-16
-19
-21
-23
-24
-26
-27
-28
-29
-30
-31
-31
-30
-29
-27
-24
-21
-17
-12
-7
-1
2
7
12
17
20
21
19
16
12
7
2
-1
-4
-7
-10
-12
-14
-16
-19
-21
-23
-24
-25
-26
-27
-29
-30
-30
-32
-33
-33
-33
-34
-34
-35
-35
-35
-35
-36
-37
-37
-38
-38
-38
-38
-38
-38
-37
-38
-38
-39
-38
-38
-38
-38
-38
-37
-36
-36
-35
-34
-33
-32
-31
-30
-29
-29
-29

