47
59
71
78
80
80
80
80
80
80
80
80
80
80
80
78
73
65
57
51
44
35
26
17
7
-1
-8
-15
-21
-25
-28
-28
-24
-17
-9
-2
5
13
21
29
38
46
54
61
67
72
74
73
71
67
62
57
53
49
45
41
36
31
26
20
14
7
1
-3
-9
-14
-18
-22
-26
-29
-31
-33
-35
-35
-37
-38
-38
-39
-38
-35
-31
-27
-23
-19
-14
-9
-5
-1
2
5
8
9
9
7
3
0
-5
-9
-13
-16
-20
-23
-26
-28
-30
-32
-33
-35
-36
-36
-37
-38
-39
-40
-40
-41
-41
-41
-40
-40
-40
-40
-40
-40
-40
-39
-38
-36
-35
-34
-33
-33
-33
-32
-32
-31
-31
-31
-31
-32
-33
-34
-35
-36
-37
-37
-37
-38
-37
-37

