-22
-22
-23
-23
-23
-23
-24
-24
-24
-24
-24
-23
-22
-21
-19
-18
-17
-16
-15
-15
-16
-17
-19
-21
-22
-23
-25
-26
-26
-27
-27
-26
-25
-24
-21
-18
-15
-13
-11
-8
-5
-3
-1
0
1
2
2
1
0
-2
-6
-9
-13
-16
-19
-22
-23
-25
-26
-26
-27
-28
-28
-28
-28
-28
-27
-26
-25
-23
-22
-21
-21
-21
-22
-22
-22
-22
-22
-22
-23
-23
-23
-23
-23
-23
-23
-22
-20
-17
-15
-12
-10
-9
-9
-9
-11
-12
-14
-16
-19
-20
-22
-23
-23
-22
-22
-22
-22
-22
-22
-22
-22
-23
-22
-22
-22
-22
-22
-22
-22
-22
-22
-22
-22
-22
-23
-23
-23
-23
-23
-23
-23
-23
-23
-23
-23
-23
-23
-23
-23
-23
-23
-23
-23
-23
-23
-23
-23
-23

