-22
-23
-24
-25
-25
-26
-25
-25
-25
-25
-26
-27
-28
-28
-27
-26
-21
-15
-8
0
7
15
24
33
41
49
57
64
71
77
80
80
80
80
80
80
79
74
68
63
57
52
45
37
28
19
9
1
-5
-10
-15
-18
-21
-24
-26
-28
-31
-32
-32
-32
-31
-30
-30
-29
-29
-28
-27
-26
-23
-19
-13
-4
4
15
26
37
46
54
62
68
73
77
78
75
71
67
61
55
50
45
40
35
29
22
14
5
-1
-7
-12
-17
-21
-24
-27
-29
-32
-34
-35
-36
-37
-38
-38
-38
-38
-39
-39
-39
-39
-38
-38
-38
-37
-37
-36
-36
-35
-34
-34
-33
-33
-33
-34
-35
-37
-39
-40
-40
-40
-40
-40
-39
-38
-39
-38
-38
-37
-36
-35
-35
-35
-34

