-26
-29
-31
-33
-34
-35
-36
-37
-38
-38
-39
-39
-39
-39
-39
-38
-38
-38
-38
-38
-37
-37
-37
-37
-37
-38
-38
-39
-39
-40
-40
-40
-39
-39
-39
-39
-39
-40
-40
-40
-40
-40
-40
-39
-39
-39
-39
-40
-40
-41
-41
-41
-41
-41
-40
-40
-39
-39
-38
-37
-37
-36
-36
-36
-37
-38
-40
-41
-42
-42
-42
-42
-42
-42
-42
-42
-42
-42
-41
-40
-40
-39
-39
-38
-38
-39
-39
-39
-39
-39
-38
-38
-38
-37
-38
-39
-40
-41
-42
-42
-41
-41
-41
-40
-40
-39
-39
-38
-38
-36
-36
-35
-36
-36
-37
-38
-38
-37
-36
-35
-34
-34
-33
-33
-33
-33
-32
-31
-31
-30
-30
-30
-29
-30
-30
-32
-33
-33
-34
-35
-35
-35
-36
-36
-36
-36
-37
-36
-35
-34

