26
23
19
16
12
9
5
0
-4
-9
-12
-15
-18
-21
-23
-25
-27
-29
-31
-32
-33
-34
-35
-36
-36
-36
-35
-32
-28
-24
-20
-16
-11
-7
-2
0
4
7
9
9
7
4
1
-2
-7
-10
-14
-17
-20
-23
-26
-28
-30
-32
-34
-35
-36
-37
-38
-39
-40
-40
-41
-41
-42
-42
-42
-42
-42
-42
-43
-43
-43
-44
-44
-44
-44
-44
-44
-44
-44
-43
-43
-43
-44
-44
-43
-43
-43
-42
-42
-42
-42
-42
-42
-43
-42
-42
-42
-42
-41
-41
-40
-40
-41
-41
-41
-41
-41
-40
-40
-40
-40
-40
-40
-41
-41
-40
-40
-40
-40
-40
-40
-39
-40
-41
-41
-40
-40
-40
-40
-40
-39
-39
-39
-39
-40
-40
-40
-39
-39
-38
-37
-36
-35
-34
-34
-34
-34
-33

