-51
-52
-51
-50
-49
-48
-47
-46
-45
-46
-45
-44
-43
-43
-45
-42
-36
-30
-26
-24
-25
-26
-27
-28
-29
-32
-35
-37
-36
-33
-26
-11
9
34
58
75
80
80
80
80
80
80
80
80
80
80
80
80
80
80
80
80
80
80
80
80
80
80
79
74
63
49
37
26
14
0
-12
-24
-32
-37
-43
-48
-48
-43
-36
-30
-20
-6
10
30
50
66
77
80
80
80
80
80
78
71
65
59
53
44
34
23
12
1
-6
-13
-18
-24
-28
-32
-34
-35
-34
-32
-32
-33
-33
-34
-35
-36
-37
-37
-38
-38
-37
-36
-33
-31
-30
-29
-29
-29
-29
-28
-28
-28
-29
-30
-31
-31
-31
-32
-33
-33
-34
-35
-35
-36
-37
-37
-37
-38
-38
-38
-38
-37

