-32
-33
-33
-33
-33
-33
-33
-34
-35
-35
-35
-35
-33
-32
-31
-30
-29
-28
-27
-27
-28
-29
-28
-26
-25
-25
-25
-25
-26
-26
-26
-27
-27
-26
-23
-19
-13
-6
1
9
17
24
31
38
41
43
43
42
40
35
30
25
21
17
14
11
8
4
-1
-7
-13
-18
-22
-25
-27
-30
-31
-33
-34
-34
-33
-32
-30
-29
-28
-26
-24
-20
-13
-5
3
11
18
24
30
33
35
35
33
30
25
20
17
14
9
4
0
-5
-11
-15
-20
-23
-26
-28
-29
-30
-31
-32
-33
-33
-34
-34
-34
-33
-33
-33
-33
-33
-33
-34
-34
-34
-34
-35
-35
-35
-35
-35
-35
-34
-33
-32
-32
-31
-31
-30
-30
-30
-30
-30
-30
-30
-30
-30
-30
-30
-30
-30
-30
-30

