-34
-33
-33
-33
-32
-31
-30
-29
-29
-28
-28
-28
-28
-28
-28
-27
-26
-25
-25
-25
-25
-25
-27
-28
-30
-31
-32
-32
-32
-32
-32
-32
-32
-32
-33
-33
-33
-33
-32
-31
-30
-30
-29
-29
-29
-28
-28
-28
-27
-27
-27
-26
-26
-26
-25
-25
-24
-25
-26
-27
-28
-30
-31
-31
-31
-32
-32
-33
-33
-33
-33
-33
-32
-30
-27
-22
-18
-13
-8
-4
0
3
6
9
12
15
16
17
16
14
12
9
6
3
0
-1
-4
-7
-11
-15
-19
-22
-25
-26
-28
-30
-31
-31
-32
-33
-34
-34
-34
-33
-32
-31
-31
-31
-31
-31
-30
-30
-30
-30
-30
-29
-29
-29
-29
-30
-31
-31
-30
-30
-30
-30
-30
-30
-30
-30
-31
-31
-31
-31
-31
-31
-31
-31
-31
-32

