-15
-14
-12
-10
-6
-1
3
7
14
21
26
32
39
47
55
61
64
63
56
44
33
23
12
2
-5
-12
-17
-21
-23
-21
-14
-4
2
7
13
20
25
32
38
44
47
46
43
39
34
29
27
30
33
33
30
27
26
25
25
25
24
22
18
13
6
-1
-9
-17
-24
-28
-29
-24
-14
-6
-1
5
13
20
25
32
39
45
50
52
50
45
38
32
26
20
17
14
12
10
7
4
1
-1
-4
-7
-9
-12
-14
-17
-19
-21
-23
-24
-25
-26
-27
-27
-28
-29
-29
-30
-31
-31
-31
-31
-31
-31
-32
-32
-32
-33
-33
-33
-33
-33
-33
-34
-34
-34
-34
-34
-35
-35
-34
-34
-34
-34
-33
-33
-33
-33
-34
-34
-33
-32
-31
-30
-29
-29

