18
8
0
-5
-10
-15
-20
-25
-23
-13
-2
6
15
23
33
43
51
57
62
63
59
49
38
31
25
20
14
9
2
-3
-10
-16
-21
-25
-28
-30
-29
-23
-16
-11
-5
1
7
13
19
25
31
37
42
44
43
40
36
29
23
19
15
11
7
2
-1
-6
-11
-16
-20
-23
-26
-28
-29
-31
-32
-32
-33
-33
-32
-31
-30
-29
-27
-25
-21
-17
-14
-10
-7
-4
-2
0
1
2
2
1
0
-2
-4
-7
-11
-13
-15
-17
-19
-20
-21
-23
-24
-25
-25
-26
-27
-27
-28
-28
-28
-29
-29
-30
-30
-30
-30
-30
-30
-30
-30
-31
-31
-32
-32
-32
-32
-32
-32
-33
-32
-32
-32
-31
-31
-30
-30
-29
-27
-26
-26
-26
-26
-27
-27
-27
-27
-27

