-15
-16
-15
-13
-10
-7
-5
-2
0
2
5
8
11
14
17
20
22
23
24
23
22
20
19
17
16
15
13
12
9
5
2
0
-2
-5
-7
-8
-9
-10
-11
-11
-10
-10
-10
-10
-10
-9
-9
-8
-9
-8
-8
-7
-7
-6
-6
-7
-7
-7
-7
-8
-8
-8
-9
-9
-10
-10
-10
-11
-11
-12
-12
-12
-12
-12
-12
-12
-13
-13
-13
-13
-13
-12
-12
-12
-12
-13
-13
-13
-13
-14
-14
-14
-15
-15
-15
-16
-16
-16
-17
-17
-18
-18
-18
-19
-19
-19
-19
-19
-20
-20
-21
-21
-21
-21
-21
-21
-22
-22
-22
-22
-22
-22
-22
-22
-22
-23
-23
-23
-23
-23
-23
-24
-24
-24
-25
-25
-25
-26
-26
-26
-25
-25
-26
-25
-24
-23
-22
-22
-22
-22

