-24
-24
-24
-25
-24
-23
-23
-22
-21
-20
-19
-18
-17
-16
-13
-9
-3
1
6
12
21
29
37
44
50
53
48
39
31
24
14
4
-3
-9
-14
-19
-22
-25
-27
-28
-29
-29
-27
-21
-14
-8
-3
2
11
21
30
38
45
51
56
60
59
54
45
35
26
19
13
5
-1
-8
-14
-19
-22
-26
-28
-29
-28
-24
-20
-17
-14
-11
-6
-1
4
10
17
23
30
37
42
44
44
42
37
31
26
21
15
8
1
-3
-9
-14
-18
-21
-24
-26
-27
-28
-29
-30
-31
-31
-32
-31
-30
-30
-30
-30
-30
-30
-30
-30
-30
-30
-30
-30
-30
-29
-29
-29
-27
-26
-26
-26
-26
-26
-26
-26
-27
-27
-27
-27
-27
-27
-28
-28
-28
-28
-28
-28
-28
-28

