-34
-34
-35
-35
-34
-32
-31
-32
-32
-32
-32
-31
-30
-29
-27
-28
-28
-27
-27
-28
-30
-31
-32
-33
-33
-34
-34
-33
-31
-30
-31
-32
-32
-32
-30
-29
-27
-25
-24
-25
-28
-30
-30
-31
-32
-34
-35
-36
-32
-25
-20
-17
-13
-8
-2
4
12
20
28
36
41
42
40
35
29
23
15
6
-2
-10
-17
-23
-27
-30
-30
-24
-14
-7
-3
1
7
14
21
30
38
45
51
53
50
42
34
26
20
14
9
2
-3
-8
-13
-17
-21
-24
-27
-28
-30
-29
-26
-23
-21
-21
-21
-21
-21
-21
-21
-21
-21
-20
-18
-19
-20
-20
-20
-21
-21
-22
-23
-23
-23
-24
-24
-24
-24
-25
-26
-26
-26
-26
-27
-27
-27
-28
-28
-28
-28
-27
-26
-25
-24
-24

