-25
-27
-28
-29
-30
-28
-27
-24
-23
-25
-27
-27
-27
-26
-24
-23
-21
-20
-20
-22
-26
-26
-26
-28
-29
-30
-27
-22
-17
-13
-7
0
7
17
26
35
43
51
58
64
71
76
77
71
60
50
42
36
29
20
12
4
-3
-10
-17
-22
-25
-23
-13
-2
4
9
14
19
25
32
39
42
40
35
29
24
20
15
8
1
-4
-9
-13
-16
-19
-21
-23
-23
-21
-18
-16
-16
-16
-16
-16
-16
-16
-15
-13
-13
-14
-15
-16
-17
-18
-19
-19
-20
-20
-21
-21
-22
-22
-22
-22
-22
-22
-22
-22
-22
-22
-22
-21
-20
-20
-20
-20
-20
-21
-20
-20
-20
-20
-20
-20
-20
-21
-21
-21
-21
-20
-20
-20
-20
-20
-21
-21
-21
-21
-20
-20
-20
-20
-20

