-25
-27
-29
-31
-31
-26
-21
-20
-20
-20
-19
-17
-17
-19
-24
-26
-29
-31
-33
-33
-28
-17
-8
-1
4
12
22
32
40
47
50
47
40
33
25
16
7
-2
-11
-19
-26
-29
-25
-11
2
13
23
33
42
50
55
55
50
43
35
28
19
10
1
-6
-13
-18
-22
-24
-23
-17
-12
-10
-9
-9
-9
-8
-7
-6
-7
-9
-12
-13
-13
-14
-15
-16
-18
-19
-21
-22
-23
-22
-21
-19
-19
-19
-19
-20
-20
-20
-18
-17
-17
-17
-18
-18
-18
-18
-18
-19
-18
-18
-18
-18
-18
-19
-19
-19
-19
-19
-19
-19
-20
-20
-21
-22
-22
-22
-23
-23
-23
-23
-22
-21
-21
-20
-20
-20
-20
-20
-21
-21
-21
-20
-20
-20
-20
-20
-20
-20
-20
-19
-19
-19

