6
10
15
20
25
28
27
23
17
12
6
0
-4
-8
-11
-14
-16
-18
-19
-20
-20
-20
-20
-20
-19
-18
-17
-16
-15
-15
-14
-14
-15
-15
-16
-15
-15
-14
-14
-13
-14
-14
-14
-15
-15
-15
-15
-15
-15
-14
-15
-15
-15
-15
-15
-15
-15
-16
-16
-17
-17
-17
-17
-17
-17
-16
-17
-17
-17
-17
-17
-17
-16
-16
-16
-16
-17
-17
-17
-17
-17
-17
-17
-17
-17
-17
-17
-17
-17
-16
-16
-16
-17
-17
-17
-17
-17
-17
-17
-17
-18
-18
-18
-19
-19
-19
-19
-19
-20
-20
-20
-20
-20
-20
-20
-20
-21
-22
-23
-23
-23
-23
-24
-24
-24
-24
-23
-23
-23
-22
-20
-19
-19
-18
-18
-18
-19
-19
-19
-19
-19
-19
-20
-21
-22
-22
-23
-24
-24
-26

