0
8
17
26
35
42
49
51
46
36
28
22
15
7
-2
-11
-17
-21
-23
-20
-10
0
9
19
29
40
50
57
60
58
51
41
33
26
19
14
7
0
-6
-12
-17
-21
-23
-25
-22
-16
-12
-9
-8
-6
-5
-4
-2
0
2
4
5
6
6
6
4
1
-2
-6
-9
-12
-14
-15
-17
-17
-16
-15
-14
-13
-14
-14
-14
-13
-13
-13
-13
-11
-10
-10
-11
-12
-13
-14
-14
-14
-14
-14
-15
-16
-16
-16
-16
-16
-17
-17
-18
-18
-18
-18
-18
-18
-18
-18
-18
-19
-19
-19
-19
-19
-19
-20
-20
-21
-21
-21
-20
-20
-20
-19
-19
-19
-19
-19
-19
-19
-19
-19
-19
-19
-19
-19
-19
-19
-19
-19
-20
-20
-20
-20
-20
-19
-19
-19
-19
-19

