-29
-28
-27
-26
-25
-25
-25
-25
-29
-30
-27
-25
-26
-28
-30
-32
-32
-27
-20
-18
-19
-18
-17
-16
-15
-16
-20
-23
-25
-28
-30
-31
-26
-16
-7
0
7
15
25
35
44
50
51
45
37
29
24
17
9
0
-7
-14
-20
-23
-22
-13
-1
9
20
30
40
48
55
59
59
55
46
38
30
25
19
11
3
-3
-9
-14
-19
-22
-24
-24
-22
-18
-14
-12
-11
-10
-10
-9
-7
-6
-5
-6
-9
-12
-13
-14
-14
-15
-16
-17
-18
-19
-20
-21
-21
-22
-23
-24
-24
-24
-23
-22
-22
-22
-23
-22
-22
-22
-21
-20
-19
-18
-18
-18
-18
-18
-18
-19
-19
-19
-19
-19
-19
-19
-19
-19
-20
-19
-19
-19
-19
-19
-19
-20
-20
-20
-20
-20
-20
-20

