-34
-34
-34
-34
-33
-29
-28
-29
-31
-31
-31
-30
-28
-26
-25
-25
-26
-28
-30
-27
-25
-26
-27
-29
-33
-34
-33
-29
-24
-22
-23
-24
-23
-22
-21
-19
-17
-15
-16
-21
-26
-25
-26
-28
-30
-31
-27
-18
-11
-6
0
7
14
22
28
31
26
17
8
0
-8
-15
-19
-17
-5
5
13
19
26
32
39
45
50
50
43
34
26
16
7
0
-8
-15
-19
-23
-24
-26
-28
-24
-16
-11
-9
-9
-8
-7
-7
-6
-5
-7
-14
-17
-18
-19
-20
-23
-25
-26
-27
-28
-29
-29
-28
-25
-23
-23
-23
-23
-23
-23
-23
-23
-22
-21
-22
-23
-23
-24
-24
-25
-25
-26
-26
-27
-27
-26
-25
-25
-24
-24
-24
-24
-23
-21
-20
-20
-21
-21
-22
-22
-22
-22

