43
46
46
43
39
34
28
23
17
12
7
3
0
-4
-8
-12
-16
-19
-21
-23
-21
-16
-10
-5
-1
2
5
8
11
14
19
23
27
29
29
29
28
27
25
22
22
24
29
32
33
32
29
25
21
19
19
20
21
21
20
18
15
13
10
9
9
9
8
6
3
1
0
0
0
0
-1
-3
-4
-3
-1
0
0
0
-1
-3
-4
-5
-6
-7
-7
-6
-6
-6
-6
-7
-7
-8
-9
-9
-10
-11
-12
-13
-15
-17
-19
-21
-22
-24
-25
-26
-26
-27
-28
-28
-28
-28
-28
-28
-28
-28
-28
-28
-28
-27
-26
-25
-24
-25
-25
-26
-26
-26
-27
-27
-27
-28
-29
-29
-29
-29
-28
-29
-29
-29
-29
-29
-29
-28
-28
-28
-29
-29
-30
-30

