-15
-13
-9
-5
-4
-5
-6
-6
-7
-8
-11
-14
-17
-19
-20
-20
-16
-11
-6
-1
2
8
13
19
25
30
34
36
37
36
34
32
29
26
24
22
20
17
15
12
10
8
5
2
0
-1
-2
-4
-6
-8
-10
-11
-12
-13
-13
-14
-15
-15
-15
-14
-13
-12
-10
-8
-6
-4
-1
0
2
4
5
6
5
4
3
2
1
0
-1
-2
-4
-5
-6
-7
-8
-10
-11
-11
-12
-13
-13
-14
-14
-15
-15
-16
-16
-16
-17
-17
-18
-18
-19
-19
-19
-20
-20
-20
-21
-21
-21
-21
-22
-22
-22
-22
-23
-23
-23
-23
-22
-21
-21
-20
-20
-20
-20
-20
-21
-21
-21
-20
-20
-20
-20
-20
-20
-20
-20
-20
-20
-21
-21
-21
-21
-21
-22
-23
-23
-23

