-22
-23
-25
-26
-27
-28
-29
-30
-30
-31
-31
-32
-32
-32
-33
-33
-32
-31
-30
-28
-27
-27
-26
-26
-25
-25
-24
-22
-20
-18
-16
-13
-11
-8
-6
-4
-2
-2
-2
-3
-3
-4
-4
-4
-5
-6
-7
-8
-9
-10
-11
-13
-14
-15
-16
-18
-20
-22
-23
-23
-24
-25
-25
-26
-27
-28
-28
-29
-29
-30
-30
-29
-28
-26
-24
-22
-20
-18
-16
-14
-12
-9
-7
-5
-3
-2
-1
-2
-3
-4
-6
-7
-8
-9
-10
-12
-13
-14
-15
-16
-18
-19
-20
-22
-23
-24
-25
-27
-28
-29
-30
-30
-31
-32
-32
-33
-33
-33
-33
-33
-33
-33
-33
-33
-33
-33
-31
-30
-29
-28
-28
-27
-27
-27
-27
-27
-27
-27
-27
-27
-28
-29
-29
-30
-30
-31
-31
-31
-32
-32

