-26
-28
-30
-31
-31
-32
-32
-29
-26
-25
-25
-26
-26
-26
-26
-25
-24
-23
-23
-25
-27
-26
-27
-28
-27
-23
-16
-8
-2
2
8
15
21
28
34
39
40
38
34
31
28
23
18
12
6
0
-6
-12
-17
-21
-24
-28
-30
-28
-22
-13
-7
-1
4
10
17
24
31
37
43
46
46
42
38
33
30
26
23
20
15
10
4
0
-5
-9
-13
-16
-18
-20
-22
-23
-25
-25
-24
-21
-20
-19
-19
-19
-19
-19
-19
-19
-18
-17
-18
-19
-19
-18
-18
-18
-19
-20
-21
-22
-23
-23
-24
-25
-25
-26
-26
-26
-26
-26
-26
-27
-27
-27
-27
-27
-27
-26
-25
-24
-23
-23
-23
-23
-23
-23
-23
-23
-23
-23
-23
-23
-23
-23
-23
-23
-24
-23
-23
-23

