-30
-30
-30
-30
-30
-29
-29
-28
-27
-27
-27
-25
-24
-23
-24
-25
-28
-30
-33
-35
-33
-28
-25
-26
-26
-27
-28
-27
-26
-25
-25
-26
-27
-28
-29
-27
-22
-15
-9
-2
3
9
16
22
28
34
39
44
47
45
41
37
32
28
25
21
17
11
4
-2
-9
-14
-19
-23
-26
-28
-30
-30
-28
-23
-18
-15
-13
-10
-6
-1
3
8
14
21
26
32
36
38
38
36
33
29
25
22
18
15
11
8
4
0
-3
-7
-12
-15
-18
-20
-22
-23
-24
-25
-26
-26
-25
-24
-24
-24
-24
-25
-25
-25
-25
-24
-24
-23
-22
-21
-21
-21
-21
-22
-22
-23
-24
-24
-24
-25
-25
-25
-25
-26
-27
-28
-28
-28
-28
-28
-28
-28
-28
-28
-28
-27
-25
-24

