6
13
21
29
37
44
50
52
49
45
41
36
30
24
19
12
6
0
-3
-7
-11
-15
-21
-26
-27
-26
-22
-18
-15
-12
-12
-12
-11
-6
3
14
24
32
39
46
51
57
59
58
53
48
46
44
41
38
34
31
26
22
17
11
5
0
-5
-9
-13
-16
-18
-20
-21
-22
-21
-18
-14
-9
-3
1
6
11
16
20
24
27
29
28
26
25
24
21
17
14
10
6
3
0
-2
-5
-7
-10
-12
-13
-14
-15
-16
-17
-18
-19
-20
-20
-20
-21
-21
-21
-21
-22
-22
-22
-22
-22
-23
-23
-24
-24
-25
-25
-26
-26
-26
-26
-25
-24
-24
-23
-23
-23
-22
-22
-21
-21
-21
-21
-21
-21
-21
-21
-21
-21
-20
-21
-21
-21
-21
-21
-21
-21

