-24
-24
-26
-27
-24
-17
-9
-2
4
11
19
27
35
42
49
55
62
68
74
78
80
80
80
78
74
67
61
56
50
46
42
37
31
26
21
15
10
4
-1
-7
-13
-18
-21
-24
-27
-28
-26
-20
-10
-1
6
11
15
19
24
29
33
35
34
32
29
26
24
21
18
15
11
7
3
0
-4
-7
-11
-13
-15
-17
-19
-20
-21
-22
-22
-22
-21
-21
-20
-20
-21
-21
-21
-21
-21
-21
-20
-19
-17
-16
-16
-16
-16
-17
-18
-18
-18
-18
-18
-19
-19
-19
-20
-21
-21
-21
-21
-21
-21
-22
-22
-23
-23
-23
-23
-24
-24
-25
-25
-25
-25
-25
-25
-24
-23
-23
-23
-22
-22
-22
-22
-22
-22
-22
-22
-21
-21
-22
-22
-22
-22
-21
-21
-21

