-9
-15
-20
-24
-27
-28
-24
-14
-2
4
12
21
30
39
47
53
57
58
56
51
46
41
35
29
25
21
15
8
0
-6
-12
-17
-21
-24
-27
-29
-30
-29
-25
-18
-12
-7
-2
2
8
16
24
31
37
42
44
43
41
37
33
30
26
22
18
13
7
2
-1
-3
-5
-6
-7
-9
-10
-11
-12
-13
-14
-15
-15
-16
-16
-16
-17
-17
-17
-18
-18
-19
-18
-18
-17
-15
-14
-14
-15
-15
-15
-15
-15
-16
-16
-17
-17
-17
-18
-18
-18
-19
-19
-19
-19
-20
-20
-20
-21
-22
-23
-23
-24
-24
-25
-26
-26
-27
-27
-27
-27
-27
-26
-24
-23
-22
-22
-22
-21
-21
-20
-20
-20
-20
-20
-20
-19
-19
-19
-20
-20
-20
-20
-20
-20
-20
-19
-20

