67
74
79
80
80
79
76
69
62
56
51
47
42
37
31
25
18
10
2
-4
-9
-14
-18
-21
-24
-25
-26
-23
-12
0
12
21
30
37
43
46
45
40
37
33
28
21
14
7
1
-3
-8
-12
-15
-18
-20
-22
-23
-23
-21
-19
-17
-17
-17
-17
-17
-17
-17
-17
-16
-14
-14
-15
-15
-16
-16
-17
-17
-18
-18
-19
-19
-20
-20
-20
-20
-20
-20
-21
-21
-22
-22
-22
-22
-23
-23
-24
-24
-24
-24
-23
-20
-18
-18
-17
-18
-18
-18
-18
-18
-18
-18
-18
-18
-18
-19
-19
-19
-19
-18
-18
-18
-18
-18
-19
-19
-19
-19
-19
-19
-19
-19
-19
-19
-19
-20
-20
-21
-22
-23
-23
-24
-24
-24
-25
-25
-25
-24
-23
-22
-21
-21
-20
-20
-20

