15
8
1
-4
-10
-15
-19
-22
-24
-22
-14
-3
6
17
28
37
44
50
55
59
62
61
57
50
45
40
34
29
24
18
12
5
-1
-8
-13
-18
-21
-24
-25
-26
-27
-27
-24
-18
-13
-9
-6
-2
1
7
14
20
25
30
34
37
38
37
34
30
27
24
21
17
13
8
3
0
-3
-6
-9
-11
-14
-15
-17
-18
-19
-20
-21
-21
-22
-21
-21
-21
-20
-20
-20
-21
-21
-21
-21
-21
-21
-21
-19
-18
-17
-17
-17
-17
-18
-19
-19
-19
-19
-19
-20
-20
-21
-21
-22
-22
-22
-23
-23
-23
-23
-24
-24
-25
-26
-26
-27
-27
-28
-28
-29
-29
-29
-29
-29
-29
-27
-25
-24
-24
-24
-23
-23
-23
-23
-23
-23
-23
-23
-23
-23
-23
-23
-23

