45
41
37
32
24
15
6
-2
-9
-15
-19
-23
-25
-25
-20
-11
-3
2
9
16
23
30
37
44
47
45
39
34
29
24
17
11
5
1
0
0
0
0
-1
-1
-1
-2
-2
-3
-4
-3
-1
0
1
1
1
2
2
3
4
4
3
0
0
-1
-1
-2
-4
-6
-8
-10
-11
-12
-13
-15
-16
-16
-17
-18
-19
-20
-20
-20
-20
-19
-19
-19
-19
-19
-19
-19
-18
-18
-16
-15
-14
-14
-15
-15
-16
-16
-16
-16
-17
-17
-18
-18
-19
-20
-20
-20
-20
-21
-21
-21
-22
-23
-23
-24
-25
-25
-25
-26
-26
-27
-27
-27
-27
-27
-27
-26
-24
-23
-22
-21
-21
-21
-20
-20
-20
-20
-21
-21
-21
-21
-21
-21
-21
-21
-21
-22
-22
-23
-24
-25

