-17
-13
-5
4
14
24
35
44
52
59
63
62
57
52
47
43
39
35
28
21
13
5
-2
-9
-13
-16
-18
-19
-16
-11
-7
-6
-6
-5
-2
5
13
21
28
35
41
46
49
49
48
47
46
43
39
35
32
28
24
21
17
14
10
5
1
-1
-5
-8
-11
-14
-16
-18
-19
-20
-20
-18
-16
-13
-10
-7
-4
-1
1
3
6
8
11
13
15
16
16
16
15
13
11
8
4
0
-2
-5
-8
-10
-12
-14
-16
-17
-18
-19
-20
-20
-20
-21
-21
-21
-21
-21
-21
-22
-22
-23
-23
-23
-23
-23
-23
-22
-20
-19
-19
-19
-19
-19
-19
-19
-19
-19
-19
-20
-20
-20
-21
-21
-21
-21
-22
-23
-23
-24
-25
-25
-26
-26
-26
-27
-27
-27

