-24
-25
-24
-24
-25
-27
-29
-31
-29
-23
-16
-11
-5
2
9
18
26
33
40
45
46
43
39
35
29
21
14
6
-1
-7
-11
-15
-19
-23
-25
-27
-28
-28
-24
-20
-17
-15
-14
-14
-13
-12
-10
-9
-10
-14
-16
-18
-20
-23
-25
-27
-29
-29
-26
-18
-8
1
11
20
28
34
39
38
33
28
23
17
11
4
0
-4
-9
-13
-16
-19
-21
-24
-26
-28
-28
-27
-24
-21
-20
-19
-19
-19
-19
-19
-18
-18
-19
-19
-18
-17
-19
-20
-20
-21
-23
-24
-25
-26
-26
-27
-28
-28
-30
-31
-30
-30
-30
-30
-30
-30
-30
-29
-29
-28
-25
-21
-20
-21
-22
-23
-23
-24
-24
-25
-25
-25
-25
-26
-26
-28
-29
-29
-29
-29
-30
-30
-29
-29
-29
-29

