31
29
27
24
20
15
10
4
0
-3
-7
-9
-11
-12
-14
-13
-10
-7
-6
-6
-6
-5
-3
0
5
9
14
17
21
24
27
29
29
28
27
27
26
26
25
25
24
23
23
22
21
20
19
18
16
14
11
8
5
3
1
0
-1
-3
-4
-5
-6
-8
-9
-10
-12
-13
-13
-14
-15
-16
-16
-17
-18
-18
-18
-19
-19
-19
-19
-19
-19
-19
-20
-20
-20
-20
-20
-19
-17
-15
-14
-15
-15
-15
-15
-16
-16
-17
-17
-17
-18
-18
-19
-20
-21
-21
-21
-22
-22
-22
-22
-23
-24
-24
-24
-25
-25
-26
-26
-26
-27
-27
-28
-27
-27
-25
-22
-21
-20
-20
-21
-21
-21
-21
-21
-21
-21
-22
-22
-22
-22
-22
-22
-22
-23
-23
-24
-24
-24
-25

