-1
-4
-8
-12
-15
-18
-19
-17
-11
-5
1
8
16
25
34
42
50
57
64
71
77
79
80
79
77
71
68
66
61
56
51
47
42
37
33
27
20
13
6
0
-4
-9
-12
-14
-16
-18
-19
-20
-20
-20
-18
-13
-6
0
6
10
14
18
24
29
32
31
29
27
24
20
16
11
6
1
-2
-5
-8
-9
-10
-11
-12
-14
-16
-17
-18
-19
-20
-21
-21
-20
-20
-20
-20
-20
-20
-20
-20
-20
-20
-20
-19
-17
-17
-17
-18
-18
-19
-19
-19
-19
-20
-20
-21
-21
-21
-22
-22
-22
-23
-23
-24
-24
-24
-25
-25
-25
-25
-25
-26
-26
-25
-22
-20
-19
-19
-20
-20
-21
-21
-21
-21
-21
-21
-21
-21
-22
-22
-22
-22
-22
-22
-22
-22
-23

