50
44
39
35
28
19
9
1
-4
-10
-15
-19
-23
-25
-26
-27
-28
-28
-25
-19
-14
-12
-11
-10
-9
-8
-5
-1
1
4
3
0
-3
-7
-10
-12
-15
-17
-18
-20
-21
-21
-20
-17
-14
-11
-10
-8
-7
-6
-5
-5
-4
-4
-3
-2
0
1
2
1
0
-2
-6
-8
-10
-12
-14
-15
-16
-17
-18
-19
-19
-19
-20
-20
-20
-21
-22
-22
-22
-21
-21
-21
-21
-21
-21
-21
-21
-21
-21
-18
-16
-16
-16
-17
-17
-17
-17
-17
-18
-18
-18
-19
-19
-19
-19
-19
-19
-19
-19
-20
-20
-21
-21
-21
-21
-21
-21
-21
-23
-24
-24
-24
-24
-25
-25
-25
-26
-25
-26
-26
-25
-22
-20
-19
-19
-19
-20
-20
-20
-20
-20
-20
-21
-21
-21
-21
-21
-21

