46
48
47
43
38
33
28
24
20
16
12
8
6
5
3
1
0
0
-1
-2
-2
-3
-4
-5
-5
-5
-5
-5
-5
-6
-7
-7
-7
-8
-9
-11
-13
-14
-16
-18
-19
-21
-22
-23
-24
-25
-26
-27
-28
-28
-28
-29
-31
-32
-32
-31
-31
-30
-30
-29
-27
-23
-22
-22
-22
-22
-22
-22
-23
-24
-25
-26
-28
-29
-30
-32
-33
-34
-35
-36
-37
-37
-37
-38
-38
-38
-38
-38
-38
-38
-39
-39
-40
-42
-44
-43
-43
-43
-42
-42
-41
-40
-39
-38
-36
-35
-35
-34
-33
-32
-32
-31
-30
-30
-30
-30
-31
-31
-31
-31
-31
-32
-32
-32
-32
-32
-32
-32
-32
-32
-32
-32
-32
-32
-32
-32
-31
-31
-32
-32
-32
-32
-32
-32
-33
-33
-33
-32
-31
-30

