-25
-27
-28
-30
-31
-32
-32
-33
-33
-33
-33
-32
-32
-32
-33
-32
-32
-31
-31
-30
-29
-29
-30
-30
-30
-30
-30
-30
-30
-30
-31
-31
-32
-33
-34
-35
-37
-38
-40
-41
-42
-42
-43
-43
-43
-43
-43
-43
-42
-41
-40
-37
-33
-28
-22
-16
-11
-7
-4
-5
-7
-8
-10
-11
-14
-16
-18
-20
-23
-25
-27
-28
-29
-31
-32
-34
-34
-35
-35
-35
-35
-36
-36
-36
-36
-36
-36
-36
-36
-36
-37
-37
-37
-37
-38
-39
-40
-41
-42
-42
-41
-40
-39
-38
-37
-36
-35
-32
-29
-27
-25
-23
-22
-21
-21
-21
-22
-23
-23
-24
-24
-24
-24
-24
-25
-25
-25
-24
-25
-25
-25
-25
-25
-26
-26
-26
-26
-26
-26
-26
-26
-25
-23
-24
-25
-26
-26
-26
-26
-26

