-23
-24
-25
-25
-26
-27
-27
-28
-28
-29
-30
-31
-31
-32
-33
-33
-33
-35
-38
-41
-44
-44
-43
-43
-44
-46
-47
-47
-43
-38
-33
-28
-22
-17
-13
-8
-3
0
2
4
6
6
5
3
0
0
-2
-3
-4
-4
-5
-6
-8
-9
-11
-13
-15
-17
-18
-20
-21
-22
-23
-24
-25
-26
-27
-28
-29
-29
-30
-30
-31
-31
-32
-32
-32
-31
-31
-30
-29
-28
-26
-25
-24
-22
-21
-20
-19
-18
-16
-15
-14
-13
-12
-13
-13
-14
-15
-16
-18
-19
-21
-23
-24
-25
-26
-27
-28
-29
-30
-31
-31
-31
-30
-30
-30
-30
-29
-29
-29
-30
-30
-30
-31
-31
-31
-31
-31
-31
-31
-31
-31
-31
-31
-31
-31
-31
-31
-31
-31
-31
-31
-31
-31
-31
-30
-30
-29
-29

