-26
-26
-26
-25
-25
-23
-23
-23
-22
-19
-16
-11
-2
5
14
23
30
37
43
49
53
57
61
64
64
61
55
48
41
34
28
21
14
8
2
-2
-7
-12
-16
-20
-23
-25
-26
-27
-24
-18
-12
-5
1
8
14
20
25
31
37
41
41
38
32
26
21
17
13
8
4
0
-3
-7
-11
-15
-19
-22
-24
-26
-28
-27
-23
-17
-11
-5
0
6
11
17
21
25
27
27
25
20
15
11
7
4
0
-3
-7
-10
-13
-16
-18
-20
-21
-23
-24
-25
-26
-28
-29
-29
-30
-31
-31
-32
-32
-32
-30
-29
-28
-27
-26
-26
-25
-25
-24
-23
-23
-24
-25
-26
-26
-26
-27
-27
-28
-28
-29
-29
-29
-29
-30
-30
-30
-30
-30
-30
-31
-30
-30
-31

