-7
-9
-12
-15
-18
-20
-21
-23
-24
-24
-24
-25
-25
-26
-26
-26
-27
-27
-27
-27
-26
-25
-24
-24
-24
-24
-25
-25
-25
-25
-25
-25
-25
-25
-25
-26
-27
-29
-29
-28
-27
-25
-23
-21
-19
-17
-16
-14
-12
-10
-9
-7
-5
-4
-2
0
0
0
0
0
0
-1
-2
-4
-5
-6
-8
-9
-11
-12
-13
-15
-16
-17
-19
-20
-20
-21
-21
-21
-22
-22
-22
-24
-26
-27
-27
-27
-26
-25
-24
-24
-23
-23
-22
-21
-20
-18
-17
-17
-18
-21
-23
-23
-22
-21
-20
-19
-19
-19
-19
-20
-20
-21
-21
-21
-22
-22
-22
-23
-23
-24
-27
-29
-29
-28
-26
-24
-22
-20
-19
-20
-21
-22
-23
-24
-24
-25
-25
-26
-27
-30
-31
-31
-31
-30
-30
-29
-28
-28

