-36
-38
-39
-39
-40
-40
-40
-40
-41
-43
-46
-47
-47
-47
-46
-46
-45
-43
-43
-43
-44
-45
-45
-44
-44
-44
-43
-44
-45
-46
-46
-46
-46
-45
-42
-39
-36
-33
-30
-26
-22
-18
-15
-13
-11
-9
-9
-9
-11
-13
-15
-18
-20
-24
-27
-29
-30
-31
-32
-33
-33
-34
-36
-37
-38
-38
-39
-39
-40
-40
-40
-41
-42
-42
-42
-42
-42
-42
-41
-41
-42
-42
-43
-42
-42
-40
-37
-34
-31
-28
-26
-23
-20
-17
-15
-13
-13
-13
-14
-16
-19
-21
-24
-27
-28
-31
-33
-35
-35
-36
-37
-37
-37
-37
-38
-39
-39
-39
-39
-39
-39
-39
-38
-39
-39
-39
-38
-38
-38
-38
-38
-39
-40
-40
-39
-37
-35
-32
-29
-26
-25
-23
-22
-20
-19
-18
-18
-18
-19
-20

