50
48
46
40
35
29
21
10
-2
-6
-1
1
0
-2
-5
-7
-9
-12
-15
-18
-21
-23
-26
-27
-28
-28
-29
-28
-27
-25
-23
-23
-24
-25
-25
-24
-24
-25
-26
-28
-29
-30
-31
-32
-32
-33
-34
-35
-35
-36
-37
-38
-38
-39
-39
-40
-40
-40
-41
-41
-41
-41
-41
-41
-42
-42
-42
-42
-42
-42
-42
-42
-43
-43
-43
-43
-43
-42
-42
-42
-43
-43
-43
-43
-42
-42
-42
-41
-42
-42
-42
-42
-42
-42
-41
-41
-41
-41
-42
-42
-41
-41
-41
-40
-40
-40
-40
-41
-41
-41
-40
-40
-40
-40
-39
-39
-40
-40
-40
-40
-39
-39
-39
-39
-39
-40
-40
-40
-39
-39
-39
-39
-39
-38
-39
-40
-40
-39
-39
-39
-39
-39
-38
-38
-40
-40
-40
-39
-39
-39

