-18
-19
-20
-21
-21
-21
-22
-22
-23
-23
-24
-25
-25
-25
-26
-26
-26
-26
-25
-26
-26
-26
-25
-25
-24
-23
-23
-22
-23
-25
-26
-27
-27
-27
-26
-24
-22
-21
-21
-21
-21
-22
-22
-22
-22
-22
-22
-23
-23
-23
-23
-25
-26
-26
-25
-24
-23
-21
-19
-17
-14
-11
-8
-4
-1
1
4
6
6
4
1
-1
-3
-6
-8
-9
-10
-11
-11
-11
-11
-12
-13
-13
-12
-11
-11
-10
-11
-12
-14
-15
-16
-16
-17
-17
-16
-14
-14
-16
-18
-18
-19
-21
-22
-23
-25
-27
-30
-32
-35
-38
-40
-40
-40
-40
-40
-40
-39
-38
-37
-36
-35
-35
-35
-35
-34
-34
-34
-35
-35
-35
-34
-32
-30
-29
-28
-27
-27
-28
-28
-28
-27
-27
-26
-26
-25
-26
-27
-27

