-41
-45
-44
-38
-35
-34
-35
-36
-38
-41
-43
-45
-45
-43
-46
-48
-48
-48
-48
-47
-48
-47
-43
-38
-33
-26
-17
-7
3
14
27
39
48
52
53
50
45
38
27
14
0
-11
-21
-28
-31
-23
-7
7
20
31
42
53
63
72
78
80
80
80
80
80
80
80
80
80
80
80
80
80
80
79
73
62
50
37
23
9
0
-10
-19
-26
-32
-35
-37
-37
-35
-31
-28
-25
-23
-23
-23
-22
-21
-22
-21
-20
-20
-20
-18
-17
-18
-19
-20
-21
-21
-22
-23
-24
-25
-26
-27
-28
-28
-29
-30
-32
-33
-33
-33
-33
-33
-33
-34
-35
-35
-35
-35
-32
-28
-24
-22
-21
-21
-21
-21
-20
-21
-20
-21
-22
-22
-22
-22
-22
-22
-22
-22
-22
-23
-23

