-10
-12
-13
-14
-15
-16
-17
-18
-18
-19
-19
-19
-19
-20
-19
-18
-18
-18
-18
-19
-19
-20
-21
-21
-21
-21
-21
-21
-20
-18
-17
-15
-14
-14
-13
-13
-13
-13
-15
-16
-17
-17
-18
-18
-18
-19
-19
-19
-20
-20
-20
-20
-20
-19
-19
-19
-20
-20
-20
-20
-20
-20
-20
-20
-20
-20
-21
-21
-21
-22
-23
-24
-24
-25
-25
-26
-26
-27
-27
-27
-27
-27
-27
-27
-27
-28
-28
-28
-26
-25
-23
-22
-20
-19
-18
-18
-17
-17
-17
-17
-19
-19
-19
-20
-21
-21
-22
-22
-23
-24
-24
-24
-24
-24
-25
-27
-30
-31
-32
-32
-33
-33
-33
-34
-34
-34
-34
-35
-36
-36
-36
-37
-37
-36
-34
-32
-31
-29
-27
-26
-25
-24
-24
-24
-24
-24
-24
-24
-24
-25

