80
80
80
80
80
80
79
76
71
64
55
44
31
18
6
-2
-9
-14
-18
-21
-25
-28
-27
-20
-8
5
20
35
50
65
76
79
80
80
80
80
80
80
80
80
80
80
80
80
80
80
80
80
80
80
80
78
71
64
56
47
38
30
22
14
9
4
0
-4
-8
-12
-15
-18
-20
-22
-23
-25
-26
-24
-20
-15
-11
-6
-1
3
8
13
17
20
22
23
23
20
17
13
9
5
1
-1
-4
-8
-10
-12
-14
-16
-18
-19
-20
-22
-23
-24
-24
-25
-25
-26
-26
-26
-27
-27
-27
-26
-26
-26
-26
-26
-26
-27
-27
-26
-26
-26
-25
-26
-25
-26
-26
-27
-27
-27
-26
-26
-26
-26
-26
-27
-28
-27
-27
-27
-27
-27
-26
-27
-27
-27

