6
10
13
15
16
15
14
12
9
7
3
0
-2
-5
-8
-10
-12
-14
-17
-19
-21
-24
-26
-28
-29
-30
-31
-33
-33
-34
-33
-31
-28
-25
-21
-18
-14
-11
-9
-6
-3
0
0
2
2
1
-1
-4
-6
-8
-11
-13
-15
-17
-19
-21
-23
-24
-25
-26
-26
-26
-26
-27
-29
-30
-31
-31
-31
-32
-33
-33
-34
-35
-35
-35
-35
-35
-35
-35
-35
-36
-37
-37
-37
-36
-35
-34
-32
-31
-29
-27
-25
-23
-21
-19
-17
-16
-16
-17
-18
-19
-21
-22
-24
-25
-27
-28
-27
-25
-24
-24
-25
-27
-28
-30
-31
-32
-33
-33
-34
-34
-34
-35
-35
-36
-36
-36
-36
-36
-36
-36
-36
-37
-37
-37
-37
-36
-36
-36
-36
-37
-37
-37
-37
-37
-37
-36
-36
-37

