-7
-9
-10
-11
-12
-14
-15
-16
-17
-17
-18
-19
-20
-21
-22
-22
-22
-21
-20
-17
-14
-9
-4
0
4
8
12
15
19
23
26
29
32
33
32
31
30
28
27
25
22
19
15
11
8
4
1
0
-2
-5
-6
-8
-10
-12
-14
-16
-18
-19
-21
-22
-23
-24
-25
-26
-27
-28
-28
-27
-26
-24
-22
-19
-17
-14
-11
-8
-4
-1
2
5
8
11
13
15
16
16
15
13
11
9
6
3
0
-3
-7
-10
-13
-15
-16
-17
-19
-21
-22
-23
-24
-26
-27
-28
-29
-30
-31
-32
-33
-33
-33
-33
-33
-33
-33
-33
-32
-32
-31
-30
-29
-29
-28
-28
-27
-26
-26
-25
-24
-23
-23
-22
-22
-22
-23
-24
-26
-26
-27
-28
-29
-29
-30
-30
-31
-32

