-16
-16
-16
-16
-16
-15
-13
-12
-11
-11
-10
-10
-10
-10
-11
-11
-12
-13
-13
-15
-16
-18
-20
-22
-23
-24
-24
-23
-24
-23
-23
-23
-23
-22
-22
-21
-21
-20
-20
-19
-16
-16
-18
-18
-18
-18
-17
-16
-16
-16
-16
-16
-16
-16
-15
-16
-15
-15
-15
-14
-11
-10
-9
-8
-7
-7
-6
-7
-7
-9
-12
-17
-20
-23
-24
-24
-24
-24
-24
-24
-23
-23
-22
-22
-22
-21
-20
-18
-17
-18
-19
-19
-19
-19
-18
-18
-17
-17
-17
-16
-16
-15
-15
-15
-15
-15
-14
-11
-10
-9
-8
-8
-8
-8
-8
-9
-10
-11
-13
-16
-18
-21
-24
-25
-25
-24
-24
-24
-23
-23
-22
-22
-22
-21
-21
-21
-20
-19
-19
-19
-19
-19
-19
-18
-18
-17
-16
-16
-14
-13

