-16
-17
-16
-16
-16
-16
-16
-16
-16
-17
-16
-17
-17
-17
-17
-16
-16
-16
-12
-7
-6
-6
-4
-4
-5
-5
-6
-8
-12
-18
-21
-24
-23
-22
-24
-25
-26
-26
-26
-26
-25
-25
-24
-24
-23
-22
-22
-21
-21
-21
-20
-20
-20
-20
-19
-19
-17
-14
-13
-12
-10
-8
-7
-7
-7
-8
-8
-9
-9
-10
-11
-11
-13
-16
-18
-22
-24
-24
-24
-25
-25
-25
-25
-24
-24
-23
-23
-22
-22
-22
-21
-21
-21
-20
-20
-18
-13
-12
-10
-9
-8
-8
-8
-8
-8
-8
-8
-9
-9
-9
-10
-11
-12
-15
-18
-21
-22
-23
-24
-24
-24
-23
-23
-23
-23
-23
-22
-22
-22
-22
-21
-21
-21
-21
-20
-20
-20
-20
-20
-19
-19
-19
-17
-13
-12
-10
-9
-9
-8
-8

