1
2
5
6
7
7
4
4
4
0
-7
-13
-19
-27
-38
-43
-42
-39
-38
-38
-38
-36
-34
-32
-30
-30
-29
-28
-27
-27
-26
-26
-25
-25
-25
-24
-24
-23
-22
-22
-22
-21
-21
-20
-19
-19
-18
-15
-11
-9
-6
-5
-5
-3
-3
-4
-5
-6
-7
-8
-10
-12
-14
-17
-22
-26
-28
-28
-28
-27
-27
-26
-25
-25
-24
-24
-24
-23
-22
-22
-21
-21
-21
-20
-20
-19
-19
-18
-18
-18
-18
-17
-17
-14
-11
-10
-9
-6
-4
-4
-4
-5
-6
-6
-7
-7
-8
-10
-12
-14
-16
-17
-20
-22
-24
-25
-25
-25
-25
-24
-24
-24
-24
-23
-22
-22
-22
-22
-21
-21
-21
-20
-20
-20
-20
-20
-19
-19
-19
-19
-17
-13
-10
-8
-7
-7
-7
-7
-7
-8

