-25
-39
-42
-41
-40
-40
-40
-39
-37
-34
-31
-28
-27
-29
-29
-28
-27
-27
-26
-25
-24
-23
-21
-18
-13
-12
-9
-6
-4
-5
-5
-5
-5
-5
-5
-6
-7
-9
-12
-15
-17
-20
-21
-21
-21
-23
-25
-27
-29
-29
-29
-28
-27
-27
-27
-26
-25
-25
-24
-24
-23
-23
-22
-20
-18
-15
-12
-13
-13
-13
-13
-13
-12
-12
-12
-12
-13
-14
-15
-16
-16
-17
-19
-21
-21
-21
-21
-20
-19
-18
-18
-18
-17
-15
-14
-15
-14
-13
-12
-11
-11
-10
-9
-9
-10
-10
-10
-12
-14
-17
-18
-19
-20
-23
-25
-25
-25
-24
-23
-22
-22
-21
-21
-20
-19
-18
-17
-17
-17
-15
-14
-15
-15
-15
-15
-15
-15
-15
-15
-16
-16
-16
-15
-15
-16
-18
-19
-18
-17
-17

