-21
-21
-20
-20
-20
-19
-18
-18
-15
-5
11
20
22
21
17
8
-5
-19
-28
-31
-30
-29
-29
-28
-26
-26
-20
-17
-16
-16
-15
-14
-13
-12
-11
-9
-8
-7
-6
-5
-4
-4
-4
-3
-2
-3
-5
-6
0
11
18
20
20
19
18
14
8
1
-12
-31
-49
-56
-56
-53
-49
-42
-32
-27
-23
-20
-19
-18
-17
-16
-15
-16
-17
-18
-18
-18
-19
-19
-19
-19
-21
-23
-28
-30
-29
-26
-27
-28
-28
-24
-22
-14
3
11
13
13
10
3
-7
-22
-32
-34
-32
-32
-33
-33
-32
-32
-32
-32
-33
-34
-34
-34
-33
-31
-29
-25
-20
-17
-18
-18
-17
-16
-16
-15
-15
-16
-13
-6
0
2
0
-5
-11
-16
-16
-16
-17
-15
-7
-5
-3
-2
-1
5

