13
18
18
16
9
-4
-21
-32
-34
-33
-33
-33
-35
-35
-33
-31
-31
-30
-29
-28
-28
-28
-28
-27
-25
-22
-24
-33
-37
-37
-37
-36
-35
-34
-32
-29
-26
-25
-23
-20
-17
-14
-12
-10
-6
-3
-7
-10
-11
-8
0
2
-1
-3
-4
-4
-3
-3
-3
-3
-4
-6
-5
-3
1
5
6
6
6
4
0
-3
-7
-15
-24
-30
-34
-35
-35
-34
-34
-33
-32
-31
-30
-28
-26
-24
-22
-21
-21
-22
-22
-22
-22
-20
-19
-20
-21
-21
-20
-19
-19
-19
-19
-19
-18
-18
-18
-18
-18
-17
-15
-15
-14
-14
-13
-12
-10
-5
1
5
6
7
7
6
4
3
3
1
-1
-7
-16
-23
-26
-26
-23
-21
-21
-21
-20
-18
-17
-15
-14
-12
-12
-12
-10
-10

