-9
-8
-9
-8
-7
-7
-5
-5
-5
-3
-3
-3
-2
0
5
7
5
6
7
7
9
10
12
15
13
10
0
-14
-15
-13
-14
-12
-9
-8
-6
-4
-3
-2
-2
-1
0
2
5
7
8
8
8
7
10
11
9
8
6
5
4
1
-1
-3
-7
-12
-18
-21
-21
-21
-21
-20
-18
-16
-15
-15
-14
-14
-13
-13
-12
-11
-11
-11
-12
-12
-11
-10
-10
-10
-9
-8
-6
-4
-4
-4
-3
-3
-2
-2
-2
-3
-7
-13
-15
-16
-16
-15
-13
-13
-12
-11
-11
-9
-6
-4
-3
-1
0
0
0
0
0
0
-1
-2
-5
-8
-10
-12
-15
-19
-21
-21
-20
-19
-20
-22
-23
-24
-24
-23
-22
-22
-21
-20
-20
-18
-18
-17
-17
-16
-15
-15
-13
-13

