-29
-29
-29
-29
-29
-29
-29
-28
-24
-16
-9
-7
-7
-7
-7
-7
-8
-8
-8
-9
-9
-10
-10
-11
-11
-12
-12
-13
-13
-14
-14
-14
-15
-15
-15
-15
-15
-16
-17
-22
-26
-29
-29
-29
-29
-30
-29
-29
-29
-29
-28
-27
-26
-24
-20
-17
-11
-7
-6
-6
-6
-6
-7
-7
-8
-9
-9
-10
-10
-11
-11
-12
-12
-12
-13
-13
-13
-14
-15
-15
-16
-17
-19
-21
-22
-23
-25
-27
-27
-27
-27
-27
-26
-26
-25
-25
-24
-24
-23
-21
-19
-17
-13
-9
-7
-7
-8
-9
-9
-9
-9
-10
-10
-10
-11
-12
-13
-13
-15
-17
-16
-15
-15
-15
-16
-17
-18
-19
-20
-21
-24
-25
-26
-26
-26
-25
-25
-24
-23
-23
-23
-21
-18
-14
-10
-8
-9
-9
-9
-11

