-20
-19
-20
-23
-34
-56
-56
-50
-45
-35
-24
-19
-12
-7
1
16
18
13
10
9
5
-4
-16
-25
-29
-29
-28
-25
-38
-64
-70
-60
-50
-48
-47
-45
-38
-29
-20
-16
-13
-12
-10
-6
-5
-4
-3
0
11
18
17
15
11
5
0
-7
-19
-24
-20
-19
-19
-18
-18
-18
-18
-19
-19
-19
-22
-28
-32
-38
-44
-51
-49
-47
-39
-34
-29
-22
-17
-16
-14
-11
-6
-5
-1
9
12
11
11
9
5
1
-3
-7
-14
-24
-27
-34
-37
-28
-29
-44
-49
-43
-39
-34
-32
-28
-25
-22
-18
-15
-13
-13
-12
-12
-12
-11
-9
-6
-2
3
5
7
9
10
7
4
0
-6
-16
-23
-23
-24
-28
-30
-30
-28
-25
-32
-36
-32
-31
-30
-28
-25
-24
-21

