-9
-9
-9
-9
-9
-8
-8
-8
-8
-8
-7
-6
-5
-4
-4
-4
-4
-4
-4
-4
-5
-5
-5
-5
-6
-6
-5
-5
-5
-5
-4
-5
-5
-5
-6
-7
-7
-7
-6
-6
-6
-6
-7
-7
-8
-8
-7
-7
-7
-7
-7
-7
-7
-7
-7
-7
-7
-6
-6
-7
-8
-9
-10
-11
-11
-12
-12
-12
-12
-12
-12
-12
-11
-11
-10
-9
-8
-7
-6
-6
-6
-6
-5
-5
-5
-3
7
20
31
36
35
27
16
8
1
-4
-8
-12
-18
-25
-30
-34
-36
-36
-38
-40
-41
-41
-45
-50
-52
-52
-47
-37
-28
-21
-15
-9
5
26
47
59
60
52
41
27
17
8
-3
-14
-24
-37
-53
-67
-79
-84
-81
-74
-65
-55
-42
-32
-25
-21
-18
-16
-14
-11
-9
-8

