-13
-13
-12
-13
-13
-14
-13
-13
-14
-14
-15
-16
-18
-19
-19
-19
-19
-19
-19
-20
-20
-20
-20
-19
-19
-19
-18
-18
-17
-17
-16
-15
-15
-14
-14
-16
-16
-16
-17
-17
-17
-17
-17
-17
-18
-18
-18
-18
-18
-18
-18
-18
-18
-18
-18
-18
-18
-18
-18
-18
-18
-17
-17
-17
-17
-17
-17
-17
-17
-17
-17
-17
-17
-16
-16
-16
-17
-17
-17
-17
-17
-17
-17
-17
-17
-17
-17
-17
-17
-17
-17
-17
-17
-17
-17
-17
-17
-17
-17
-17
-17
-17
-17
-17
-17
-17
-17
-17
-17
-17
-17
-17
-17
-18
-23
-31
-33
-33
-33
-32
-31
-30
-30
-31
-31
-30
-29
-26
-21
-15
-11
-6
-1
1
1
0
-1
-2
-3
-3
-4
-3
-3
-4
-5
-7
-8
-8
-9
-9

