-9
-8
-8
-8
-8
-7
-7
-7
-8
-9
-11
-12
-13
-15
-16
-17
-17
-16
-15
-15
-14
-13
-13
-12
-11
-11
-10
-9
-8
-7
-7
-8
-9
-10
-10
-9
-8
-8
-7
-7
-7
-7
-7
-6
-6
-6
-6
-5
-4
-3
-2
0
3
5
7
15
33
51
62
63
60
51
39
25
12
-1
-11
-17
-24
-38
-49
-57
-65
-68
-72
-77
-82
-83
-72
-48
-32
-23
-16
-4
19
40
54
62
62
53
41
28
17
7
-3
-10
-14
-18
-22
-25
-28
-35
-46
-48
-48
-47
-45
-42
-38
-30
-24
-19
-15
-13
-10
-9
-7
-5
-4
-3
-1
0
-1
-1
-1
-1
-1
-2
-3
-3
-3
-3
-3
-3
-3
-3
-3
-3
-3
-3
-4
-12
-19
-21
-21
-20
-19
-16
-13
-11

