-9
-9
-10
-11
-11
-12
-12
-12
-11
-11
-10
-10
-10
-9
-9
-9
-8
-7
-7
-8
-9
-10
-11
-12
-12
-13
-13
-13
-14
-14
-15
-15
-14
-13
-12
-11
-10
-9
-8
-7
-6
-6
-5
-4
-3
-2
-2
-1
-1
-1
-1
-1
-1
-1
-1
-1
-2
-2
-3
-3
-4
-4
-4
-4
-3
-3
-2
-1
2
15
33
44
49
48
37
25
14
7
0
-9
-21
-29
-32
-35
-42
-49
-48
-41
-31
-20
-6
11
28
41
45
39
27
16
7
1
-4
-9
-14
-19
-23
-25
-26
-26
-26
-26
-26
-26
-26
-30
-38
-46
-50
-59
-64
-62
-57
-50
-39
-28
-16
0
16
30
41
51
57
59
54
46
34
24
15
7
0
-5
-10
-15
-18
-20
-22
-23
-24
-26
-31
-34

