-5
-5
-4
-4
-4
-4
-4
-4
-5
-5
-6
-7
-7
-7
-8
-9
-8
-7
-7
-6
-6
-5
-5
-5
-4
-4
-3
-4
-4
-3
-3
-4
-4
-5
-5
-6
-6
-7
-7
-7
-8
-9
-10
-9
-9
-8
-7
-7
-6
-6
-6
-6
-6
-5
-5
-4
-4
-5
-5
-5
-6
-6
-7
-7
-7
-8
-8
-8
-10
-10
-10
-10
-9
-8
-7
-7
-6
-6
-5
-4
-4
-3
-3
-3
-3
-3
-4
-4
-5
-5
-6
-6
-6
-7
-7
-7
-7
-8
-9
-9
-9
-9
-9
-8
-7
-7
-6
-6
-5
-5
-4
-4
-3
-3
-3
-3
-3
-3
-3
-3
-3
-4
-4
-4
-4
-4
-4
-4
-4
-3
-3
-2
1
4
8
11
10
6
3
-1
-7
-12
-15
-19
-25
-32
-33
-30
-25
-20

