-5
-5
-6
-7
-7
-7
-7
-7
-6
-6
-7
-7
-7
-7
-7
-7
-8
-8
-8
-8
-8
-7
-6
-5
-5
-4
-4
-5
-5
-5
-6
-6
-7
-7
-7
-7
-8
-8
-8
-7
-7
-6
-6
-5
-5
-5
-4
-5
-6
-6
-7
-7
-7
-8
-8
-9
-9
-9
-10
-10
-10
-10
-10
-10
-10
-10
-9
-8
-7
-7
-8
-8
-8
-8
-7
-6
-6
-6
-7
-8
-9
-8
-7
-3
3
9
12
11
9
8
6
2
-8
-21
-28
-27
-24
-20
-15
-12
-8
-4
0
2
0
-2
-3
-5
-7
-11
-16
-23
-26
-24
-20
-17
-15
-12
-9
-4
6
14
15
11
6
4
1
-1
-3
-4
-5
-6
-6
-6
-7
-7
-7
-7
-7
-7
-7
-7
-7
-6
-6
-6
-6
-6
-6
-6

