-2
-3
-3
-4
-5
-6
-7
-8
-8
-9
-10
-10
-10
-10
-10
-10
-11
-11
-12
-11
-10
-9
-8
-8
-7
-7
-7
-6
-6
-6
-6
-6
-6
-7
-7
-8
-8
-8
-9
-9
-9
-9
-10
-10
-10
-10
-9
-8
-8
-7
-7
-6
-6
-5
-4
-3
-2
-2
-1
-2
-3
-3
-4
-3
-3
-2
-2
-1
1
2
3
3
3
1
-1
-2
-3
-4
-6
-7
-8
-8
-8
-9
-9
-9
-9
-9
-10
-16
-23
-22
-19
-16
-13
-12
-9
-5
-1
2
4
4
2
0
-2
-3
-4
-5
-6
-8
-11
-13
-14
-15
-15
-14
-14
-14
-14
-14
-13
-13
-13
-13
-12
-14
-21
-31
-34
-32
-31
-29
-24
-19
-15
-13
-11
-10
-9
-9
-8
-7
-5
-2
5
14
20
21
19
15

