-5
-5
-4
-4
-4
-5
-5
-6
-6
-6
-7
-7
-7
-7
-7
-8
-7
-7
-6
-5
-4
-5
-6
-5
-5
-4
-3
-3
-3
-2
-1
-1
-1
-1
-1
-1
-1
-1
2
8
16
19
18
15
11
5
-1
-8
-17
-21
-21
-23
-25
-24
-21
-18
-15
-13
-10
-9
-7
-6
-2
2
2
0
-3
-5
-6
-6
-6
-7
-7
-8
-8
-8
-9
-9
-9
-9
-9
-9
-9
-9
-9
-9
-9
-9
-9
-9
-8
-9
-14
-23
-23
-18
-15
-13
-12
-11
-10
-9
-9
-9
-8
-8
-8
-9
-12
-15
-15
-15
-15
-15
-13
-12
-12
-12
-12
-12
-12
-12
-12
-11
-11
-11
-11
-11
-11
-11
-11
-11
-11
-12
-12
-11
-9
-7
-6
-6
-6
-6
-6
-6
-6
-6
-6
-6
-6
-6

