-5
-5
-4
-4
-4
-3
-3
-3
-4
-4
-4
-4
-3
-3
-4
-4
-5
-5
-6
-6
-6
-6
-6
-6
-5
-4
-2
1
6
11
12
10
6
2
0
-4
-9
-15
-23
-30
-34
-35
-33
-30
-26
-21
-17
-13
-9
-3
3
10
13
11
7
3
0
-4
-7
-11
-14
-18
-24
-31
-32
-31
-29
-26
-21
-16
-12
-9
-6
-2
3
9
14
15
12
8
5
2
0
-1
-2
-2
-3
-3
-4
-4
-4
-5
-9
-15
-18
-18
-16
-16
-15
-15
-14
-13
-13
-12
-11
-9
-8
-8
-7
-6
-5
-5
-4
-4
-4
-4
-4
-4
-4
-4
-4
-5
-7
-10
-12
-14
-15
-17
-19
-20
-19
-15
-11
-9
-7
-6
-5
-5
-5
-5
-4
-4
-4
-3
-3
-2
-2
-2
-3
-3

