-10
-10
-10
-10
-10
-10
-9
-8
-7
-6
-6
-6
-6
-6
-8
-10
-10
-11
-11
-10
-9
-9
-8
-8
-8
-9
-9
-9
-9
-9
-8
-8
-7
-7
-7
-6
-5
-2
3
11
18
20
21
20
19
15
11
7
2
-6
-16
-23
-27
-29
-28
-26
-25
-25
-24
-22
-19
-16
-13
-7
3
14
20
21
16
10
5
2
-1
-3
-5
-7
-10
-11
-12
-13
-14
-15
-15
-16
-15
-15
-15
-15
-14
-14
-14
-14
-14
-14
-14
-14
-13
-13
-13
-14
-14
-14
-14
-15
-17
-22
-26
-30
-31
-31
-29
-26
-22
-18
-15
-12
-9
-4
2
8
13
16
17
17
14
11
8
5
3
1
-1
-1
-2
-3
-3
-4
-4
-5
-5
-6
-6
-6
-7
-7
-7
-8
-8
-8
-8
-8

