-7
-7
-7
-7
-6
-6
-5
-4
-4
-4
-3
-3
-4
-4
-5
-5
-6
-6
-6
-6
-6
-6
-6
-6
-6
-6
-7
-7
-7
-8
-8
-8
-8
-7
-7
-6
-6
-6
-6
-6
-7
-7
-7
-8
-8
-8
-8
-7
-7
-6
-6
-5
-5
-5
-5
-5
-5
-5
-5
-6
-6
-6
-6
-6
-6
-6
-6
-6
-5
-5
-5
-3
-1
0
1
2
1
0
-2
-5
-12
-19
-22
-23
-21
-19
-16
-14
-11
-8
-3
2
4
5
3
1
-1
-3
-4
-5
-6
-6
-7
-7
-7
-7
-8
-8
-8
-8
-8
-8
-8
-8
-9
-9
-9
-9
-8
-8
-8
-8
-8
-8
-9
-15
-23
-24
-22
-20
-17
-15
-13
-10
-6
-2
0
2
2
1
-1
-3
-4
-5
-5
-6
-6
-7
-7
-8

