6
6
5
3
1
0
-2
-3
-4
-8
-12
-17
-21
-21
-20
-19
-19
-17
-15
-12
-10
-7
-3
1
4
6
6
5
3
0
-3
-6
-8
-9
-10
-11
-12
-12
-16
-22
-27
-28
-27
-26
-23
-19
-16
-14
-12
-10
-9
-8
-8
-7
-7
-7
-6
-6
-6
-6
-6
-6
-6
-5
-4
-4
-4
-4
-4
-4
-4
-4
-5
-5
-5
-5
-4
-4
-3
-3
-3
-3
-2
-2
-2
-2
-2
-3
-3
-4
-4
-5
-5
-6
-6
-6
-6
-5
-4
-4
-3
-3
-3
-3
-3
-2
-2
-2
-2
-3
-3
-3
-3
-3
-4
-5
-5
-6
-6
-7
-8
-8
-8
-8
-7
-7
-6
-6
-5
-5
-5
-5
-5
-5
-5
-5
-6
-6
-6
-7
-7
-7
-8
-8
-7
-7
-7
-6
-6
-6

