-7
-7
-7
-7
-7
-6
-6
-6
-6
-5
-5
-5
-4
-4
-4
-4
-4
-4
-4
-5
-5
-5
-5
-4
-5
-5
-5
-4
-4
-4
-4
-3
-1
2
5
6
4
2
0
-2
-3
-8
-12
-16
-19
-22
-23
-23
-23
-20
-17
-14
-10
-7
-2
2
4
4
2
0
-2
-6
-9
-10
-11
-11
-11
-11
-10
-10
-10
-9
-9
-9
-9
-9
-8
-8
-8
-8
-7
-7
-7
-7
-6
-6
-6
-6
-6
-7
-9
-11
-12
-12
-11
-10
-9
-7
-4
1
6
9
10
11
10
8
5
2
-1
-3
-5
-6
-7
-8
-9
-9
-10
-10
-11
-12
-12
-13
-13
-13
-15
-15
-15
-15
-16
-16
-17
-16
-15
-14
-13
-12
-11
-11
-11
-11
-13
-15
-15
-14
-12
-11
-9
-8
-6
-5

