-6
-6
-6
-6
-6
-6
-5
-5
-5
-4
-5
-5
-5
-5
-4
-4
-4
-4
-4
-4
-4
-5
-4
-4
-3
-3
-2
0
3
4
3
0
-2
-4
-6
-7
-9
-10
-10
-11
-10
-9
-8
-8
-6
-3
-1
0
0
0
-4
-9
-14
-17
-18
-17
-17
-16
-16
-15
-13
-11
-8
-5
-2
1
2
1
-2
-3
-5
-6
-8
-11
-13
-16
-18
-18
-16
-15
-15
-14
-12
-12
-11
-11
-11
-11
-10
-10
-9
-8
-8
-8
-8
-7
-6
-6
-5
-5
-5
-6
-6
-6
-6
-6
-7
-7
-7
-7
-8
-8
-8
-8
-8
-8
-8
-8
-7
-7
-7
-6
-6
-5
-5
-5
-5
-4
-4
-4
-4
-4
-4
-5
-5
-5
-6
-6
-6
-6
-7
-7
-7
-6
-6
-6
-6
-6
-6
-5

