10
7
5
1
-6
-8
-10
-15
-18
-18
-16
-14
-14
-12
-10
-9
-8
-7
-6
-6
-5
-5
-6
-8
-11
-11
-11
-10
-9
-7
-7
-7
-7
-7
-7
-7
-7
-8
-11
-13
-12
-11
-10
-9
-9
-8
-8
-8
-8
-8
-8
-8
-8
-8
-8
-8
-8
-8
-8
-7
-6
-6
-6
-5
-5
-5
-4
-4
-4
-4
-4
-4
-4
-4
-4
-5
-5
-5
-6
-6
-6
-6
-6
-7
-6
-6
-6
-6
-6
-6
-6
-5
-5
-5
-5
-6
-6
-6
-6
-6
-6
-6
-6
-7
-7
-7
-7
-7
-7
-7
-7
-7
-7
-7
-7
-7
-7
-7
-7
-7
-7
-7
-7
-7
-7
-6
-6
-6
-6
-6
-6
-6
-6
-6
-6
-6
-5
-5
-5
-5
-5
-6
-6
-6
-6
-6
-6
-6
-7
-7

