-11
-9
-7
-6
-3
-1
1
1
-1
-3
-6
-10
-13
-16
-18
-18
-16
-16
-14
-12
-11
-9
-8
-7
-5
-2
-2
-4
-6
-8
-9
-11
-12
-11
-11
-10
-9
-9
-9
-10
-10
-11
-12
-11
-10
-10
-10
-10
-11
-11
-11
-12
-12
-12
-13
-12
-11
-11
-10
-12
-14
-14
-14
-13
-12
-11
-10
-8
-8
-7
-6
-6
-5
-5
-5
-5
-5
-6
-6
-6
-6
-6
-7
-7
-7
-6
-6
-6
-6
-6
-6
-7
-7
-7
-7
-8
-8
-8
-7
-7
-7
-6
-6
-6
-6
-6
-6
-6
-6
-6
-5
-5
-4
-4
-4
-4
-3
-3
-3
-4
-4
-4
-4
-4
-4
-5
-5
-4
-4
-4
-4
-5
-5
-5
-6
-6
-6
-6
-6
-6
-6
-6
-6
-6
-5
-5
-5
-4
-4
-3

