-3
-3
-3
-3
-4
-3
-3
-4
-4
-4
-4
-4
-4
-4
-4
-3
-3
-4
-4
-6
-8
-9
-9
-8
-7
-5
-1
3
6
7
5
2
0
-2
-5
-7
-10
-12
-13
-15
-16
-16
-16
-17
-20
-24
-22
-19
-19
-18
-16
-14
-13
-11
-10
-8
-5
-1
2
3
1
-2
-5
-9
-11
-12
-13
-15
-19
-24
-27
-28
-27
-28
-27
-25
-23
-22
-20
-17
-16
-15
-14
-13
-12
-11
-11
-10
-10
-9
-8
-7
-5
-3
-1
0
0
0
-1
-1
-2
-2
-3
-3
-3
-3
-3
-4
-4
-4
-3
-2
-2
-2
-1
-1
0
1
1
1
1
1
1
2
2
1
1
0
-1
-1
-2
-3
-3
-4
-4
-4
-5
-5
-5
-5
-5
-4
-4
-3
-3
-3
-2
-2
-2
-1

