-5
-5
-5
-4
-2
0
4
8
8
5
2
0
-3
-5
-8
-10
-11
-12
-13
-16
-19
-23
-26
-27
-24
-21
-18
-15
-13
-10
-8
-6
-3
0
0
-1
-3
-4
-4
-5
-6
-7
-8
-8
-9
-10
-11
-11
-11
-11
-12
-13
-13
-13
-12
-11
-11
-11
-11
-11
-11
-10
-10
-10
-10
-10
-9
-8
-7
-6
-6
-6
-6
-6
-5
-5
-5
-5
-6
-6
-6
-6
-7
-7
-7
-7
-7
-8
-8
-7
-7
-7
-7
-8
-7
-6
-5
-4
-3
-3
-3
-2
-2
-2
-2
-2
-3
-3
-4
-4
-5
-5
-6
-6
-6
-7
-7
-7
-7
-7
-7
-6
-6
-5
-5
-4
-4
-4
-4
-4
-3
-3
-2
-2
-2
-3
-3
-2
-3
-3
-4
-4
-5
-5
-6
-6
-7
-7
-7
-8

