-4
-5
-5
-5
-6
-6
-6
-6
-6
-7
-7
-8
-9
-9
-8
-8
-7
-6
-6
-5
-5
-5
-4
-4
-4
-4
-4
-4
-4
-4
-4
-3
-3
-3
-3
-3
-2
-2
-1
-1
-2
-3
-5
-12
-16
-14
-11
-10
-8
-7
-6
-5
-3
-3
-4
-4
-6
-8
-9
-11
-13
-13
-12
-10
-7
-5
-2
2
3
1
0
-2
-3
-4
-5
-6
-7
-9
-11
-12
-12
-11
-10
-9
-9
-9
-9
-9
-8
-8
-8
-7
-7
-7
-7
-7
-6
-6
-6
-7
-7
-6
-6
-7
-7
-6
-6
-5
-5
-4
-3
-1
0
1
0
-2
-4
-5
-7
-9
-10
-11
-12
-12
-12
-11
-11
-11
-11
-12
-13
-14
-15
-17
-19
-21
-21
-22
-23
-24
-23
-22
-21
-21
-19
-17
-14
-12
-11
-10

