-9
-8
-8
-7
-7
-7
-7
-8
-8
-8
-9
-9
-9
-9
-9
-9
-9
-9
-8
-8
-7
-6
-5
-5
-3
-1
-1
-1
-3
-4
-4
-3
-2
1
5
7
6
3
1
-1
-2
-4
-13
-26
-33
-33
-31
-27
-22
-17
-12
-8
-4
0
3
3
2
0
0
-1
-2
-4
-5
-7
-8
-9
-10
-10
-9
-9
-8
-6
-5
-4
-4
-7
-8
-8
-9
-12
-13
-11
-9
-9
-9
-9
-9
-9
-9
-9
-9
-10
-10
-10
-10
-10
-11
-12
-12
-11
-10
-10
-10
-9
-9
-8
-8
-8
-8
-8
-7
-6
-6
-5
-5
-6
-6
-5
-4
-3
-3
-3
-4
-4
-5
-5
-6
-6
-6
-6
-5
-4
-4
-3
-3
-3
-4
-3
-3
-3
-3
-4
-5
-5
-6
-6
-7
-7
-8
-8

