0
0
0
-1
-1
-1
-1
0
0
2
3
3
2
2
1
1
1
0
0
-1
-1
-2
-2
-3
-3
-3
-3
-2
-1
0
1
1
1
2
2
3
3
3
3
3
3
2
2
2
1
1
0
1
6
13
18
21
21
17
12
8
4
1
-2
-6
-9
-12
-18
-27
-43
-59
-62
-55
-46
-36
-27
-18
-8
0
5
4
1
-3
-6
-7
-9
-10
-11
-12
-12
-12
-12
-12
-11
-12
-12
-12
-12
-12
-12
-12
-12
-12
-12
-11
-12
-13
-14
-13
-12
-12
-13
-15
-16
-15
-14
-13
-14
-17
-24
-27
-24
-20
-17
-14
-12
-10
-8
-6
-4
0
5
11
13
11
7
3
0
-2
-4
-5
-6
-7
-8
-9
-12
-14
-14
-14
-14
-15
-15
-15
-16
-17

