-18
-18
-18
-16
-13
-11
-9
-8
-7
-6
-4
-1
3
8
11
14
14
14
12
10
8
6
5
3
2
1
0
-1
-1
-2
-3
-3
-4
-5
-6
-7
-8
-9
-10
-11
-12
-12
-10
-8
-8
-10
-12
-13
-15
-18
-21
-21
-19
-17
-14
-12
-9
-6
-3
1
5
8
10
10
10
9
7
4
1
-2
-4
-7
-10
-13
-16
-18
-19
-21
-22
-23
-23
-24
-23
-23
-21
-19
-16
-12
-10
-7
-5
-2
1
3
4
6
7
7
7
5
3
2
0
-2
-4
-6
-7
-8
-9
-9
-9
-10
-10
-10
-10
-9
-8
-7
-6
-4
-3
-3
-2
-2
-1
0
0
0
-1
-3
-4
-4
-5
-6
-7
-7
-7
-7
-6
-6
-5
-4
-3
-3
-2
-2
-2
-2
-2
-1

