-1
-2
-4
-6
-7
-8
-8
-8
-8
-8
-8
-7
-7
-6
-6
-6
-5
-5
-4
-4
-4
-5
-6
-8
-9
-9
-10
-10
-11
-11
-10
-10
-10
-9
-9
-8
-8
-8
-8
-8
-7
-7
-7
-7
-7
-6
-6
-6
-7
-8
-9
-10
-11
-11
-11
-10
-9
-8
-8
-8
-8
-9
-9
-9
-9
-9
-9
-9
-9
-9
-9
-9
-9
-8
-8
-7
-7
-7
-7
-7
-7
-7
-8
-8
-8
-8
-8
-8
-8
-8
-8
-8
-8
-8
-8
-8
-7
-7
-6
-6
-6
-5
-5
-5
-5
-6
-6
-6
-6
-6
-6
-4
-3
-2
0
0
-1
-1
-1
-1
-1
-1
-2
-3
-3
-4
-5
-6
-6
-6
-7
-11
-18
-24
-28
-31
-34
-36
-37
-38
-38
-38
-38
-37
-36
-35
-33
-31
-29
-27

