-5
-6
-6
-7
-8
-10
-13
-20
-27
-34
-40
-45
-46
-44
-40
-36
-33
-29
-26
-22
-18
-15
-12
-9
-5
-1
2
5
8
10
12
12
12
12
10
7
1
-5
-12
-18
-22
-26
-28
-29
-28
-25
-22
-19
-17
-14
-12
-9
-7
-4
-1
1
3
4
5
6
7
8
9
10
10
11
11
11
10
7
5
4
4
5
6
6
6
6
6
6
6
6
6
6
5
5
5
5
4
1
-1
-1
-1
-1
-1
-1
0
1
3
4
4
4
5
5
4
3
1
-2
-6
-11
-16
-20
-24
-28
-29
-30
-29
-27
-25
-23
-21
-19
-17
-15
-13
-11
-9
-7
-6
-4
-3
-3
-2
-1
0
0
0
1
1
1
1
0
-4
-5
-6
-7
-8
-7
-6
-5

