-5
-4
-3
-3
-2
-2
-1
-1
-1
-1
-1
-1
-1
-1
-1
-2
-3
-4
-5
-5
-5
-5
-5
-5
-5
-5
-5
-6
-6
-6
-6
-6
-6
-5
-5
-5
-5
-5
-6
-7
-8
-8
-8
-8
-8
-8
-8
-8
-8
-8
-8
-8
-8
-9
-9
-8
-8
-8
-8
-8
-7
-7
-7
-7
-7
-7
-8
-9
-9
-9
-9
-9
-9
-9
-9
-9
-9
-9
-9
-9
-8
-8
-8
-8
-8
-8
-8
-8
-8
-8
-8
-8
-7
-6
-4
-2
-1
-1
-1
-1
-2
-3
-4
-8
-13
-16
-18
-20
-24
-30
-38
-46
-50
-52
-51
-46
-41
-36
-31
-25
-18
-11
-6
-1
3
6
8
10
11
11
11
12
12
12
11
10
9
8
7
6
5
5
3
1
0
-2
-5
-7
-9
-10

