-6
-5
-5
-5
-5
-9
-22
-35
-41
-45
-45
-42
-38
-34
-29
-25
-20
-18
-15
-13
-11
-9
-7
-6
-5
-4
-3
-2
-1
0
1
2
1
-1
-2
-3
-3
-3
-2
0
1
1
1
0
0
-1
-1
-1
0
1
1
1
1
2
2
2
2
0
-2
-3
-4
-3
-2
-2
-2
-1
-1
-1
-1
-1
-1
-1
-1
0
0
0
0
-1
-1
-2
-5
-8
-9
-9
-9
-9
-9
-9
-8
-7
-7
-6
-5
-5
-5
-5
-5
-5
-5
-5
-6
-6
-7
-8
-9
-10
-11
-12
-13
-16
-19
-22
-25
-27
-28
-28
-27
-25
-22
-20
-18
-16
-14
-12
-10
-8
-7
-6
-5
-3
-2
-1
0
0
1
1
1
1
1
0
0
-1
-2
-3
-3
-4
-4
-5
-5
-6

