-8
-13
-18
-22
-23
-24
-24
-24
-24
-22
-21
-19
-18
-16
-14
-12
-10
-9
-6
-4
-3
-2
-1
0
1
1
1
1
1
1
1
2
2
2
3
3
3
3
2
1
1
1
1
1
1
1
0
0
-1
-2
-2
-3
-3
-4
-5
-5
-5
-5
-5
-4
-4
-4
-4
-4
-4
-4
-3
-3
-3
-3
-4
-4
-5
-5
-4
-5
-5
-5
-5
-6
-6
-7
-7
-8
-8
-9
-9
-9
-9
-9
-9
-9
-8
-8
-7
-7
-7
-6
-6
-6
-6
-7
-7
-8
-8
-8
-8
-8
-8
-8
-8
-9
-9
-9
-9
-9
-9
-9
-9
-9
-9
-9
-9
-9
-9
-9
-9
-9
-8
-8
-8
-8
-8
-8
-8
-8
-8
-7
-7
-7
-7
-7
-6
-6
-7
-7
-7
-7
-7
-7

