-4
-5
-6
-6
-6
-4
-3
-5
-5
-6
-8
-10
-13
-20
-27
-31
-33
-33
-34
-34
-34
-31
-27
-20
-13
-4
-5
-7
-7
-5
-6
-8
-9
-9
-9
-10
-10
-11
-12
-13
-14
-15
-18
-24
-29
-31
-32
-32
-32
-31
-29
-28
-25
-19
-15
-12
-9
-10
-14
-16
-16
-16
-11
-4
-5
-7
-8
-9
-9
-11
-12
-13
-16
-21
-25
-25
-24
-24
-25
-25
-25
-25
-24
-23
-21
-17
-9
-12
-16
-15
-16
-15
-13
-14
-14
-14
-12
-9
-9
-9
-9
-12
-17
-20
-20
-19
-19
-19
-18
-18
-18
-18
-18
-18
-18
-16
-15
-17
-17
-17
-16
-15
-15
-13
-15
-17
-19
-18
-18
-18
-18
-18
-18
-18
-18
-18
-18
-18
-18
-17
-16
-16
-16
-17
-17
-17
-17
-17
-17
-17

