-22
-21
-12
2
6
6
5
3
2
0
-1
-1
-2
-3
-4
-6
-7
-12
-30
-42
-43
-41
-37
-34
-31
-29
-27
-26
-24
-23
-21
-20
-19
-16
-14
-16
-20
-18
-15
-11
-8
-6
-6
-6
-5
-6
-7
-8
-10
-13
-19
-28
-31
-30
-29
-29
-28
-27
-26
-25
-25
-24
-24
-23
-22
-21
-20
-19
-18
-17
-16
-14
-9
-5
-5
-3
-3
-3
-4
-4
-6
-7
-10
-11
-15
-25
-32
-31
-29
-28
-27
-27
-26
-25
-24
-24
-23
-23
-21
-20
-18
-16
-15
-15
-15
-15
-15
-15
-15
-15
-15
-14
-8
-4
-1
-1
-1
-2
-4
-6
-9
-15
-26
-31
-31
-30
-30
-29
-26
-22
-20
-18
-17
-19
-22
-23
-21
-19
-18
-16
-11
-5
-3
-2
-2
-3
-5
-6
-8
-9

