-8
-8
-8
-9
-9
-9
-10
-12
-17
-19
-16
-18
-24
-28
-26
-22
-21
-19
-18
-18
-17
-16
-16
-15
-15
-15
-15
-14
-13
-12
-11
-11
-11
-12
-12
-11
-12
-14
-18
-17
-17
-17
-17
-18
-20
-21
-20
-19
-19
-18
-17
-17
-17
-17
-17
-16
-16
-16
-16
-16
-16
-17
-17
-17
-18
-18
-17
-15
-14
-13
-12
-12
-12
-13
-13
-13
-14
-17
-20
-20
-19
-19
-20
-20
-21
-20
-20
-19
-19
-19
-19
-18
-17
-16
-15
-15
-13
-12
-12
-12
-12
-12
-11
-12
-13
-14
-15
-16
-18
-18
-18
-18
-18
-18
-18
-18
-18
-20
-23
-26
-24
-21
-22
-23
-22
-22
-22
-20
-19
-18
-18
-17
-16
-14
-12
-11
-10
-11
-11
-12
-12
-12
-12
-12
-14
-16
-17
-18
-17
-17

