-10
-12
-13
-16
-19
-20
-20
-19
-19
-18
-18
-19
-21
-24
-25
-24
-24
-23
-23
-21
-20
-19
-19
-17
-14
-12
-11
-10
-9
-8
-7
-7
-8
-9
-10
-10
-11
-13
-16
-21
-22
-24
-27
-28
-28
-26
-23
-22
-23
-22
-21
-20
-19
-17
-17
-15
-13
-12
-10
-8
-8
-7
-7
-9
-10
-11
-12
-12
-13
-15
-18
-23
-27
-28
-28
-26
-24
-23
-22
-21
-21
-20
-20
-19
-18
-16
-14
-13
-12
-11
-10
-10
-9
-9
-9
-9
-10
-11
-11
-13
-15
-17
-18
-20
-22
-21
-18
-18
-19
-21
-23
-20
-23
-25
-25
-25
-24
-21
-17
-15
-15
-15
-15
-15
-15
-15
-15
-16
-16
-15
-16
-16
-12
-10
-9
-9
-9
-9
-8
-8
-9
-10
-12
-14
-16
-18
-21
-27
-30
-30

