-2
-3
-4
-5
-7
-9
-12
-16
-26
-36
-36
-33
-30
-28
-26
-25
-23
-20
-18
-17
-17
-17
-16
-13
-7
-5
-5
-6
-6
-6
-7
-8
-10
-12
-15
-20
-27
-33
-34
-33
-31
-29
-27
-26
-25
-24
-23
-23
-22
-21
-20
-18
-18
-17
-15
-12
-10
-9
-7
-7
-7
-7
-8
-8
-8
-8
-9
-10
-12
-14
-17
-22
-27
-29
-30
-29
-27
-24
-23
-22
-22
-21
-21
-21
-21
-20
-20
-19
-18
-18
-17
-15
-13
-10
-7
-7
-7
-7
-8
-9
-9
-10
-10
-11
-13
-17
-24
-28
-26
-24
-24
-24
-23
-23
-23
-23
-22
-21
-20
-19
-19
-19
-18
-17
-17
-16
-15
-14
-12
-10
-10
-9
-9
-10
-11
-11
-12
-12
-13
-15
-19
-23
-24
-24
-23
-21
-21
-21
-20
-19

