-19
-19
-18
-17
-10
-3
-11
-18
-18
-18
-18
-18
-18
-18
-18
-18
-18
-18
-17
-17
-17
-17
-15
-12
-12
-16
-20
-21
-21
-20
-19
-19
-18
-18
-18
-18
-17
-11
-2
-7
-17
-18
-18
-18
-18
-18
-18
-18
-18
-18
-18
-18
-18
-18
-17
-13
-10
-11
-18
-22
-22
-20
-19
-19
-19
-18
-17
-18
-17
-12
-4
-10
-18
-18
-18
-18
-18
-18
-18
-18
-18
-18
-18
-18
-17
-15
-11
-11
-19
-23
-20
-19
-19
-18
-16
-9
-13
-18
-18
-18
-18
-18
-18
-18
-18
-18
-18
-17
-17
-15
-13
-17
-21
-20
-18
-19
-19
-18
-15
-8
-13
-18
-18
-18
-18
-17
-17
-17
-17
-17
-17
-17
-17
-16
-14
-18
-20
-16
-11
-14
-17
-18
-18
-18
-18
-17
-17
-17
-15
-15

