-14
-14
-14
-15
-15
-15
-14
-10
-9
-20
-26
-25
-23
-13
-8
-14
-14
-15
-15
-13
-3
11
16
12
12
5
-10
-18
-18
-27
-39
-47
-50
-48
-42
-36
-31
-23
-6
-3
-8
-4
6
17
26
26
22
15
8
7
0
-12
-25
-38
-44
-49
-51
-52
-54
-56
-55
-54
-53
-50
-38
-11
1
-8
-3
7
15
19
22
18
12
8
3
-5
-18
-33
-40
-42
-41
-40
-41
-44
-46
-46
-46
-46
-45
-43
-41
-34
-27
-23
-21
-19
-16
-6
6
-5
-9
-10
-10
-10
-10
-11
-11
-12
-12
-12
-12
-12
-12
-10
-6
-7
-13
-17
-20
-23
-24
-26
-26
-24
-23
-21
-17
-4
0
-10
-13
-13
-14
-14
-16
-17
-17
-17
-16
-14
-12
-7
-9
-14
-19
-21
-23
-23

