-23
-17
-6
-11
-14
-15
-15
-15
-16
-18
-16
-16
-16
-10
-7
-16
-27
-30
-27
-25
-23
-22
-18
-12
-16
-18
-17
-17
-17
-16
-17
-17
-16
-11
-12
-20
-23
-20
-9
-11
-15
-16
-18
-18
-17
-17
-17
-17
-16
-15
-10
-14
-23
-25
-21
-11
-13
-17
-17
-16
-16
-10
4
14
17
17
15
12
9
6
-5
-17
-26
-33
-33
-32
-30
-29
-28
-28
-28
-25
-23
-23
-24
-25
-32
-38
-42
-43
-39
-31
-10
13
18
21
25
31
33
29
22
11
0
-9
-16
-23
-26
-25
-31
-40
-38
-36
-34
-32
-30
-29
-29
-28
-28
-28
-28
-27
-26
-26
-26
-28
-29
-29
-29
-30
-32
-35
-37
-37
-36
-36
-35
-35
-36
-37
-39
-40
-40
-38
-34
-29
-24
-22
-18
-2

