-1
-7
-11
-14
-15
-14
-14
-15
-17
-17
-16
-13
-8
-8
-14
-18
-17
-18
-22
-24
-25
-25
-25
-25
-24
-23
-22
-22
-21
-21
-20
-12
0
6
2
-4
-8
-10
-12
-13
-14
-15
-17
-18
-18
-18
-17
-14
-12
-16
-22
-26
-27
-27
-26
-27
-26
-27
-30
-32
-34
-32
-19
1
7
-3
-9
-11
-12
-13
-14
-16
-16
-17
-17
-16
-14
-10
-7
-11
-18
-23
-25
-24
-21
-18
-18
-18
-18
-18
-17
-18
-18
-19
-19
-20
-21
-23
-22
-16
-14
-16
-16
-16
-16
-17
-17
-17
-16
-16
-16
-17
-17
-17
-16
-13
-11
-13
-16
-19
-21
-22
-23
-24
-23
-23
-23
-22
-21
-19
-10
0
-3
-10
-13
-15
-16
-17
-17
-17
-17
-17
-17
-17
-17
-16
-16
-15
-14
-15

