14
18
20
19
11
-4
-18
-22
-24
-27
-31
-32
-33
-33
-34
-34
-29
-23
-21
-21
-21
-20
-20
-20
-19
-19
-19
-18
-16
-19
-32
-38
-37
-35
-25
-5
-6
-8
-6
2
13
25
34
33
26
19
12
3
-8
-17
-28
-37
-39
-38
-38
-40
-41
-42
-40
-39
-40
-40
-39
-38
-37
-36
-36
-36
-36
-36
-36
-35
-34
-32
-30
-26
-13
6
4
-5
-8
-10
-12
-12
-13
-13
-13
-14
-14
-14
-14
-13
-11
-11
-12
-14
-17
-18
-20
-23
-24
-24
-24
-25
-26
-25
-22
-12
-7
-12
-13
-13
-13
-13
-14
-14
-14
-14
-14
-14
-14
-14
-13
-14
-11
-9
-10
-13
-15
-17
-18
-19
-20
-21
-21
-22
-22
-22
-21
-20
-20
-15
-4
-3
-10
-13
-15
-16
-15
-16

