-16
-15
-13
-14
-18
-21
-23
-23
-22
-21
-19
-14
-6
-10
-15
-16
-16
-16
-17
-17
-17
-17
-17
-17
-17
-17
-16
-15
-12
-12
-17
-21
-23
-23
-22
-21
-20
-20
-19
-15
-5
-7
-13
-15
-16
-16
-16
-17
-17
-17
-17
-17
-17
-16
-16
-15
-11
-12
-17
-22
-23
-22
-21
-21
-20
-20
-19
-16
-7
-3
-12
-14
-15
-16
-17
-17
-17
-17
-17
-17
-17
-14
-9
-12
-20
-25
-25
-23
-21
-12
-3
-11
-15
-17
-18
-18
-18
-18
-17
-18
-17
-16
-12
-12
-19
-25
-27
-25
-23
-22
-22
-20
-16
-6
-7
-15
-17
-17
-17
-17
-17
-17
-17
-17
-17
-17
-17
-17
-16
-16
-15
-12
-12
-18
-24
-26
-24
-22
-21
-20
-16
-6
-9
-16
-17
-17
-17
-17
-17
-17

