-17
-17
-17
-17
-17
-17
-15
-13
-11
-15
-22
-25
-24
-22
-21
-20
-19
-18
-11
-5
-13
-16
-16
-16
-17
-17
-17
-17
-17
-17
-17
-17
-16
-15
-11
-9
-15
-21
-24
-24
-22
-20
-20
-20
-19
-11
-2
-9
-14
-16
-17
-17
-17
-16
-17
-17
-17
-17
-17
-17
-17
-16
-13
-8
-9
-17
-24
-26
-24
-23
-22
-22
-20
-17
-6
-4
-13
-16
-17
-17
-18
-18
-18
-17
-17
-17
-17
-16
-12
-9
-16
-24
-25
-24
-22
-21
-21
-21
-20
-19
-13
-4
-9
-15
-15
-16
-17
-17
-17
-17
-17
-17
-17
-18
-16
-12
-9
-14
-22
-25
-23
-22
-21
-21
-20
-13
-3
-10
-14
-16
-17
-17
-17
-17
-17
-17
-17
-17
-17
-15
-10
-9
-19
-25
-24
-23
-21
-21
-21
-20

