2
-2
-9
-18
-28
-33
-35
-38
-40
-40
-39
-38
-37
-37
-36
-35
-34
-33
-32
-32
-30
-27
-20
-14
-13
-13
-13
-13
-14
-14
-14
-14
-13
-8
-2
1
2
3
3
3
0
0
0
-2
-5
-7
-10
-19
-30
-35
-35
-35
-34
-33
-32
-31
-30
-30
-29
-29
-30
-30
-29
-28
-25
-23
-21
-20
-16
-5
-5
-9
-9
-9
-8
-5
-1
4
6
4
-1
-7
-11
-15
-16
-13
-13
-18
-21
-22
-23
-23
-23
-23
-23
-23
-23
-23
-23
-23
-23
-24
-24
-24
-24
-24
-23
-22
-21
-20
-21
-20
-20
-19
-18
-18
-18
-16
-10
-5
-6
-10
-11
-12
-13
-14
-15
-15
-16
-15
-15
-15
-15
-13
-11
-12
-16
-18
-20
-21
-21
-21
-22
-22
-23
-23
-23
-22
-22
-22

