-22
-22
-21
-20
-19
-19
-18
-16
-8
-1
-5
-10
-11
-12
-13
-14
-15
-15
-16
-16
-16
-15
-14
-13
-14
-14
-14
-15
-17
-18
-19
-20
-21
-21
-21
-20
-20
-20
-20
-21
-21
-21
-20
-18
-12
-5
-6
-11
-13
-14
-12
-10
-7
-4
-2
-1
-2
-5
-6
-7
-9
-11
-13
-16
-19
-21
-23
-24
-24
-23
-23
-23
-23
-22
-22
-21
-21
-21
-21
-21
-21
-20
-20
-20
-20
-20
-21
-21
-21
-21
-20
-20
-20
-20
-21
-20
-18
-17
-17
-17
-17
-17
-17
-17
-17
-17
-16
-14
-11
-7
-3
-1
0
-1
-3
-7
-16
-23
-25
-24
-23
-22
-22
-22
-23
-25
-30
-32
-31
-30
-28
-27
-27
-26
-25
-25
-24
-25
-25
-25
-24
-22
-20
-16
-6
3
2
0
-3
-4

