-17
-20
-21
-22
-21
-21
-20
-19
-19
-17
-10
-4
-9
-13
-14
-16
-17
-17
-17
-17
-18
-18
-18
-17
-17
-17
-14
-11
-10
-12
-17
-21
-23
-25
-25
-24
-22
-21
-18
-10
-4
-10
-14
-16
-17
-17
-18
-18
-17
-17
-17
-17
-17
-15
-11
-14
-20
-24
-24
-23
-22
-21
-20
-18
-11
-4
-10
-15
-16
-17
-16
-17
-17
-17
-17
-17
-17
-17
-17
-15
-12
-12
-18
-23
-25
-25
-23
-21
-21
-20
-19
-13
-5
-9
-14
-15
-17
-17
-17
-17
-17
-17
-17
-17
-17
-17
-17
-17
-15
-12
-11
-14
-20
-24
-25
-24
-21
-20
-20
-19
-19
-19
-19
-16
-9
-5
-11
-15
-17
-17
-17
-17
-16
-16
-17
-17
-17
-17
-17
-17
-16
-13
-11
-11
-18
-23
-25
-24
-22
-21

