-17
-16
-15
-10
-7
-13
-15
-17
-18
-18
-18
-18
-18
-18
-17
-17
-16
-13
-14
-19
-24
-24
-23
-22
-21
-20
-18
-13
-13
-16
-16
-15
-13
-11
-11
-15
-17
-17
-20
-23
-18
-9
-10
-10
-5
2
4
0
-3
-3
-10
-24
-34
-37
-37
-36
-35
-32
-27
-18
-6
-6
-3
3
5
5
9
9
7
8
7
4
2
-3
-12
-20
-24
-26
-27
-30
-31
-31
-34
-39
-40
-31
-28
-27
-25
-24
-22
-22
-22
-24
-24
-27
-31
-36
-40
-39
-34
-22
-14
-14
-14
-14
-14
-14
-14
-14
-11
-4
0
1
0
0
1
3
1
-13
-33
-41
-42
-40
-38
-36
-34
-31
-28
-25
-17
-2
8
9
7
6
7
8
9
6
2
0
-2
-9
-24
-39
-44
-43
-40
-37

