-22
-21
-20
-20
-20
-20
-20
-19
-19
-19
-19
-19
-19
-19
-19
-19
-19
-18
-16
-8
0
3
1
-3
-4
-5
-8
-10
-11
-12
-12
-12
-10
-12
-18
-23
-25
-25
-25
-25
-24
-23
-23
-23
-22
-22
-21
-21
-21
-21
-21
-21
-21
-21
-20
-20
-20
-20
-20
-20
-20
-20
-20
-20
-20
-20
-20
-20
-18
-11
-3
0
-2
-5
-8
-12
-13
-14
-15
-17
-17
-18
-17
-17
-17
-16
-13
-13
-16
-19
-20
-21
-21
-21
-21
-21
-21
-21
-20
-21
-20
-20
-20
-20
-19
-19
-19
-19
-18
-16
-11
-5
-4
-7
-11
-13
-15
-16
-16
-16
-17
-17
-16
-14
-12
-13
-16
-19
-20
-21
-21
-22
-22
-22
-21
-21
-21
-21
-21
-21
-20
-20
-20
-20
-19
-18
-14
-7
-3
-6

