-47
-47
-45
-44
-44
-43
-41
-39
-38
-38
-38
-39
-41
-42
-42
-42
-41
-41
-40
-40
-38
-34
-30
-25
-20
-15
-9
-4
0
5
10
16
21
27
32
36
40
44
47
50
50
49
46
41
36
31
27
22
19
15
10
6
1
-2
-7
-10
-14
-18
-21
-23
-25
-26
-27
-28
-29
-31
-34
-37
-38
-38
-38
-38
-39
-39
-39
-39
-39
-39
-39
-39
-38
-38
-37
-38
-39
-40
-41
-42
-43
-43
-42
-40
-40
-39
-39
-38
-37
-35
-34
-33
-32
-33
-35
-37
-39
-40
-41
-42
-42
-42
-43
-43
-43
-44
-43
-43
-43
-43
-43
-45
-46
-47
-47
-47
-47
-46
-45
-45
-45
-46
-45
-45
-44
-44
-44
-42
-41
-41
-41
-40
-39
-37
-36
-35
-34
-33
-35
-37
-39
-40

