-40
-40
-40
-40
-39
-39
-39
-39
-38
-37
-36
-35
-34
-34
-35
-37
-40
-41
-41
-40
-38
-34
-31
-30
-28
-26
-25
-25
-25
-26
-26
-28
-30
-33
-37
-39
-41
-42
-42
-42
-43
-43
-43
-43
-43
-42
-41
-40
-39
-39
-39
-41
-43
-43
-40
-37
-33
-29
-28
-28
-27
-27
-28
-28
-29
-29
-29
-30
-32
-36
-40
-41
-42
-42
-43
-43
-44
-44
-44
-44
-44
-44
-43
-43
-42
-41
-42
-43
-40
-35
-31
-29
-28
-28
-28
-28
-28
-28
-29
-30
-32
-36
-40
-40
-40
-40
-41
-42
-42
-43
-42
-42
-42
-41
-40
-39
-38
-38
-37
-34
-31
-27
-24
-24
-27
-30
-33
-35
-35
-28
-22
-20
-17
-11
-4
1
9
17
27
38
49
61
72
78
79
79
79
79
79
80

