-49
-47
-46
-44
-42
-41
-41
-41
-41
-41
-40
-39
-39
-39
-40
-42
-44
-45
-46
-46
-45
-45
-44
-43
-43
-44
-43
-43
-43
-43
-43
-43
-42
-41
-42
-42
-43
-44
-45
-45
-44
-43
-42
-41
-41
-42
-43
-43
-42
-42
-41
-41
-40
-37
-35
-35
-35
-36
-37
-37
-38
-37
-36
-35
-33
-32
-31
-31
-31
-32
-34
-36
-38
-38
-38
-38
-38
-38
-39
-39
-40
-40
-39
-39
-38
-38
-38
-38
-40
-41
-42
-42
-42
-40
-38
-37
-35
-33
-31
-30
-29
-29
-27
-20
-15
-10
-8
-11
-17
-23
-26
-27
-27
-28
-28
-28
-29
-29
-29
-29
-29
-29
-27
-25
-22
-17
-9
-2
1
5
8
14
22
30
37
42
48
55
62
69
74
77
79
79
79
78
74
69
67
64

