17
15
12
9
7
4
0
-2
-5
-9
-11
-14
-15
-17
-18
-19
-20
-22
-22
-22
-20
-19
-19
-19
-19
-20
-19
-19
-18
-17
-16
-16
-16
-16
-16
-16
-17
-17
-17
-18
-19
-19
-20
-20
-21
-21
-22
-23
-23
-23
-21
-19
-16
-11
-5
0
3
7
11
15
20
23
26
28
30
33
35
37
38
40
42
46
51
59
68
76
79
80
80
80
80
80
80
80
80
80
79
75
68
62
56
51
46
42
37
32
28
24
20
16
13
9
6
2
0
-2
-5
-8
-11
-14
-16
-19
-20
-22
-23
-24
-24
-26
-27
-28
-28
-29
-29
-29
-29
-30
-30
-31
-31
-32
-32
-32
-33
-33
-34
-34
-34
-34
-34
-34
-34
-34
-34
-34
-34
-34
-33
-32
-30
-28

