80
80
80
80
80
80
80
78
75
70
65
58
50
43
36
28
21
15
9
4
1
-2
-4
-7
-10
-12
-14
-15
-16
-18
-19
-19
-17
-15
-13
-11
-9
-6
-4
-2
1
8
14
20
27
34
40
46
52
56
56
56
55
54
53
51
49
46
43
40
36
32
28
25
22
19
16
13
11
7
4
1
-1
-3
-5
-7
-9
-10
-11
-13
-14
-14
-14
-14
-14
-14
-14
-13
-12
-12
-11
-8
-6
-3
0
3
7
11
15
18
21
25
28
31
33
34
34
32
29
26
22
18
15
11
8
8
8
7
5
2
0
-3
-5
-7
-9
-11
-12
-12
-14
-14
-14
-14
-14
-14
-14
-13
-13
-14
-14
-14
-13
-13
-13
-13
-13
-13
-13
-14
-14
-14

