-36
-37
-37
-38
-38
-38
-38
-38
-38
-37
-38
-39
-39
-39
-39
-38
-38
-38
-37
-37
-38
-39
-39
-39
-39
-39
-38
-37
-36
-36
-35
-35
-34
-33
-33
-33
-34
-36
-38
-39
-38
-38
-38
-38
-37
-37
-38
-39
-39
-39
-38
-38
-37
-36
-36
-37
-37
-37
-37
-37
-36
-36
-36
-35
-36
-36
-36
-36
-36
-37
-37
-39
-39
-40
-41
-41
-41
-41
-40
-39
-38
-37
-37
-36
-36
-35
-34
-33
-33
-34
-35
-37
-39
-40
-40
-40
-40
-39
-39
-38
-37
-37
-37
-36
-36
-35
-35
-34
-34
-35
-36
-37
-37
-36
-35
-34
-34
-33
-32
-31
-31
-31
-31
-31
-33
-34
-35
-37
-38
-38
-37
-36
-35
-34
-32
-30
-29
-28
-27
-25
-24
-23
-22
-21
-20
-21
-25
-29
-32
-33

