-33
-33
-33
-32
-32
-31
-31
-31
-31
-30
-30
-29
-28
-27
-26
-27
-28
-30
-32
-33
-33
-34
-34
-33
-30
-26
-22
-20
-19
-17
-17
-18
-18
-18
-19
-22
-26
-28
-28
-29
-29
-29
-29
-29
-29
-29
-29
-29
-29
-29
-29
-28
-27
-26
-21
-17
-16
-16
-15
-15
-15
-15
-16
-18
-20
-22
-24
-25
-28
-33
-36
-37
-36
-37
-37
-37
-37
-38
-38
-38
-37
-36
-35
-34
-33
-29
-25
-23
-22
-22
-23
-23
-24
-25
-26
-28
-31
-36
-40
-41
-40
-40
-41
-42
-43
-44
-44
-45
-45
-44
-43
-42
-37
-31
-28
-27
-28
-30
-33
-37
-41
-45
-47
-44
-38
-37
-39
-40
-41
-41
-41
-39
-36
-34
-32
-28
-26
-25
-28
-34
-41
-43
-40
-29
-11
10
34
57
74
79

