79
80
80
79
79
76
66
55
46
39
29
20
12
-1
-16
-25
-33
-36
-29
-20
-13
-10
-8
-6
-3
2
15
36
56
72
79
79
80
80
80
80
80
79
79
79
79
77
70
62
54
49
43
38
31
23
17
11
4
-1
-6
-10
-14
-16
-16
-14
-10
-5
1
7
12
15
17
18
18
18
17
15
11
6
1
-1
-3
-5
-7
-9
-11
-12
-12
-14
-15
-16
-17
-18
-18
-19
-19
-19
-19
-21
-21
-21
-21
-21
-21
-21
-21
-21
-22
-23
-24
-24
-24
-24
-24
-24
-23
-23
-23
-25
-26
-26
-26
-26
-26
-26
-26
-26
-26
-26
-27
-27
-27
-27
-27
-27
-27
-27
-26
-27
-28
-28
-28
-28
-28
-28
-28
-28
-27
-28
-29
-29
-29
-29
-29
-29

