-23
-22
-22
-22
-22
-23
-23
-22
-22
-22
-22
-21
-21
-21
-21
-22
-22
-22
-21
-22
-23
-24
-24
-24
-23
-23
-21
-17
-12
-7
-2
2
6
11
14
15
16
16
16
16
16
15
13
10
6
2
0
-3
-6
-10
-14
-16
-20
-24
-28
-33
-39
-44
-47
-52
-55
-56
-59
-63
-66
-67
-67
-68
-68
-66
-61
-57
-55
-55
-56
-56
-55
-54
-52
-51
-51
-51
-54
-58
-61
-63
-63
-63
-62
-61
-62
-62
-62
-62
-61
-60
-56
-51
-45
-41
-38
-35
-31
-27
-22
-17
-12
-6
0
8
15
22
29
37
46
55
67
77
80
80
80
80
80
80
80
80
80
77
73
69
64
60
55
49
44
39
35
30
25
20
15
11
7
3
0
-1
-4
-5
-5
-3

