-19
-19
-19
-19
-20
-20
-20
-21
-21
-22
-22
-22
-21
-21
-22
-22
-22
-22
-22
-21
-21
-21
-21
-20
-20
-21
-21
-20
-20
-20
-21
-22
-23
-24
-25
-25
-23
-21
-17
-13
-7
-3
0
4
8
11
15
19
22
23
22
19
13
6
0
-6
-10
-13
-16
-18
-19
-20
-20
-21
-21
-21
-20
-20
-19
-19
-18
-18
-18
-19
-19
-18
-18
-17
-17
-17
-17
-16
-16
-18
-19
-21
-23
-23
-20
-17
-13
-7
-2
0
3
7
11
16
19
23
26
29
31
32
34
34
32
28
21
15
11
9
5
2
0
-1
-2
-2
-3
-4
-6
-7
-9
-12
-15
-16
-17
-18
-19
-21
-23
-24
-24
-22
-17
-12
-6
-1
4
9
15
21
25
30
33
36
39
41
44
48

