-24
-24
-25
-25
-25
-25
-26
-27
-28
-27
-26
-25
-22
-19
-14
-10
-6
-1
2
7
12
17
21
24
26
26
24
21
18
15
12
9
7
5
3
1
0
-4
-6
-8
-9
-11
-11
-12
-13
-14
-14
-15
-16
-16
-16
-13
-8
-2
2
8
14
19
24
28
32
35
37
38
40
41
42
42
44
44
44
42
41
39
36
33
28
25
21
18
14
11
8
6
2
0
-2
-4
-6
-7
-9
-11
-13
-15
-18
-20
-20
-20
-17
-12
-7
-1
4
10
15
20
26
31
36
42
47
52
58
63
70
76
79
80
80
80
80
80
80
80
80
80
80
79
74
67
61
57
52
47
42
39
36
33
30
26
22
19
15
12
10
8
6
3
0
-2

