32
30
28
26
23
21
18
15
12
9
8
6
4
3
1
0
-1
-3
-4
-5
-6
-7
-7
-8
-9
-11
-12
-12
-13
-14
-15
-15
-16
-17
-19
-21
-22
-22
-23
-23
-23
-22
-20
-19
-17
-15
-12
-8
-3
1
6
11
16
20
24
27
29
31
33
34
35
37
39
41
42
42
41
39
36
34
32
30
28
25
22
19
14
10
6
2
0
-3
-6
-9
-11
-12
-14
-15
-15
-14
-12
-11
-10
-6
-1
4
10
17
24
30
34
36
36
35
35
35
35
35
35
37
37
35
35
35
35
35
35
35
35
34
32
30
27
24
21
17
13
9
5
1
0
-3
-6
-8
-11
-13
-14
-14
-13
-11
-8
-3
1
7
14
20
27
33
40
45

