80
80
80
80
80
80
79
78
72
64
55
44
32
18
7
2
-1
-6
-10
-15
-19
-22
-23
-24
-22
-20
-20
-21
-22
-23
-23
-23
-23
-23
-23
-24
-25
-26
-26
-25
-24
-23
-23
-22
-21
-20
-19
-18
-19
-20
-21
-21
-21
-21
-22
-22
-22
-24
-25
-25
-26
-26
-26
-26
-26
-26
-25
-26
-26
-26
-27
-26
-26
-24
-24
-24
-24
-23
-22
-22
-21
-20
-19
-19
-20
-21
-21
-21
-21
-21
-21
-21
-21
-22
-23
-24
-24
-23
-23
-23
-23
-23
-23
-24
-24
-24
-24
-24
-24
-23
-23
-23
-23
-25
-25
-25
-25
-25
-24
-24
-24
-24
-25
-25
-25
-25
-25
-25
-25
-24
-24
-25
-26
-26
-26
-26
-25
-25
-24
-24
-26
-27
-28
-28
-29
-30
-30
-30
-30
-30

