-7
-7
-7
-7
-7
-6
-8
-11
-9
-4
-3
-3
-5
-7
-8
-9
-11
-13
-15
-18
-20
-22
-23
-24
-25
-26
-27
-28
-29
-28
-28
-26
-21
-17
-15
-14
-14
-14
-14
-13
-13
-13
-14
-15
-15
-15
-14
-14
-14
-14
-14
-14
-15
-14
-14
-14
-13
-13
-13
-12
-12
-13
-14
-16
-16
-17
-17
-18
-18
-17
-15
-12
-11
-10
-9
-9
-8
-9
-10
-11
-11
-12
-13
-14
-14
-14
-16
-17
-17
-17
-17
-17
-17
-17
-17
-18
-18
-18
-18
-18
-18
-18
-18
-18
-19
-20
-20
-22
-24
-26
-26
-26
-27
-28
-29
-30
-30
-31
-31
-31
-31
-31
-30
-28
-25
-23
-21
-20
-20
-19
-19
-18
-18
-18
-17
-18
-19
-19
-19
-19
-19
-19
-19
-20
-23
-26
-30
-32
-33
-35

