-24
-24
-24
-23
-22
-22
-22
-22
-22
-21
-22
-23
-23
-22
-22
-22
-22
-22
-21
-21
-22
-24
-25
-26
-25
-23
-20
-17
-13
-8
-3
0
3
7
10
12
14
14
13
11
6
0
-5
-10
-14
-17
-19
-21
-22
-23
-23
-24
-25
-25
-24
-24
-24
-23
-23
-23
-23
-23
-24
-24
-24
-24
-24
-24
-24
-24
-24
-25
-26
-27
-27
-27
-28
-29
-30
-31
-33
-34
-35
-35
-33
-31
-29
-26
-23
-19
-16
-12
-9
-8
-6
-5
-5
-8
-12
-17
-22
-25
-27
-28
-30
-32
-34
-35
-37
-38
-39
-40
-40
-42
-42
-42
-42
-43
-43
-44
-43
-43
-43
-44
-44
-45
-45
-45
-45
-43
-40
-38
-35
-33
-30
-27
-23
-20
-17
-14
-12
-12
-14
-19
-24
-28
-31
-33
-35
-37

