15
16
15
14
11
9
6
3
1
-1
-3
-6
-8
-11
-13
-15
-16
-17
-17
-18
-19
-20
-22
-23
-24
-26
-27
-29
-29
-27
-26
-25
-23
-22
-21
-20
-20
-20
-20
-20
-20
-20
-20
-20
-21
-21
-22
-23
-24
-25
-27
-28
-29
-30
-31
-31
-32
-32
-33
-33
-32
-31
-30
-29
-28
-27
-25
-23
-21
-19
-17
-15
-12
-10
-8
-7
-5
-3
-2
0
0
1
0
0
0
-2
-4
-6
-8
-10
-12
-13
-15
-16
-18
-20
-22
-23
-24
-25
-26
-27
-29
-30
-31
-31
-30
-29
-27
-26
-24
-22
-19
-16
-12
-8
-4
0
3
6
10
14
17
21
23
24
24
20
17
16
14
13
12
10
8
7
6
4
1
0
-1
-3
-5
-7
-9
-12
-14
-16
-18
-21

