1
-3
-9
-8
-2
3
9
15
19
22
23
24
25
24
24
26
29
30
29
28
27
24
20
15
12
10
7
5
2
0
0
-2
-4
-6
-6
-7
-7
-8
-8
-9
-9
-10
-11
-11
-11
-11
-11
-11
-11
-11
-11
-12
-13
-13
-13
-13
-13
-12
-12
-12
-12
-13
-14
-14
-14
-14
-14
-14
-14
-14
-15
-15
-15
-14
-14
-14
-13
-13
-12
-13
-13
-13
-13
-13
-13
-13
-13
-12
-13
-13
-13
-13
-13
-13
-13
-13
-14
-14
-15
-15
-15
-15
-15
-14
-15
-17
-17
-17
-17
-16
-16
-16
-16
-17
-18
-18
-18
-19
-20
-22
-23
-25
-26
-28
-29
-29
-30
-30
-30
-29
-28
-27
-25
-23
-21
-19
-18
-18
-18
-17
-17
-17
-17
-17
-17
-19
-20
-21
-21
-21

