65
69
72
73
69
68
70
71
71
73
75
73
70
70
71
71
71
72
72
71
70
68
64
60
56
50
45
39
34
26
19
13
7
2
-3
-9
-14
-19
-22
-24
-23
-20
-17
-13
-9
-4
0
5
11
18
24
29
35
41
47
52
56
58
58
57
58
58
56
54
53
52
51
51
51
51
50
49
47
46
44
42
38
35
32
28
25
21
16
12
7
3
0
-4
-9
-14
-18
-21
-24
-26
-28
-29
-31
-32
-32
-30
-28
-26
-25
-25
-25
-25
-24
-24
-23
-21
-19
-16
-13
-10
-6
-2
0
3
7
10
14
17
20
22
23
24
23
22
21
21
20
19
17
16
14
11
8
5
2
0
-4
-7
-9
-12
-16
-19
-21
-23
-26
-27

