-30
-30
-30
-30
-30
-29
-29
-28
-28
-28
-28
-28
-28
-28
-29
-30
-32
-32
-33
-33
-32
-32
-32
-31
-31
-31
-30
-30
-30
-30
-29
-29
-29
-29
-29
-29
-30
-31
-31
-30
-29
-28
-28
-28
-28
-28
-28
-28
-28
-28
-28
-29
-30
-32
-33
-35
-35
-34
-33
-33
-33
-33
-33
-33
-33
-33
-33
-32
-30
-29
-28
-25
-22
-21
-21
-21
-19
-15
-10
-4
1
7
12
17
23
29
35
41
46
51
55
60
63
64
63
61
58
54
49
45
40
36
33
30
27
22
17
12
7
2
-2
-7
-13
-17
-21
-24
-26
-27
-24
-19
-14
-9
-3
3
10
17
25
31
38
46
53
59
64
67
69
70
71
71
70
67
62
56
50
45
41
36
32
28
25
22

