-35
-34
-33
-33
-33
-33
-32
-32
-32
-32
-32
-31
-32
-34
-37
-38
-39
-40
-40
-40
-40
-40
-40
-40
-40
-40
-39
-39
-39
-39
-39
-39
-39
-40
-41
-41
-42
-41
-39
-38
-36
-34
-34
-33
-33
-32
-32
-31
-31
-31
-30
-30
-30
-31
-32
-33
-36
-37
-38
-38
-39
-39
-39
-39
-39
-39
-39
-38
-38
-37
-37
-37
-37
-37
-37
-37
-38
-39
-38
-36
-34
-32
-31
-30
-30
-30
-29
-29
-28
-28
-29
-29
-29
-30
-31
-32
-32
-33
-34
-37
-37
-37
-38
-38
-39
-40
-40
-41
-40
-40
-39
-38
-37
-35
-33
-29
-25
-20
-18
-20
-23
-24
-23
-20
-14
-7
1
11
20
29
38
47
58
68
76
80
80
80
80
80
80
79
75
69
63
57
53
47
41
35

