-44
-44
-44
-44
-45
-45
-45
-46
-46
-46
-45
-44
-44
-43
-42
-40
-37
-34
-32
-30
-30
-30
-30
-29
-29
-28
-28
-28
-28
-28
-29
-31
-33
-34
-35
-36
-37
-37
-38
-38
-39
-40
-40
-40
-40
-40
-39
-39
-39
-39
-37
-35
-32
-31
-29
-28
-27
-28
-28
-27
-27
-27
-27
-27
-27
-27
-27
-28
-30
-34
-37
-37
-37
-38
-39
-40
-40
-40
-40
-41
-41
-41
-40
-39
-38
-37
-38
-38
-35
-31
-27
-26
-25
-24
-24
-25
-25
-27
-28
-29
-30
-31
-32
-33
-34
-35
-38
-41
-41
-41
-42
-43
-44
-45
-45
-44
-43
-41
-39
-37
-34
-33
-31
-28
-26
-23
-24
-25
-26
-26
-23
-14
-1
14
35
58
75
80
80
80
80
80
80
80
80
80
80
80
80
80

