80
80
80
80
80
80
79
75
67
59
52
43
31
19
6
-4
-12
-18
-24
-29
-31
-27
-17
-4
10
25
40
52
65
75
79
80
80
80
80
80
77
70
62
56
51
46
41
35
28
20
12
5
0
-7
-12
-17
-21
-22
-20
-17
-14
-13
-12
-11
-10
-10
-10
-9
-8
-5
0
4
9
16
24
32
39
45
49
50
48
46
43
40
37
33
30
26
21
17
13
9
5
1
-1
-4
-8
-11
-14
-17
-19
-22
-24
-26
-29
-29
-27
-24
-21
-18
-16
-15
-13
-11
-9
-5
0
5
13
21
28
34
39
41
40
38
36
33
31
28
24
21
17
14
9
5
1
-1
-5
-9
-12
-15
-18
-21
-23
-26
-29
-30
-32
-33
-34
-35
-36
-37

