-38
-38
-38
-39
-40
-40
-39
-39
-39
-40
-40
-38
-36
-33
-31
-28
-26
-25
-26
-25
-24
-23
-23
-23
-23
-23
-24
-26
-28
-32
-35
-36
-37
-38
-39
-40
-41
-42
-42
-41
-40
-38
-37
-36
-37
-39
-38
-35
-31
-28
-25
-23
-23
-24
-23
-23
-24
-24
-25
-26
-27
-28
-31
-34
-38
-40
-40
-41
-42
-43
-43
-43
-43
-43
-41
-40
-39
-37
-36
-35
-38
-40
-35
-30
-28
-26
-25
-25
-27
-28
-29
-30
-33
-35
-39
-42
-46
-49
-51
-50
-48
-48
-49
-50
-51
-50
-48
-47
-46
-44
-42
-39
-39
-39
-35
-28
-24
-22
-23
-27
-31
-35
-40
-43
-44
-45
-47
-48
-48
-44
-43
-45
-48
-50
-52
-52
-51
-49
-46
-42
-39
-37
-34
-32
-34
-35
-28
-24
-27
-33

