-19
-18
-18
-16
-15
-14
-14
-16
-18
-19
-20
-21
-23
-24
-26
-27
-30
-32
-33
-34
-34
-34
-33
-31
-28
-23
-22
-21
-21
-20
-20
-19
-18
-17
-16
-15
-14
-12
-11
-9
-10
-13
-16
-17
-19
-21
-22
-24
-25
-27
-29
-29
-29
-29
-29
-30
-30
-30
-30
-30
-31
-30
-26
-23
-21
-21
-21
-20
-18
-16
-15
-13
-12
-10
-7
-5
-4
-2
0
0
-2
-13
-21
-21
-22
-24
-25
-26
-27
-28
-29
-29
-29
-30
-31
-30
-30
-30
-30
-30
-30
-30
-30
-28
-25
-21
-19
-18
-17
-16
-14
-13
-12
-11
-10
-9
-7
-5
-2
-2
-9
-18
-20
-20
-22
-24
-26
-26
-27
-27
-28
-28
-28
-28
-28
-29
-29
-29
-28
-24
-18
-14
-10
-8
-6
-5
-4
-3
-2
-1

