-31
-30
-30
-31
-31
-31
-32
-32
-32
-32
-31
-30
-29
-27
-26
-25
-25
-25
-24
-21
-19
-19
-19
-20
-20
-20
-21
-22
-23
-24
-24
-24
-24
-25
-25
-26
-26
-26
-27
-29
-32
-33
-34
-34
-34
-35
-35
-36
-35
-34
-34
-33
-32
-32
-31
-31
-30
-29
-29
-30
-30
-27
-23
-21
-20
-20
-21
-22
-22
-23
-23
-23
-24
-24
-25
-25
-26
-27
-28
-30
-30
-30
-30
-30
-30
-30
-29
-28
-28
-27
-27
-26
-25
-25
-25
-24
-24
-24
-23
-19
-16
-16
-18
-19
-21
-23
-25
-27
-28
-30
-32
-34
-35
-36
-38
-41
-43
-45
-45
-43
-43
-43
-43
-44
-44
-45
-44
-44
-43
-42
-41
-39
-38
-36
-34
-34
-37
-37
-31
-26
-25
-27
-28
-29
-31
-32
-34
-36
-38
-39

