78
79
80
80
80
80
80
79
79
79
80
80
80
79
79
74
65
54
41
30
22
16
10
6
2
0
-2
-4
-6
-7
-9
-10
-11
-12
-9
-6
-2
0
0
1
2
2
4
5
5
4
3
1
0
-1
-4
-6
-7
-8
-9
-10
-11
-12
-14
-15
-15
-15
-15
-14
-14
-14
-14
-14
-15
-16
-16
-16
-16
-16
-16
-16
-17
-18
-17
-17
-16
-14
-12
-10
-8
-8
-7
-7
-7
-7
-6
-6
-5
-5
-5
-5
-5
-5
-5
-6
-7
-7
-9
-10
-11
-12
-13
-13
-14
-14
-15
-16
-16
-16
-16
-16
-16
-15
-16
-17
-17
-17
-17
-17
-17
-17
-17
-19
-19
-19
-19
-19
-19
-20
-21
-22
-23
-24
-24
-24
-25
-25
-25
-26
-27
-27
-27
-27
-27
-27

