-26
-27
-27
-27
-28
-28
-27
-27
-26
-26
-25
-26
-27
-27
-27
-26
-26
-25
-23
-22
-20
-19
-19
-19
-20
-22
-23
-23
-24
-23
-23
-23
-24
-27
-30
-32
-33
-34
-34
-35
-35
-35
-35
-35
-35
-35
-35
-35
-35
-36
-36
-33
-29
-25
-23
-22
-22
-23
-22
-22
-21
-21
-21
-21
-22
-24
-28
-31
-33
-35
-36
-37
-38
-39
-40
-40
-41
-42
-42
-42
-41
-40
-39
-38
-38
-37
-34
-31
-28
-26
-25
-24
-25
-26
-26
-27
-29
-31
-35
-38
-40
-41
-43
-45
-46
-46
-47
-49
-50
-51
-51
-50
-50
-48
-47
-45
-43
-42
-40
-34
-27
-24
-23
-24
-24
-25
-26
-28
-29
-30
-32
-33
-35
-36
-37
-36
-35
-35
-35
-35
-35
-34
-33
-33
-33
-32
-31
-30
-29
-29

