-23
-22
-21
-20
-19
-17
-16
-16
-16
-15
-14
-13
-14
-18
-22
-22
-23
-24
-25
-26
-28
-30
-31
-32
-33
-33
-33
-34
-35
-36
-37
-37
-36
-33
-32
-31
-31
-31
-30
-30
-30
-30
-30
-29
-28
-26
-24
-22
-21
-20
-19
-19
-20
-22
-24
-25
-26
-27
-29
-30
-31
-31
-31
-31
-31
-31
-32
-32
-32
-32
-32
-31
-30
-27
-24
-21
-17
-15
-12
-10
-9
-8
-7
-5
-4
-3
-3
-2
-1
0
0
-5
-15
-19
-21
-23
-25
-26
-28
-28
-30
-32
-33
-34
-35
-36
-37
-39
-41
-43
-45
-47
-47
-42
-38
-35
-34
-32
-30
-29
-28
-28
-27
-25
-23
-20
-16
-15
-16
-22
-27
-30
-27
-17
-1
19
42
63
76
80
80
80
80
80
80
80
80
80
80
80

