-32
-33
-33
-33
-33
-32
-32
-32
-32
-32
-32
-32
-32
-33
-33
-33
-33
-33
-33
-33
-33
-33
-34
-34
-34
-34
-33
-33
-33
-34
-33
-34
-34
-34
-34
-34
-34
-33
-33
-33
-33
-33
-34
-34
-33
-33
-33
-33
-33
-33
-33
-33
-33
-33
-33
-33
-33
-33
-33
-33
-33
-34
-35
-35
-36
-36
-36
-37
-37
-36
-36
-36
-36
-36
-36
-35
-35
-35
-35
-34
-34
-33
-33
-32
-32
-32
-33
-33
-33
-33
-32
-32
-32
-32
-31
-32
-32
-33
-33
-33
-33
-33
-33
-34
-35
-35
-35
-35
-35
-35
-35
-35
-35
-36
-36
-36
-36
-35
-33
-31
-29
-28
-28
-28
-28
-29
-29
-30
-30
-31
-31
-31
-31
-31
-30
-30
-31
-31
-31
-31
-31
-32
-32
-33
-33
-34
-34
-34
-35
-35

