-35
-35
-35
-34
-33
-32
-32
-33
-33
-33
-32
-31
-31
-30
-30
-30
-30
-30
-29
-30
-30
-30
-30
-30
-31
-32
-33
-33
-34
-35
-34
-34
-34
-34
-35
-36
-36
-36
-36
-37
-36
-36
-36
-35
-35
-35
-36
-35
-32
-30
-29
-28
-28
-28
-30
-31
-31
-32
-32
-33
-35
-36
-37
-37
-36
-34
-32
-30
-28
-22
-14
-4
7
19
32
43
53
62
70
75
75
71
66
60
55
50
47
43
38
33
27
21
15
9
1
-4
-10
-17
-22
-27
-30
-30
-24
-16
-8
-2
3
9
16
24
32
40
48
56
62
64
64
62
58
53
47
41
33
25
18
11
6
2
0
-4
-8
-11
-15
-18
-22
-25
-28
-30
-30
-24
-14
-2
7
16
23
30
37
44
50
54

