-29
-30
-31
-32
-32
-33
-33
-33
-33
-34
-34
-34
-34
-33
-33
-32
-31
-30
-30
-28
-28
-28
-28
-26
-24
-23
-23
-23
-23
-23
-24
-25
-25
-26
-26
-27
-27
-28
-28
-28
-28
-28
-29
-29
-29
-28
-27
-27
-26
-26
-26
-26
-26
-25
-24
-23
-22
-22
-21
-20
-20
-19
-21
-23
-24
-24
-23
-23
-23
-24
-25
-26
-27
-29
-30
-32
-33
-34
-35
-36
-38
-39
-39
-36
-34
-32
-31
-31
-30
-30
-29
-28
-27
-25
-23
-20
-16
-16
-22
-26
-26
-22
-14
-1
14
32
47
62
73
79
80
80
80
80
80
80
80
80
76
69
62
55
49
40
30
23
15
7
0
-7
-13
-18
-23
-26
-29
-30
-27
-18
-7
3
16
30
42
51
59
65
70
75
79
80

