-26
-28
-28
-24
-16
-5
4
13
21
30
38
45
53
60
65
68
70
69
67
64
60
55
49
44
39
35
30
26
22
16
10
5
0
-4
-9
-13
-17
-21
-24
-26
-23
-17
-10
-4
1
8
14
20
26
31
35
40
42
45
47
46
44
43
42
39
34
30
27
23
21
18
15
12
8
4
1
-2
-5
-7
-9
-11
-13
-14
-15
-17
-18
-17
-15
-14
-14
-14
-15
-15
-15
-15
-14
-14
-13
-13
-13
-13
-13
-13
-13
-13
-13
-13
-13
-13
-13
-13
-13
-13
-13
-13
-13
-13
-13
-13
-13
-11
-10
-10
-10
-11
-11
-12
-12
-12
-11
-9
-8
-6
-4
-2
0
1
3
6
8
11
12
14
16
17
18
18
17
15
14
12
11
8
5
1

