14
21
29
37
44
50
50
46
39
31
25
20
14
6
-2
-10
-17
-23
-26
-28
-21
-7
4
14
24
34
42
48
52
49
43
36
31
26
19
11
3
-3
-10
-15
-20
-25
-27
-27
-23
-18
-15
-13
-12
-11
-11
-11
-11
-10
-11
-12
-14
-14
-15
-16
-16
-17
-19
-20
-20
-20
-20
-19
-19
-19
-19
-19
-19
-19
-19
-18
-17
-16
-15
-15
-15
-16
-16
-17
-17
-17
-17
-17
-17
-17
-17
-18
-18
-18
-18
-18
-18
-18
-18
-18
-19
-19
-20
-20
-20
-21
-21
-21
-20
-20
-21
-21
-21
-21
-21
-20
-20
-20
-20
-20
-20
-20
-19
-19
-19
-18
-19
-19
-19
-19
-19
-19
-19
-18
-18
-19
-19
-19
-19
-19
-20
-21
-22
-22
-23
-23
-23
-23
-23
-23

