-39
-38
-36
-33
-30
-25
-21
-16
-11
-6
-1
3
9
15
20
24
27
27
26
23
20
16
12
7
3
0
-3
-7
-10
-13
-16
-19
-22
-24
-26
-28
-31
-32
-33
-34
-35
-35
-36
-37
-37
-38
-38
-38
-38
-37
-36
-34
-30
-25
-20
-15
-9
-4
0
6
12
18
23
28
32
36
39
42
44
46
47
47
45
42
39
35
32
28
26
24
23
20
15
9
4
0
-5
-9
-14
-17
-20
-23
-26
-28
-29
-30
-31
-33
-33
-34
-35
-35
-35
-33
-31
-28
-24
-19
-13
-7
-2
2
7
12
18
23
27
31
33
36
38
39
38
35
32
27
23
20
17
14
12
9
6
2
0
-4
-8
-12
-16
-18
-21
-23
-25
-27
-29
-30
-32
-33
-35
-35

