-33
-28
-21
-18
-16
-14
-12
-9
-5
-1
3
9
14
19
24
29
31
30
27
23
20
18
16
14
10
5
1
-3
-8
-13
-17
-21
-23
-25
-25
-23
-22
-21
-20
-20
-21
-21
-21
-21
-20
-20
-20
-19
-18
-18
-19
-19
-19
-20
-20
-20
-21
-21
-21
-22
-22
-23
-23
-24
-24
-25
-25
-26
-26
-26
-26
-27
-27
-27
-26
-25
-23
-22
-21
-21
-20
-20
-20
-20
-19
-19
-19
-20
-20
-20
-20
-19
-19
-19
-19
-20
-21
-22
-23
-23
-24
-24
-25
-25
-25
-25
-25
-24
-24
-23
-23
-22
-22
-21
-21
-20
-20
-20
-20
-20
-20
-20
-21
-21
-20
-20
-20
-20
-20
-20
-21
-21
-21
-21
-21
-21
-21
-21
-22
-23
-24
-26
-27
-27
-28
-28
-29
-29
-29
-29

