-40
-40
-40
-39
-38
-38
-37
-35
-34
-33
-31
-29
-25
-20
-15
-9
-3
1
6
10
15
18
21
21
19
16
11
6
1
-2
-6
-9
-12
-15
-17
-19
-21
-24
-26
-27
-29
-30
-31
-32
-33
-34
-35
-36
-36
-36
-36
-35
-33
-31
-30
-28
-27
-26
-26
-25
-24
-24
-25
-26
-27
-27
-28
-30
-31
-32
-32
-33
-34
-34
-34
-35
-35
-36
-37
-38
-38
-38
-37
-35
-34
-33
-32
-31
-30
-28
-25
-21
-17
-12
-8
-3
1
5
10
15
19
23
27
31
33
33
30
25
20
15
10
6
2
0
-2
-5
-7
-10
-12
-13
-15
-17
-19
-21
-23
-25
-27
-28
-29
-30
-31
-31
-32
-32
-33
-33
-33
-34
-34
-34
-34
-32
-31
-29
-28
-26
-25
-23
-23
-24

