-24
-25
-26
-27
-28
-29
-30
-30
-31
-32
-33
-34
-34
-33
-32
-31
-30
-29
-28
-27
-26
-24
-21
-16
-11
-4
0
6
11
17
23
28
33
37
38
36
32
27
22
17
12
9
5
2
0
-2
-4
-7
-10
-12
-14
-16
-18
-20
-22
-24
-25
-27
-29
-30
-30
-31
-31
-32
-33
-33
-33
-33
-34
-34
-35
-35
-35
-35
-34
-33
-33
-32
-31
-30
-28
-23
-17
-11
-4
1
7
13
19
24
30
35
40
44
47
47
44
40
35
30
24
20
16
12
8
4
0
-2
-6
-10
-12
-15
-17
-19
-21
-23
-25
-27
-29
-30
-31
-31
-31
-32
-33
-33
-33
-34
-35
-35
-34
-33
-32
-31
-30
-29
-28
-27
-25
-23
-19
-14
-8
-1
3
9
14
19
24
29

