30
21
13
5
0
-6
-11
-15
-19
-22
-24
-22
-17
-9
0
7
16
25
34
43
53
62
71
78
80
80
80
80
80
80
80
80
80
80
77
70
62
56
51
45
40
34
28
20
12
4
-1
-7
-12
-17
-21
-25
-28
-30
-28
-24
-18
-11
-4
2
8
15
21
27
34
41
47
52
56
56
53
49
44
40
35
31
27
22
18
14
9
5
0
-4
-8
-13
-17
-21
-25
-27
-29
-31
-33
-35
-36
-38
-39
-41
-42
-42
-41
-40
-38
-36
-34
-32
-31
-29
-28
-26
-24
-23
-21
-20
-20
-20
-21
-23
-25
-27
-29
-30
-31
-33
-34
-36
-38
-39
-40
-41
-41
-42
-42
-42
-43
-43
-43
-43
-41
-39
-38
-36
-35
-35
-35
-34
-34
-33
-33
-33

