-33
-34
-34
-35
-36
-36
-35
-34
-30
-28
-27
-27
-27
-26
-26
-25
-25
-26
-26
-27
-27
-28
-28
-30
-32
-34
-37
-41
-44
-46
-47
-44
-39
-37
-36
-36
-36
-36
-36
-35
-34
-33
-32
-32
-32
-31
-31
-29
-27
-25
-25
-27
-31
-33
-33
-28
-18
-5
8
25
44
63
76
80
80
80
80
80
80
80
80
80
77
71
64
57
50
40
31
21
11
3
-2
-9
-15
-21
-25
-29
-31
-29
-21
-10
0
12
25
38
50
61
71
78
80
80
80
80
80
80
80
80
80
77
72
67
60
53
45
36
27
19
10
2
-4
-10
-14
-17
-19
-21
-23
-22
-18
-13
-7
-1
4
11
18
26
33
40
47
52
57
59
58
54
50
47
44
42
39
36

