-3
8
22
36
48
60
72
79
80
80
80
80
80
80
80
79
75
68
60
52
45
37
27
16
6
-1
-9
-16
-21
-26
-30
-32
-29
-20
-9
0
12
24
36
48
59
69
77
80
80
80
80
80
80
80
76
69
61
54
47
41
35
27
19
10
1
-6
-12
-18
-23
-28
-32
-34
-32
-25
-17
-9
-1
7
17
26
35
44
52
59
65
71
76
79
80
79
77
73
67
62
56
50
45
41
37
32
26
18
10
3
-3
-10
-16
-22
-26
-30
-33
-36
-39
-39
-37
-34
-31
-28
-26
-23
-20
-17
-14
-10
-7
-4
-1
1
3
4
5
4
2
0
-3
-7
-10
-13
-17
-19
-21
-24
-26
-28
-30
-32
-34
-36
-38
-39
-39
-40
-41
-42

