-6
6
22
42
63
77
80
80
80
80
80
80
80
80
80
80
79
74
67
60
53
45
36
26
17
7
-1
-9
-16
-22
-26
-30
-32
-31
-29
-27
-27
-27
-27
-28
-29
-29
-29
-28
-27
-25
-24
-23
-21
-21
-18
-16
-15
-14
-13
-11
-10
-10
-13
-16
-19
-23
-27
-29
-31
-33
-34
-35
-36
-35
-33
-33
-33
-33
-33
-33
-33
-33
-33
-31
-30
-27
-24
-19
-14
-7
0
9
18
26
34
40
46
50
51
49
46
42
39
35
32
30
27
23
18
13
8
3
-1
-6
-11
-14
-18
-21
-23
-25
-27
-29
-30
-31
-32
-33
-34
-35
-35
-35
-35
-35
-35
-35
-36
-36
-37
-37
-36
-36
-36
-37
-37
-37
-37
-37
-38
-38
-38
-37
-37
-38
-38
-38

