25
19
13
6
-1
-8
-13
-16
-18
-19
-19
-15
-13
-12
-11
-11
-11
-11
-11
-11
-11
-11
-12
-12
-12
-13
-14
-14
-16
-17
-18
-19
-20
-20
-21
-23
-24
-24
-23
-23
-23
-23
-23
-23
-24
-24
-23
-20
-17
-17
-17
-18
-18
-19
-19
-19
-19
-19
-20
-20
-20
-20
-20
-20
-19
-20
-20
-20
-20
-20
-20
-20
-20
-20
-20
-21
-22
-22
-22
-23
-23
-23
-24
-24
-23
-23
-24
-23
-22
-21
-21
-20
-20
-20
-20
-20
-20
-20
-20
-20
-21
-21
-21
-20
-20
-20
-20
-20
-20
-20
-20
-20
-20
-20
-20
-20
-20
-21
-22
-23
-24
-24
-25
-25
-26
-26
-27
-27
-27
-27
-26
-26
-25
-23
-21
-20
-20
-20
-19
-19
-20
-20
-21
-21
-21
-21
-21
-22
-23
-24

