-3
-7
-15
-19
-20
-20
-20
-20
-20
-20
-19
-19
-19
-19
-19
-20
-20
-20
-20
-19
-19
-17
-16
-14
-13
-12
-11
-10
-9
-8
-7
-7
-6
-5
-4
-3
-2
-1
-1
-4
-12
-17
-19
-19
-20
-20
-20
-20
-19
-19
-19
-19
-19
-20
-20
-20
-20
-20
-20
-20
-20
-19
-18
-16
-14
-13
-12
-12
-11
-11
-10
-9
-7
-7
-6
-5
-4
-3
-2
-2
-3
-10
-16
-18
-19
-20
-20
-20
-20
-20
-20
-20
-19
-19
-19
-20
-20
-20
-20
-20
-20
-20
-20
-19
-18
-16
-14
-13
-12
-11
-10
-9
-8
-7
-7
-7
-7
-7
-6
-6
-4
-4
-4
-7
-13
-17
-19
-20
-20
-20
-20
-20
-20
-20
-20
-20
-20
-20
-20
-21
-21
-20
-20
-20
-17
-15
-13
-12
-12
-10

