-9
-8
-7
-6
-4
-3
-2
0
0
0
0
-5
-14
-19
-21
-21
-20
-20
-21
-21
-21
-21
-21
-21
-21
-21
-21
-21
-20
-17
-15
-13
-12
-10
-9
-8
-7
-6
-5
-4
-2
-1
0
0
-5
-13
-17
-19
-19
-20
-20
-20
-20
-19
-19
-19
-20
-20
-20
-20
-18
-15
-12
-9
-8
-7
-6
-4
-3
-2
-2
-1
0
0
1
2
3
0
-8
-18
-21
-21
-21
-21
-21
-21
-21
-22
-22
-22
-22
-22
-22
-22
-22
-21
-21
-21
-21
-20
-17
-14
-10
-8
-7
-6
-6
-7
-10
-13
-14
-12
-9
-4
2
10
19
27
35
43
49
52
53
49
42
32
23
16
9
2
-3
-8
-14
-19
-24
-28
-28
-19
-5
7
18
27
35
43
50
56
61
63
62
59

