-39
-39
-39
-38
-37
-37
-37
-37
-37
-38
-38
-38
-38
-38
-38
-37
-37
-36
-34
-32
-29
-28
-27
-27
-26
-26
-27
-27
-28
-29
-29
-30
-30
-30
-30
-31
-31
-32
-32
-32
-33
-33
-33
-33
-33
-33
-33
-34
-34
-34
-33
-33
-33
-33
-33
-32
-33
-33
-33
-33
-32
-32
-31
-31
-31
-31
-31
-31
-31
-31
-30
-30
-29
-29
-28
-27
-26
-26
-26
-26
-26
-26
-26
-26
-26
-27
-27
-27
-28
-29
-30
-31
-31
-31
-32
-33
-33
-33
-33
-32
-32
-32
-32
-32
-33
-33
-33
-33
-33
-33
-33
-33
-33
-33
-33
-33
-34
-34
-33
-33
-33
-33
-33
-33
-32
-32
-32
-31
-30
-29
-28
-28
-29
-29
-29
-29
-29
-29
-29
-30
-30
-30
-31
-31
-31
-31
-31
-31
-31
-32

