-15
-14
-14
-14
-13
-13
-12
-12
-11
-10
-10
-9
-8
-9
-12
-17
-19
-20
-21
-22
-22
-22
-22
-22
-22
-21
-20
-17
-16
-15
-14
-14
-13
-13
-12
-11
-11
-11
-11
-11
-12
-15
-17
-19
-20
-20
-21
-21
-21
-21
-21
-21
-20
-18
-17
-16
-15
-14
-14
-13
-13
-12
-12
-12
-12
-15
-17
-19
-20
-20
-21
-21
-21
-21
-21
-21
-21
-22
-22
-22
-22
-21
-21
-21
-21
-21
-21
-22
-22
-21
-19
-18
-17
-16
-15
-15
-14
-13
-12
-12
-12
-11
-10
-9
-9
-8
-7
-8
-11
-17
-20
-21
-21
-21
-21
-21
-21
-21
-22
-22
-22
-22
-21
-21
-21
-21
-21
-21
-21
-19
-18
-17
-15
-14
-14
-13
-12
-10
-10
-9
-9
-8
-7
-6
-6
-9
-14
-19
-20
-21

