-16
-16
-16
-15
-15
-15
-14
-14
-14
-14
-15
-15
-15
-14
-14
-15
-16
-17
-18
-19
-20
-20
-20
-21
-21
-21
-21
-21
-22
-22
-22
-22
-22
-20
-18
-17
-15
-14
-14
-13
-11
-10
-9
-9
-9
-10
-10
-9
-7
-5
-2
0
3
6
9
8
3
0
-3
-6
-9
-11
-13
-14
-15
-17
-18
-19
-16
-11
-4
2
9
16
22
28
34
39
44
47
50
52
51
44
33
22
13
6
0
-5
-11
-15
-19
-22
-22
-17
-8
-1
6
14
20
27
33
38
42
45
45
38
29
19
10
4
-1
-7
-12
-17
-21
-23
-25
-26
-28
-29
-30
-31
-30
-27
-22
-17
-12
-6
-1
2
6
10
14
18
21
23
24
23
22
20
17
14
10
6
2
-1
-4
-8

