-11
-13
-15
-17
-19
-21
-22
-24
-25
-27
-28
-28
-29
-30
-30
-31
-31
-32
-31
-30
-27
-24
-21
-18
-15
-12
-10
-8
-6
-5
-4
-3
-3
-4
-5
-7
-9
-11
-12
-13
-14
-15
-16
-17
-19
-20
-22
-23
-23
-24
-25
-25
-26
-27
-28
-28
-29
-30
-30
-31
-31
-31
-31
-31
-32
-32
-33
-33
-33
-32
-32
-30
-28
-26
-23
-21
-19
-18
-17
-15
-14
-12
-10
-9
-7
-7
-7
-8
-9
-11
-12
-13
-14
-15
-16
-18
-19
-21
-23
-25
-26
-26
-27
-27
-28
-28
-29
-29
-29
-30
-31
-31
-31
-31
-30
-30
-29
-29
-28
-28
-28
-27
-27
-27
-26
-26
-26
-25
-25
-25
-25
-25
-25
-25
-24
-24
-24
-25
-26
-27
-27
-28
-29
-29
-29
-29
-29
-29
-29
-29

