25
35
44
52
57
59
55
47
39
31
23
14
5
-2
-10
-17
-23
-26
-22
-10
0
4
9
13
18
24
30
37
43
48
51
49
44
38
33
28
22
15
7
0
-7
-13
-18
-21
-24
-26
-25
-21
-16
-14
-13
-13
-13
-13
-14
-14
-13
-13
-12
-11
-13
-14
-15
-15
-16
-17
-18
-19
-19
-20
-21
-21
-22
-23
-23
-23
-23
-23
-23
-23
-23
-24
-23
-23
-22
-22
-20
-18
-18
-18
-19
-19
-19
-19
-18
-19
-19
-19
-19
-19
-19
-19
-19
-19
-19
-19
-19
-19
-19
-19
-19
-19
-19
-19
-19
-19
-19
-19
-19
-19
-19
-19
-20
-20
-21
-22
-23
-23
-24
-24
-24
-25
-25
-25
-25
-25
-25
-24
-24
-24
-24
-23
-23
-22
-21
-20
-20
-20
-20
-19

