-33
-33
-33
-32
-33
-33
-33
-33
-33
-32
-32
-32
-32
-32
-33
-33
-33
-32
-32
-32
-32
-32
-32
-33
-33
-33
-32
-32
-32
-32
-32
-32
-32
-32
-32
-32
-31
-31
-31
-31
-31
-31
-31
-31
-31
-31
-31
-31
-31
-32
-32
-32
-32
-32
-32
-32
-31
-32
-32
-32
-32
-32
-32
-32
-32
-32
-32
-33
-33
-33
-33
-32
-32
-32
-32
-33
-33
-33
-33
-32
-31
-30
-30
-29
-29
-28
-28
-27
-27
-27
-27
-27
-27
-27
-27
-26
-25
-24
-24
-24
-25
-27
-28
-29
-29
-30
-30
-30
-31
-31
-31
-32
-32
-32
-32
-32
-32
-33
-33
-32
-32
-32
-32
-32
-32
-32
-31
-29
-28
-27
-27
-26
-26
-26
-25
-25
-24
-24
-24
-24
-24
-24
-24
-24
-26
-27
-28
-29
-29
-30

