-29
-29
-29
-28
-29
-29
-29
-28
-26
-24
-23
-23
-22
-22
-21
-21
-20
-20
-19
-19
-18
-18
-18
-18
-18
-17
-17
-19
-23
-25
-26
-27
-28
-28
-28
-28
-28
-28
-28
-28
-28
-28
-28
-27
-25
-23
-22
-21
-19
-19
-18
-18
-18
-17
-16
-15
-14
-13
-12
-13
-16
-21
-24
-25
-26
-27
-27
-27
-26
-26
-26
-26
-26
-26
-26
-26
-24
-21
-19
-17
-16
-14
-14
-13
-12
-11
-11
-12
-15
-19
-22
-23
-24
-25
-26
-26
-26
-25
-25
-25
-25
-25
-25
-26
-24
-21
-19
-17
-16
-14
-13
-12
-11
-12
-13
-12
-10
-7
-2
5
13
21
29
36
42
46
50
53
53
52
48
44
41
42
43
40
34
29
25
22
21
21
20
19
15
10
3
-8
-19
-27

