-32
-36
-40
-39
-28
-13
-2
6
15
24
32
39
45
49
53
54
53
50
44
37
31
26
21
17
12
7
2
-1
-5
-9
-14
-18
-21
-25
-29
-32
-34
-35
-32
-28
-24
-19
-14
-8
-3
0
3
7
11
15
18
19
19
16
13
10
6
3
0
-1
-4
-7
-10
-13
-16
-18
-20
-23
-25
-27
-28
-30
-31
-32
-33
-34
-34
-35
-36
-35
-34
-33
-32
-32
-32
-32
-32
-31
-31
-31
-31
-31
-31
-30
-30
-30
-30
-30
-32
-33
-33
-33
-33
-33
-33
-33
-33
-33
-33
-33
-33
-33
-33
-32
-32
-32
-32
-32
-32
-32
-32
-32
-32
-32
-31
-31
-31
-30
-30
-30
-30
-31
-31
-31
-31
-31
-32
-33
-33
-33
-33
-33
-33
-33
-33
-33
-33
-34
-34
-34

