-25
-25
-25
-25
-25
-24
-23
-21
-19
-18
-17
-17
-17
-16
-15
-15
-15
-14
-14
-15
-18
-21
-23
-24
-24
-24
-24
-24
-24
-24
-25
-25
-25
-25
-25
-25
-25
-25
-24
-24
-23
-22
-22
-21
-21
-20
-20
-19
-19
-18
-17
-16
-15
-14
-13
-12
-12
-16
-19
-22
-23
-24
-24
-24
-24
-24
-24
-24
-24
-24
-25
-25
-23
-21
-19
-17
-16
-15
-15
-14
-14
-13
-12
-11
-10
-9
-9
-11
-17
-21
-23
-23
-23
-23
-23
-23
-22
-21
-20
-20
-19
-19
-20
-21
-22
-23
-24
-24
-24
-24
-24
-24
-24
-24
-24
-24
-23
-21
-20
-19
-18
-17
-15
-13
-11
-7
-2
1
5
9
13
16
17
19
20
20
14
6
0
-4
-9
-13
-16
-19
-22
-23
-24
-24
-25
-23

