-24
-24
-24
-24
-23
-23
-23
-23
-23
-23
-23
-21
-21
-20
-19
-19
-19
-18
-18
-18
-17
-17
-17
-16
-15
-14
-14
-14
-17
-20
-21
-22
-23
-23
-23
-23
-22
-22
-23
-23
-23
-23
-23
-23
-23
-23
-23
-23
-22
-21
-20
-20
-20
-20
-19
-19
-18
-18
-17
-17
-16
-15
-14
-13
-12
-12
-11
-11
-13
-18
-21
-22
-23
-23
-23
-23
-23
-23
-23
-23
-23
-23
-23
-23
-23
-24
-24
-23
-23
-23
-23
-23
-22
-20
-19
-19
-18
-18
-17
-16
-16
-15
-14
-14
-13
-13
-13
-16
-19
-21
-22
-23
-23
-23
-23
-23
-23
-23
-23
-23
-23
-22
-22
-22
-22
-22
-20
-19
-18
-18
-17
-16
-15
-14
-14
-13
-13
-13
-12
-11
-10
-10
-9
-10
-13
-18
-20
-21
-22
-22

