-29
-29
-29
-28
-27
-26
-25
-23
-23
-22
-21
-21
-20
-20
-19
-19
-19
-18
-17
-16
-16
-15
-17
-22
-25
-27
-28
-28
-28
-28
-28
-28
-28
-28
-28
-27
-25
-25
-24
-23
-23
-22
-22
-22
-21
-21
-20
-19
-19
-18
-17
-16
-15
-15
-16
-21
-25
-27
-27
-27
-27
-27
-27
-27
-27
-27
-27
-27
-26
-25
-24
-23
-22
-22
-21
-21
-20
-20
-19
-19
-19
-18
-18
-17
-17
-19
-22
-24
-25
-27
-27
-27
-27
-27
-27
-27
-27
-27
-27
-27
-27
-27
-25
-23
-23
-22
-21
-21
-20
-20
-20
-19
-19
-18
-18
-17
-17
-18
-21
-23
-24
-25
-26
-26
-27
-26
-26
-26
-26
-26
-26
-26
-26
-26
-26
-24
-23
-21
-21
-20
-19
-19
-19
-19
-19
-19
-18
-17
-16
-15

