-16
-20
-22
-24
-25
-25
-26
-26
-26
-26
-26
-26
-26
-25
-25
-25
-25
-25
-23
-23
-22
-21
-20
-20
-19
-19
-19
-19
-18
-17
-16
-15
-14
-14
-15
-19
-22
-23
-24
-25
-25
-25
-25
-25
-25
-25
-25
-25
-25
-25
-25
-25
-24
-23
-22
-21
-20
-19
-19
-19
-18
-17
-16
-15
-14
-13
-12
-12
-12
-12
-12
-16
-21
-24
-24
-24
-24
-24
-24
-24
-24
-24
-25
-25
-24
-24
-24
-24
-24
-24
-24
-24
-24
-23
-22
-21
-20
-20
-19
-16
-13
-8
-1
4
10
16
23
31
37
43
47
49
50
45
32
21
12
5
0
-5
-10
-15
-20
-23
-24
-19
-9
0
6
14
23
32
39
46
51
54
54
52
46
37
33
32
33
33
33
32
30
30
31
32

