-24
-22
-21
-21
-21
-20
-20
-19
-18
-17
-15
-14
-13
-12
-12
-13
-18
-22
-23
-24
-24
-24
-24
-24
-24
-24
-24
-24
-23
-22
-21
-20
-19
-18
-17
-16
-15
-14
-14
-13
-13
-12
-12
-14
-19
-21
-23
-23
-24
-25
-25
-24
-24
-24
-24
-24
-24
-24
-24
-24
-23
-22
-21
-20
-19
-18
-18
-17
-16
-16
-16
-15
-15
-14
-13
-13
-14
-18
-21
-23
-23
-23
-23
-24
-24
-24
-24
-24
-24
-25
-25
-25
-24
-24
-24
-24
-24
-24
-23
-24
-24
-24
-24
-24
-23
-22
-21
-20
-19
-18
-17
-16
-15
-15
-15
-16
-15
-14
-11
-7
-4
0
2
5
6
2
-2
-7
-11
-14
-16
-18
-20
-21
-19
-13
-3
4
13
22
30
38
45
51
57
60
58
49
37
27

