-21
-21
-21
-21
-22
-22
-22
-22
-22
-22
-22
-23
-24
-26
-27
-27
-28
-28
-28
-29
-29
-29
-29
-28
-28
-27
-27
-27
-26
-24
-23
-22
-21
-21
-21
-21
-21
-22
-24
-25
-25
-26
-27
-28
-28
-29
-30
-30
-30
-30
-30
-31
-31
-31
-30
-30
-30
-29
-29
-28
-27
-24
-22
-22
-23
-23
-25
-26
-26
-26
-26
-26
-26
-26
-26
-26
-26
-26
-24
-22
-21
-22
-23
-24
-25
-27
-28
-30
-33
-35
-37
-36
-33
-30
-29
-29
-29
-29
-28
-28
-27
-27
-26
-26
-25
-23
-22
-22
-24
-26
-28
-31
-32
-34
-33
-33
-32
-28
-28
-28
-29
-29
-29
-28
-28
-27
-27
-26
-26
-26
-24
-23
-24
-26
-27
-29
-29
-30
-31
-32
-30
-27
-26
-27
-27
-27
-27
-27
-26
-25

