-19
-19
-19
-19
-19
-19
-19
-19
-19
-19
-19
-19
-19
-19
-19
-19
-19
-19
-19
-19
-20
-22
-23
-25
-25
-26
-26
-26
-27
-27
-27
-27
-27
-26
-25
-24
-23
-22
-21
-21
-20
-19
-19
-19
-19
-19
-19
-20
-20
-21
-21
-22
-23
-23
-24
-24
-25
-26
-27
-28
-29
-28
-28
-29
-29
-29
-30
-30
-30
-29
-29
-28
-27
-26
-26
-26
-23
-21
-20
-20
-21
-22
-23
-24
-25
-25
-26
-28
-29
-30
-30
-29
-28
-28
-28
-28
-27
-27
-27
-26
-26
-25
-25
-27
-26
-24
-22
-21
-21
-21
-22
-24
-25
-26
-27
-29
-29
-30
-31
-32
-32
-30
-29
-30
-31
-31
-31
-30
-29
-29
-28
-28
-27
-28
-28
-25
-23
-22
-23
-24
-26
-28
-29
-30
-31
-31
-30
-28
-27
-28

