-29
-30
-31
-31
-30
-29
-28
-27
-26
-27
-26
-23
-23
-24
-26
-27
-28
-29
-30
-31
-33
-33
-33
-31
-28
-26
-27
-28
-29
-29
-28
-26
-25
-24
-23
-22
-24
-26
-24
-23
-23
-24
-26
-27
-29
-30
-30
-31
-31
-31
-31
-31
-30
-28
-28
-29
-30
-30
-29
-28
-26
-25
-24
-23
-24
-27
-28
-25
-23
-24
-26
-28
-29
-29
-29
-28
-26
-23
-23
-25
-25
-24
-22
-21
-19
-18
-16
-16
-18
-23
-24
-23
-25
-27
-27
-22
-17
-14
-10
-5
0
7
17
26
35
40
38
29
19
9
1
-6
-13
-19
-23
-20
-7
4
11
17
24
31
40
47
54
56
50
40
31
22
12
2
-5
-12
-17
-21
-23
-19
-11
-5
-2
-1
0
0
2
2
0
0
2
4

