-19
-19
-19
-19
-19
-19
-19
-20
-19
-19
-19
-19
-19
-19
-19
-19
-19
-19
-19
-18
-18
-18
-19
-19
-19
-19
-19
-19
-19
-19
-19
-19
-20
-20
-20
-20
-20
-20
-20
-19
-19
-20
-20
-20
-20
-20
-20
-20
-20
-20
-20
-20
-20
-20
-20
-20
-20
-20
-20
-20
-20
-21
-21
-20
-20
-20
-21
-20
-20
-21
-21
-21
-21
-21
-21
-21
-21
-21
-21
-21
-22
-22
-22
-23
-25
-25
-26
-27
-27
-28
-28
-28
-29
-29
-28
-28
-27
-26
-24
-21
-19
-18
-19
-19
-19
-20
-20
-21
-21
-22
-23
-24
-25
-25
-26
-27
-28
-29
-30
-31
-30
-30
-29
-30
-30
-30
-30
-29
-29
-28
-27
-26
-25
-23
-20
-19
-20
-20
-21
-22
-24
-25
-27
-28
-29
-29
-29
-28
-28
-28

