-21
-20
-20
-20
-19
-19
-19
-19
-19
-19
-19
-19
-19
-19
-19
-19
-19
-19
-19
-19
-19
-20
-20
-20
-20
-20
-19
-19
-19
-19
-19
-19
-19
-19
-19
-18
-19
-19
-19
-19
-19
-19
-19
-19
-19
-20
-22
-23
-24
-24
-25
-25
-26
-26
-26
-26
-25
-25
-24
-24
-24
-24
-23
-21
-20
-19
-19
-18
-19
-19
-19
-20
-20
-21
-22
-23
-23
-24
-24
-25
-26
-27
-28
-28
-28
-28
-28
-28
-28
-27
-25
-24
-23
-22
-23
-23
-21
-20
-19
-20
-20
-21
-22
-22
-23
-25
-26
-27
-28
-28
-29
-30
-31
-32
-32
-31
-30
-29
-30
-30
-30
-30
-29
-29
-28
-28
-28
-28
-26
-23
-22
-22
-22
-23
-24
-26
-27
-28
-30
-31
-31
-29
-28
-28
-28
-28
-27
-27
-27
-27

