-32
-32
-29
-20
-12
-5
0
5
13
21
31
40
47
48
44
37
28
20
11
2
-5
-12
-18
-20
-16
-5
3
9
14
19
25
32
40
46
51
50
44
36
29
23
15
8
0
-6
-12
-18
-21
-24
-23
-19
-14
-10
-8
-7
-7
-7
-7
-7
-7
-8
-11
-12
-12
-14
-16
-18
-20
-21
-23
-24
-25
-26
-26
-24
-23
-22
-22
-22
-22
-22
-22
-21
-20
-18
-18
-19
-20
-20
-21
-21
-22
-23
-23
-23
-23
-23
-23
-23
-24
-24
-24
-23
-23
-23
-23
-23
-24
-25
-25
-25
-25
-25
-25
-26
-26
-26
-27
-27
-28
-29
-30
-31
-31
-31
-31
-30
-29
-28
-26
-26
-26
-25
-25
-24
-24
-24
-23
-24
-24
-24
-23
-23
-23
-22
-21
-21
-21
-21
-21
-20

