-34
-34
-35
-33
-30
-28
-30
-31
-31
-31
-31
-29
-28
-27
-26
-25
-25
-27
-29
-26
-24
-25
-27
-28
-29
-29
-30
-31
-33
-34
-33
-31
-27
-26
-27
-28
-26
-25
-24
-23
-22
-21
-21
-25
-29
-26
-25
-26
-27
-29
-30
-31
-31
-30
-27
-23
-22
-23
-24
-23
-22
-21
-20
-19
-17
-18
-23
-26
-26
-28
-28
-27
-21
-13
-5
1
9
18
28
39
49
58
65
71
72
65
56
47
38
30
24
18
11
3
-4
-12
-18
-23
-26
-27
-20
-6
4
11
18
25
32
37
37
33
27
20
13
6
0
-6
-12
-16
-19
-21
-23
-24
-23
-20
-16
-14
-13
-13
-14
-13
-13
-14
-14
-13
-14
-15
-16
-17
-18
-19
-19
-20
-21
-22
-22
-22
-21
-20
-20
-20

