-25
-23
-21
-22
-24
-26
-27
-28
-29
-30
-31
-32
-31
-29
-28
-28
-29
-29
-29
-28
-27
-26
-25
-24
-25
-25
-23
-23
-24
-26
-27
-28
-29
-30
-31
-32
-33
-33
-31
-28
-27
-28
-29
-29
-30
-30
-30
-30
-30
-28
-26
-26
-26
-24
-23
-25
-27
-29
-30
-32
-34
-33
-33
-32
-33
-32
-31
-28
-27
-28
-28
-27
-26
-25
-24
-23
-23
-25
-27
-26
-25
-26
-27
-29
-30
-29
-28
-26
-22
-22
-23
-23
-24
-23
-22
-20
-19
-20
-24
-26
-26
-27
-26
-20
-11
-2
6
14
22
31
39
46
48
45
37
28
18
8
0
-7
-13
-19
-23
-24
-18
-6
3
12
20
28
36
44
50
56
57
54
46
37
29
23
18
12
5
0
-6
-11
-15
-19
-21
-23

