-25
-26
-26
-26
-26
-26
-26
-25
-24
-23
-23
-23
-22
-22
-22
-22
-22
-22
-21
-21
-21
-22
-22
-23
-23
-25
-26
-22
-19
-20
-24
-27
-29
-30
-30
-29
-29
-29
-28
-27
-25
-24
-22
-21
-21
-21
-22
-23
-23
-24
-25
-26
-26
-27
-28
-29
-29
-28
-29
-29
-29
-29
-29
-29
-29
-28
-27
-26
-27
-26
-23
-23
-22
-22
-23
-24
-25
-26
-26
-26
-27
-28
-29
-30
-31
-32
-33
-32
-32
-33
-34
-34
-34
-33
-32
-31
-31
-30
-30
-29
-25
-23
-23
-25
-26
-28
-29
-30
-30
-31
-32
-32
-32
-31
-29
-30
-31
-31
-30
-30
-29
-28
-27
-26
-25
-26
-26
-23
-22
-23
-24
-26
-28
-29
-30
-31
-32
-32
-32
-33
-33
-32
-29
-28
-28
-29
-30
-30
-29
-28

