-31
-32
-32
-32
-32
-32
-31
-31
-30
-30
-30
-30
-29
-28
-27
-26
-26
-26
-26
-26
-27
-27
-28
-29
-30
-31
-31
-32
-33
-33
-33
-34
-35
-34
-33
-33
-33
-33
-32
-32
-31
-31
-30
-29
-28
-27
-27
-28
-28
-28
-28
-27
-24
-21
-17
-13
-10
-6
-3
0
1
5
8
11
15
18
21
23
22
21
19
16
14
11
9
8
5
2
-1
-6
-11
-14
-17
-17
-17
-17
-15
-13
-11
-10
-9
-9
-9
-9
-11
-13
-16
-17
-14
-9
-2
3
9
14
18
21
24
27
30
31
31
30
29
27
25
23
22
20
19
17
15
14
12
10
8
5
2
0
-3
-5
-7
-9
-11
-13
-14
-16
-17
-18
-19
-20
-19
-18
-16
-14
-12
-10
-7
-5
-3
-1

