-22
-22
-22
-23
-24
-25
-26
-27
-27
-28
-29
-30
-31
-32
-31
-29
-29
-30
-31
-30
-30
-30
-29
-29
-29
-28
-27
-27
-27
-24
-23
-23
-24
-26
-27
-28
-29
-29
-29
-30
-31
-32
-31
-29
-28
-29
-29
-30
-30
-29
-28
-27
-27
-26
-25
-26
-26
-23
-23
-26
-29
-29
-29
-30
-32
-34
-30
-25
-24
-25
-26
-26
-26
-25
-25
-24
-25
-28
-29
-27
-27
-28
-27
-22
-16
-9
-1
5
13
22
29
37
44
48
49
46
41
36
30
26
21
15
7
0
-5
-12
-18
-23
-25
-24
-18
-9
0
9
17
24
30
35
40
46
49
49
47
44
41
38
37
36
36
35
31
24
18
12
7
1
-4
-11
-16
-20
-22
-24
-25
-26
-24
-21
-16
-12
-7
-3

