-26
-26
-26
-26
-26
-26
-28
-29
-29
-30
-30
-30
-30
-29
-29
-30
-30
-30
-30
-30
-31
-31
-30
-30
-30
-29
-28
-28
-27
-26
-26
-26
-26
-26
-26
-26
-25
-25
-25
-25
-26
-26
-27
-28
-29
-30
-30
-30
-30
-30
-30
-30
-30
-30
-30
-30
-30
-30
-30
-30
-30
-29
-28
-27
-27
-27
-26
-26
-25
-25
-25
-24
-24
-25
-25
-25
-25
-25
-26
-26
-26
-26
-26
-26
-25
-25
-25
-25
-25
-26
-27
-29
-29
-29
-29
-30
-30
-30
-30
-30
-30
-30
-30
-30
-29
-28
-27
-26
-25
-24
-24
-24
-24
-23
-23
-24
-24
-24
-24
-24
-24
-24
-24
-25
-25
-26
-26
-26
-27
-29
-29
-29
-29
-29
-29
-30
-30
-30
-29
-29
-28
-28
-27
-27
-26
-24
-23
-23
-23
-24

