-24
-24
-25
-25
-25
-26
-26
-27
-27
-28
-28
-28
-28
-29
-31
-31
-31
-31
-32
-32
-32
-32
-32
-31
-30
-29
-28
-28
-26
-25
-23
-22
-23
-23
-24
-24
-25
-25
-26
-27
-28
-30
-30
-30
-29
-29
-29
-29
-29
-29
-29
-29
-28
-28
-28
-28
-28
-26
-24
-23
-24
-25
-25
-26
-27
-28
-29
-30
-30
-31
-31
-32
-32
-32
-32
-33
-34
-34
-33
-33
-32
-31
-30
-30
-29
-27
-24
-23
-24
-25
-27
-28
-29
-30
-31
-31
-32
-34
-35
-33
-31
-31
-32
-32
-32
-31
-31
-30
-30
-29
-29
-29
-28
-26
-25
-25
-26
-27
-28
-28
-29
-30
-31
-31
-31
-30
-29
-29
-29
-28
-28
-27
-26
-25
-25
-24
-23
-22
-24
-28
-29
-28
-28
-29
-31
-32
-32
-30
-23
-16

