-14
-14
-15
-16
-16
-17
-17
-16
-13
-10
-7
-3
0
1
4
7
9
10
12
13
14
15
16
17
15
13
11
8
5
2
0
-3
-5
-7
-8
-10
-11
-12
-12
-13
-13
-12
-11
-11
-10
-9
-9
-8
-7
-6
-4
-3
-2
-1
0
0
0
0
-1
-1
-2
-3
-4
-5
-5
-7
-8
-9
-10
-11
-12
-13
-13
-14
-15
-16
-17
-17
-18
-18
-19
-19
-20
-20
-21
-21
-21
-22
-22
-22
-23
-23
-23
-23
-23
-23
-23
-23
-23
-24
-24
-24
-24
-24
-24
-24
-24
-25
-25
-25
-25
-25
-25
-26
-26
-26
-26
-27
-27
-27
-27
-26
-26
-24
-23
-23
-23
-23
-23
-23
-23
-23
-24
-24
-24
-24
-24
-23
-23
-23
-24
-24
-24
-24
-24
-24
-24
-23
-24
-24

