-30
-29
-29
-28
-28
-28
-25
-23
-23
-24
-25
-26
-27
-27
-28
-30
-31
-32
-32
-32
-32
-30
-30
-31
-32
-32
-32
-32
-32
-32
-31
-30
-30
-28
-26
-23
-22
-22
-24
-25
-26
-28
-28
-29
-30
-31
-31
-32
-32
-30
-29
-29
-30
-31
-31
-31
-31
-31
-31
-31
-31
-29
-28
-27
-25
-22
-23
-24
-25
-27
-27
-27
-27
-26
-27
-30
-31
-31
-30
-30
-29
-28
-27
-24
-23
-24
-24
-25
-25
-26
-27
-28
-29
-28
-25
-25
-27
-28
-28
-28
-28
-27
-26
-25
-24
-25
-26
-24
-22
-23
-25
-26
-28
-29
-27
-23
-22
-24
-26
-27
-27
-26
-25
-23
-24
-27
-27
-27
-29
-28
-24
-19
-13
-5
3
12
21
30
38
45
49
48
44
40
35
29
22
14
5
-2

