-28
-29
-26
-24
-24
-24
-26
-27
-28
-30
-31
-31
-31
-28
-25
-27
-29
-31
-31
-31
-31
-30
-29
-28
-29
-28
-25
-25
-26
-27
-28
-29
-30
-31
-32
-32
-32
-31
-30
-28
-26
-25
-24
-26
-28
-28
-28
-29
-29
-28
-27
-27
-25
-24
-26
-28
-26
-25
-27
-29
-28
-23
-17
-11
-6
0
6
14
24
34
43
52
60
67
74
79
80
80
79
76
69
62
56
51
47
42
37
31
25
18
10
2
-4
-9
-14
-18
-21
-24
-25
-26
-23
-12
0
12
21
30
37
43
46
45
40
37
33
28
21
14
7
1
-3
-8
-12
-15
-18
-20
-22
-23
-23
-21
-19
-17
-17
-17
-17
-17
-17
-17
-17
-16
-14
-14
-15
-15
-16
-16
-17
-17
-18
-18
-19
-19

