-29
-29
-30
-31
-31
-31
-32
-32
-32
-32
-32
-32
-31
-30
-29
-28
-24
-22
-22
-23
-24
-25
-26
-26
-27
-28
-29
-30
-31
-32
-32
-32
-32
-32
-32
-32
-32
-32
-31
-30
-29
-28
-26
-23
-21
-22
-23
-24
-25
-26
-27
-28
-29
-30
-30
-29
-29
-30
-30
-30
-29
-29
-29
-28
-28
-28
-25
-23
-23
-24
-25
-26
-27
-28
-29
-30
-31
-32
-33
-31
-31
-31
-31
-32
-32
-32
-31
-29
-28
-27
-27
-26
-23
-23
-24
-26
-27
-28
-28
-29
-29
-31
-32
-32
-31
-29
-28
-29
-30
-31
-31
-32
-32
-31
-30
-27
-26
-25
-24
-22
-23
-24
-25
-27
-29
-30
-30
-26
-24
-24
-25
-25
-24
-22
-19
-14
-8
-2
3
9
15
23
32
39
40
37
33
28
24
20

