-30
-31
-32
-33
-32
-31
-32
-33
-34
-34
-33
-33
-33
-32
-31
-30
-30
-28
-24
-23
-23
-23
-24
-25
-26
-27
-28
-29
-29
-30
-30
-31
-32
-32
-33
-32
-32
-33
-34
-35
-36
-36
-35
-35
-34
-33
-32
-31
-30
-29
-25
-22
-22
-23
-24
-25
-26
-27
-28
-30
-31
-31
-32
-33
-33
-31
-29
-31
-32
-34
-35
-35
-34
-33
-32
-31
-30
-29
-30
-27
-23
-24
-25
-26
-28
-30
-31
-31
-30
-27
-24
-25
-27
-27
-27
-26
-25
-24
-23
-23
-26
-25
-24
-24
-24
-26
-28
-30
-31
-28
-24
-23
-24
-24
-23
-18
-12
-6
0
5
13
22
31
39
41
38
35
30
23
15
7
0
-7
-13
-16
-19
-20
-18
-10
-1
8
18
27
35
41
47
54
58
56
50

