-31
-31
-31
-31
-31
-30
-29
-28
-26
-22
-21
-22
-23
-24
-25
-26
-26
-27
-29
-31
-31
-31
-30
-30
-31
-32
-33
-33
-33
-33
-31
-30
-29
-29
-28
-24
-21
-21
-22
-23
-24
-26
-28
-29
-29
-29
-30
-31
-31
-29
-28
-31
-32
-33
-33
-33
-33
-32
-31
-30
-29
-29
-29
-25
-22
-22
-24
-26
-28
-28
-29
-30
-31
-31
-32
-29
-26
-28
-30
-32
-32
-32
-31
-30
-29
-28
-26
-27
-29
-25
-22
-24
-26
-29
-32
-33
-32
-28
-24
-22
-20
-16
-10
-5
0
6
13
21
29
39
47
53
53
49
45
40
34
28
20
12
3
-3
-9
-14
-18
-21
-23
-23
-24
-24
-19
-13
-10
-8
-7
-6
-2
6
15
23
30
36
44
52
60
67
73
78
80
80

