-28
-29
-29
-27
-27
-28
-28
-28
-28
-28
-27
-26
-25
-25
-24
-22
-21
-22
-24
-25
-26
-26
-27
-28
-29
-29
-30
-31
-31
-30
-29
-28
-28
-29
-29
-29
-29
-29
-28
-27
-26
-25
-23
-23
-24
-25
-26
-27
-27
-28
-29
-29
-30
-30
-31
-32
-31
-30
-30
-31
-32
-33
-33
-33
-32
-31
-30
-30
-29
-25
-22
-22
-23
-24
-25
-27
-27
-28
-29
-30
-30
-28
-27
-27
-28
-29
-29
-29
-29
-29
-29
-28
-28
-28
-25
-24
-24
-26
-27
-28
-30
-32
-34
-33
-29
-26
-25
-26
-26
-26
-25
-24
-23
-21
-22
-24
-22
-22
-24
-26
-28
-29
-31
-32
-31
-28
-25
-24
-24
-20
-14
-7
0
9
18
27
35
40
40
38
34
29
23
17
9
1
-5
-11
-16
-18

