-26
-27
-28
-29
-30
-31
-31
-29
-27
-27
-27
-27
-28
-28
-28
-27
-26
-25
-26
-24
-22
-22
-23
-25
-27
-28
-29
-30
-33
-36
-36
-34
-30
-28
-28
-29
-31
-31
-31
-31
-30
-29
-28
-27
-27
-25
-22
-22
-23
-25
-27
-27
-27
-29
-30
-31
-32
-31
-30
-28
-27
-28
-29
-30
-31
-31
-31
-30
-30
-28
-28
-28
-25
-22
-23
-25
-26
-29
-30
-28
-28
-30
-28
-25
-25
-26
-28
-28
-27
-26
-26
-24
-23
-24
-26
-24
-25
-27
-29
-30
-29
-31
-30
-25
-20
-20
-22
-25
-26
-26
-25
-24
-24
-27
-28
-27
-28
-29
-30
-26
-18
-11
-4
3
12
21
30
38
45
46
43
39
32
25
17
9
0
-6
-12
-18
-21
-24
-25
-26
-23
-13
-2
5
13
21

