-21
-20
-20
-20
-20
-19
-19
-18
-18
-19
-21
-21
-20
-21
-23
-25
-26
-28
-29
-30
-31
-32
-32
-33
-31
-28
-28
-28
-28
-28
-29
-28
-28
-27
-27
-27
-26
-24
-23
-23
-24
-25
-26
-26
-27
-27
-28
-29
-30
-30
-30
-29
-30
-30
-30
-30
-31
-31
-30
-30
-29
-26
-23
-23
-23
-24
-24
-25
-25
-26
-26
-27
-27
-27
-27
-28
-28
-29
-30
-30
-30
-31
-31
-32
-32
-33
-33
-32
-32
-31
-31
-30
-26
-22
-21
-21
-21
-22
-23
-23
-24
-24
-24
-24
-25
-26
-27
-28
-29
-30
-30
-31
-31
-32
-32
-32
-32
-31
-30
-26
-22
-21
-22
-22
-22
-23
-23
-24
-24
-25
-25
-26
-26
-26
-28
-29
-29
-30
-31
-31
-32
-33
-33
-33
-32
-32
-31
-30
-29
-25

