-21
-21
-21
-21
-22
-23
-24
-24
-25
-25
-26
-26
-27
-27
-28
-28
-28
-29
-29
-29
-29
-29
-29
-28
-28
-27
-26
-24
-20
-19
-19
-20
-21
-22
-22
-23
-24
-25
-25
-27
-27
-27
-27
-28
-29
-29
-29
-29
-29
-29
-28
-27
-24
-20
-20
-21
-22
-22
-23
-24
-25
-26
-27
-27
-27
-28
-29
-30
-31
-31
-30
-29
-28
-29
-31
-32
-32
-32
-32
-31
-30
-29
-28
-27
-24
-20
-19
-19
-21
-23
-24
-25
-26
-27
-28
-28
-29
-28
-26
-25
-27
-29
-29
-30
-30
-30
-30
-29
-27
-25
-22
-19
-17
-18
-21
-25
-27
-28
-30
-28
-24
-21
-21
-22
-23
-23
-23
-23
-22
-21
-22
-22
-22
-24
-27
-28
-29
-28
-25
-17
-9
-3
2
9
18
27
36
44
47
43

