-34
-34
-34
-34
-34
-33
-31
-30
-28
-26
-25
-24
-23
-23
-22
-21
-20
-18
-17
-16
-14
-14
-14
-15
-16
-17
-18
-19
-19
-20
-21
-22
-23
-24
-25
-26
-28
-29
-29
-30
-31
-31
-32
-33
-33
-33
-34
-34
-35
-35
-35
-35
-36
-36
-36
-36
-35
-35
-34
-33
-32
-31
-29
-28
-26
-24
-22
-20
-19
-17
-16
-15
-15
-16
-17
-18
-19
-19
-19
-20
-21
-22
-23
-23
-25
-26
-26
-27
-28
-28
-29
-30
-31
-31
-32
-33
-33
-34
-34
-35
-35
-36
-36
-36
-36
-36
-35
-34
-32
-31
-29
-27
-25
-23
-21
-19
-17
-15
-13
-12
-12
-12
-12
-12
-13
-13
-13
-14
-14
-15
-16
-16
-17
-18
-18
-18
-17
-16
-16
-16
-16
-16
-17
-17
-18
-19
-19
-20
-22
-23

