-25
-26
-28
-28
-29
-30
-31
-32
-33
-34
-35
-33
-31
-29
-26
-23
-20
-16
-11
-6
-1
3
8
14
19
23
27
30
33
35
35
33
31
28
26
25
23
22
22
21
19
15
11
7
3
0
-4
-8
-11
-15
-17
-19
-22
-24
-25
-27
-29
-30
-31
-30
-28
-26
-24
-22
-19
-16
-13
-9
-6
-2
1
5
9
12
16
18
19
18
16
15
12
10
7
5
4
2
0
-1
-2
-4
-7
-10
-11
-13
-15
-16
-18
-19
-20
-22
-24
-26
-26
-28
-28
-29
-30
-31
-32
-33
-32
-31
-29
-26
-23
-20
-17
-13
-10
-6
-2
1
5
9
10
11
11
9
7
5
4
2
1
0
-1
-3
-5
-6
-8
-9
-10
-11
-11
-13
-14
-15
-16
-17
-17
-17

