-36
-36
-35
-35
-36
-36
-36
-36
-36
-35
-35
-35
-36
-37
-38
-40
-40
-39
-38
-36
-35
-35
-34
-34
-34
-34
-34
-34
-35
-36
-37
-39
-39
-39
-38
-36
-35
-34
-33
-33
-32
-31
-30
-29
-28
-26
-23
-21
-18
-16
-12
-9
-6
-3
0
1
4
6
8
8
8
6
4
2
1
1
0
0
-2
-6
-10
-13
-15
-17
-19
-21
-22
-24
-26
-27
-26
-23
-20
-17
-13
-9
-4
0
5
11
16
22
27
31
36
40
43
45
46
45
44
42
40
39
37
35
34
32
30
28
25
23
21
18
16
14
11
9
7
5
2
0
-2
-5
-9
-12
-15
-17
-19
-21
-22
-23
-22
-19
-15
-10
-4
0
6
12
18
22
27
31
34
37
37
35
33
30

