0
0
0
0
-2
-4
-7
-9
-11
-13
-15
-17
-19
-21
-22
-23
-24
-25
-26
-27
-28
-29
-30
-30
-31
-32
-32
-33
-33
-34
-34
-34
-34
-35
-36
-36
-36
-37
-38
-38
-38
-38
-37
-36
-34
-31
-29
-28
-26
-23
-21
-19
-16
-15
-13
-13
-13
-13
-14
-15
-17
-18
-20
-22
-23
-24
-25
-27
-28
-29
-31
-32
-33
-33
-33
-34
-35
-35
-36
-37
-37
-37
-37
-37
-37
-37
-37
-38
-38
-39
-39
-39
-39
-39
-38
-38
-38
-37
-35
-33
-30
-28
-26
-23
-21
-19
-16
-15
-13
-13
-13
-15
-17
-20
-22
-24
-26
-28
-29
-31
-32
-33
-33
-33
-33
-33
-33
-33
-33
-34
-34
-34
-34
-34
-34
-34
-34
-34
-34
-34
-33
-33
-34
-34
-34
-34
-35
-35
-36
-37

