-23
-23
-23
-23
-23
-23
-23
-23
-23
-23
-23
-23
-23
-23
-23
-23
-24
-24
-24
-24
-24
-24
-24
-24
-24
-25
-26
-27
-29
-30
-29
-28
-26
-23
-21
-19
-17
-14
-12
-10
-8
-6
-4
-2
0
1
3
4
4
3
1
-2
-6
-9
-12
-14
-16
-18
-19
-20
-21
-22
-22
-23
-23
-23
-24
-24
-25
-25
-24
-24
-23
-23
-23
-23
-23
-24
-24
-26
-28
-29
-29
-28
-26
-23
-21
-19
-17
-15
-13
-11
-9
-7
-5
-3
-1
0
0
0
-1
-4
-7
-10
-13
-16
-17
-19
-21
-22
-23
-24
-24
-24
-25
-25
-25
-25
-25
-24
-24
-24
-25
-25
-25
-24
-24
-24
-24
-24
-24
-24
-25
-26
-28
-29
-30
-29
-28
-26
-24
-22
-19
-16
-14
-11
-9
-7
-6
-6

