-27
-27
-27
-28
-29
-31
-32
-33
-33
-34
-34
-34
-35
-36
-37
-37
-37
-37
-37
-36
-37
-37
-37
-37
-36
-35
-34
-33
-34
-36
-38
-38
-37
-35
-33
-31
-29
-25
-21
-18
-14
-11
-8
-5
-2
0
2
4
7
8
9
9
9
7
5
2
0
-3
-5
-8
-11
-13
-15
-17
-19
-21
-22
-23
-25
-26
-26
-27
-27
-26
-25
-21
-18
-14
-8
0
7
14
22
29
36
44
50
56
59
59
57
54
48
42
37
31
26
21
15
9
4
-1
-6
-8
-10
-12
-14
-16
-19
-21
-25
-27
-27
-23
-18
-11
-5
1
9
16
23
30
36
43
49
53
55
54
52
51
50
49
47
45
43
40
38
35
33
30
27
24
21
18
16
13
11
8
6
4

