-12
-15
-17
-19
-20
-21
-22
-22
-24
-24
-23
-23
-23
-23
-22
-22
-23
-23
-23
-22
-22
-21
-21
-21
-21
-22
-22
-22
-22
-21
-21
-21
-21
-21
-22
-22
-22
-23
-24
-24
-24
-22
-19
-17
-14
-11
-7
-3
0
4
8
11
12
11
8
4
0
-4
-8
-11
-14
-17
-19
-20
-21
-22
-23
-23
-23
-23
-24
-24
-24
-24
-23
-23
-23
-23
-24
-25
-25
-25
-25
-23
-21
-19
-16
-13
-10
-7
-5
-3
-1
0
0
1
3
5
6
6
6
4
3
0
-2
-4
-6
-8
-9
-10
-11
-13
-14
-13
-13
-12
-12
-12
-12
-12
-13
-13
-13
-12
-10
-8
-5
-1
1
4
7
10
12
16
19
23
25
26
28
30
31
31
29
26
24
23
22
22
21
21

