-23
-23
-23
-24
-25
-26
-27
-27
-25
-24
-22
-20
-17
-14
-10
-7
-3
0
0
1
1
0
-3
-5
-7
-9
-10
-13
-14
-15
-15
-16
-16
-16
-17
-17
-19
-20
-20
-20
-21
-21
-21
-21
-22
-23
-23
-23
-23
-23
-23
-23
-23
-23
-23
-24
-24
-24
-24
-24
-24
-24
-23
-24
-26
-28
-28
-29
-28
-26
-24
-22
-20
-17
-14
-11
-7
-4
0
1
1
0
-2
-5
-7
-8
-9
-10
-11
-13
-15
-16
-16
-16
-17
-17
-17
-18
-19
-20
-21
-21
-22
-22
-23
-23
-23
-24
-24
-24
-24
-24
-23
-23
-23
-23
-24
-25
-25
-26
-27
-27
-27
-27
-26
-25
-24
-22
-20
-17
-13
-10
-6
-3
-1
0
0
-2
-4
-7
-9
-11
-12
-14
-16
-16
-16
-17
-17
-18

