-38
-38
-39
-40
-40
-40
-40
-40
-40
-40
-40
-40
-37
-32
-29
-28
-28
-29
-30
-32
-34
-36
-37
-39
-40
-42
-43
-44
-44
-44
-44
-43
-41
-41
-41
-41
-41
-40
-38
-37
-36
-34
-32
-30
-28
-26
-26
-27
-29
-31
-33
-35
-37
-38
-39
-40
-42
-44
-45
-47
-48
-47
-46
-44
-44
-43
-42
-40
-39
-38
-36
-34
-32
-30
-29
-30
-31
-32
-33
-33
-33
-34
-35
-35
-33
-28
-22
-15
-7
3
16
32
48
62
74
79
80
80
80
80
80
80
80
80
78
73
67
59
48
34
21
10
3
0
-2
0
7
15
21
27
35
44
56
70
78
80
80
80
80
80
80
80
80
80
80
80
79
76
68
57
45
34
23
10
0
-6
-13
-21
-28
-32

