-39
-40
-42
-44
-44
-43
-43
-42
-42
-42
-42
-42
-43
-43
-43
-42
-42
-42
-41
-37
-34
-33
-33
-33
-34
-35
-35
-36
-38
-40
-41
-42
-42
-43
-43
-43
-42
-42
-43
-43
-43
-44
-43
-43
-42
-41
-39
-37
-36
-37
-36
-33
-30
-29
-30
-31
-34
-35
-37
-39
-41
-44
-46
-51
-54
-51
-47
-44
-42
-40
-38
-36
-33
-28
-22
-15
-9
-3
3
11
19
27
35
44
53
62
70
77
79
76
71
65
60
55
49
42
34
24
13
3
-5
-12
-18
-22
-26
-28
-31
-32
-30
-23
-14
-2
9
23
35
47
59
70
78
80
80
80
80
80
80
80
80
78
73
66
56
45
33
22
12
2
-5
-12
-18
-23
-27
-30
-31
-33
-33
-31
-27
-21
-15
-8

