-27
-27
-27
-28
-29
-32
-34
-35
-35
-35
-36
-36
-35
-35
-34
-34
-34
-34
-33
-33
-34
-33
-33
-35
-36
-36
-35
-33
-32
-30
-29
-28
-29
-29
-29
-29
-29
-30
-30
-31
-31
-32
-33
-34
-34
-34
-36
-37
-37
-37
-36
-36
-36
-37
-37
-37
-36
-36
-35
-35
-33
-32
-32
-33
-33
-30
-28
-26
-25
-26
-28
-29
-30
-31
-32
-33
-35
-36
-38
-39
-40
-42
-42
-40
-38
-38
-39
-39
-39
-39
-38
-37
-36
-34
-33
-32
-30
-29
-29
-28
-25
-24
-26
-27
-29
-30
-32
-34
-35
-36
-38
-39
-41
-43
-45
-47
-47
-46
-44
-42
-41
-41
-40
-39
-38
-37
-36
-35
-34
-33
-31
-31
-33
-35
-33
-31
-29
-25
-17
-5
8
22
38
53
68
78
80
80
80
80

