52
54
55
55
54
53
52
51
50
49
48
46
45
43
40
38
34
30
27
24
21
18
15
12
9
5
1
-1
-3
-6
-8
-10
-12
-13
-15
-17
-17
-18
-17
-16
-14
-12
-10
-7
-4
-1
1
5
9
13
16
19
22
24
26
26
25
24
23
22
21
19
18
16
15
14
12
10
9
7
4
2
0
-3
-5
-9
-11
-13
-14
-16
-17
-18
-19
-20
-20
-20
-19
-16
-14
-12
-10
-8
-5
-1
1
4
8
11
15
17
19
21
23
23
22
20
19
18
16
14
12
10
9
7
6
4
2
0
-1
-3
-5
-8
-10
-12
-14
-16
-17
-19
-20
-21
-21
-22
-22
-21
-20
-18
-16
-14
-10
-7
-3
0
3
8
11
15
17
18
17
16

