-24.520
-24.940
-24.520
-23.861
-20.983
-14.928
-12.050
-12.710
-11.810
-7.554
-3.777
-3.537
-4.916
-6.894
-8.573
-10.611
-13.909
-19.364
-23.681
-24.640
-26.439
-28.777
-29.856
-29.377
-28.477
-27.158
-25.360
-23.801
-21.942
-20.024
-17.086
-12.350
-9.053
-9.652
-12.710
-14.089
-14.269
-14.448
-14.688
-15.887
-20.264
-25.360
-25.660
-24.221
-24.281
-24.520
-24.101
-23.321
-22.302
-21.763
-21.283
-20.504
-19.484
-17.566
-14.389
-10.012
-7.974
-6.894
-6.535
-7.614
-8.993
-9.532
-10.372
-11.271
-12.230
-12.770
-13.069
-13.130
-12.710
-11.751
-10.911
-10.731
-11.031
-11.331
-11.691
-11.870
-12.410
-12.710
-13.309
-14.029
-14.149
-13.909
-14.029
-14.149
-14.329
-14.688
-15.108
-16.067
-16.487
-16.487
-16.547
-16.547
-16.367
-16.367
-16.307
-16.487
-17.086
-17.086
-16.427
-15.767
-15.528
-15.048
-14.508
-14.329
-14.688
-15.168
-16.727
-15.228
-13.429
-12.950
-12.770
-13.010
-13.429
-14.029
-14.568
-14.868
-15.048
-15.348
-15.648
-15.827
-15.767
-16.067
-16.487
-16.667
-16.667
-16.427
-16.067
-16.127
-16.187
-16.427
-16.787
-16.667
-16.247
-15.887
-15.887
-15.707
-15.108
-14.688
-14.448
-14.089
-14.688
-15.767
-17.026
-19.305
-22.002
-22.722
-22.482
-22.122
-21.942
-21.823
-21.643
-23.921
-29.496
-31.835
-32.194
-31.415
-30.576
-29.736
-27.998
-25.480
-22.002
-17.686
-13.909
-11.031
-9.352
-8.633
-8.693
-9.173
-9.892
-10.552
-11.571
-12.590
-12.830
-12.590
-12.350
-12.350
-12.590
-12.830
-13.729
-15.827
-17.926
-16.487
-15.408
-14.568
-13.609
-12.650
-12.950
-13.609
-14.269
-14.269
-14.089
-14.628
-15.827
-18.585
-20.803
-20.683
-20.444
-20.264
-20.024
-19.904
-19.724
-19.604
-19.484
-19.364
-19.185
-19.065
-18.945
-18.825
-18.705
-18.585
-18.465
-18.465
-18.465
-18.465
-18.405
-18.285
-18.225
-18.166
-18.046
-18.046
-17.986
-17.926
-17.806
-17.686
-17.566
-17.566
-17.566
-17.626
-17.566
-17.506
-17.446
-17.386
-17.266
-17.266
-17.266
-17.206
-17.206
-17.206
-17.146
-17.146
-17.146
-17.146
-17.146
-16.367
-11.931
-10.851
-12.950
-14.568
-17.266
-18.166
-18.225
-20.324
-22.662
-24.161
-25.719
-25.240
-23.981
-23.921
-23.441
-21.823
-18.885
-15.348
-13.849
-12.470
-12.230
-11.331
-9.592
-8.633
-8.333
-8.573
-8.873
-9.712
-11.511
-13.369
-16.127
-20.743
-23.201
-24.700
-25.420
-25.660
-25.060
-24.340
-24.221
-24.041
-23.861
-23.261
-22.362
-21.463
-18.705
-15.408
-13.249
-9.352
-6.894
-5.575
-4.976
-4.616
-5.276
-7.254
-7.434
-8.273
-10.012
-12.050
-15.348
-19.484
-21.463
-22.002
-22.542
-23.501
-24.221
-24.580
-24.401
-24.221
-23.981
-23.561
-23.441
-23.022
-21.883
-18.645
-15.108
-11.810
-10.012
-8.753
-7.734
-7.254
-7.254
-7.494
-8.094
-8.693
-9.952
-10.372
-9.592
-10.492
-12.350
-16.127
-19.724
-19.844
-19.604
-19.484
-19.424
-19.604
-20.144
-20.743
-21.883
-23.201
-24.101
-24.221
-24.161
-24.101
-22.962
-21.643
-20.623
-18.345
-15.048
-11.571
-9.233
-8.933
-9.352
-9.412
-9.233
-9.652
-11.691
-10.731
-10.731
-12.350
-14.209
-17.206
-19.364
-19.424
-19.185
-19.005
-18.825
-18.825
-19.544
-22.122
-23.621
-23.981
-24.101
-23.981
-23.861
-23.981
-22.842
-19.185
-16.667
-13.010
-9.472
-8.393
-8.453
-8.633
-8.933
-9.652
-10.671
-13.669
-16.187
-14.568
-13.729
-14.748
-16.487
-18.405
-19.125
-18.825
-18.705
-18.645
-18.525
-18.465
-18.405
-18.285
-18.225
-18.166
-18.166
-18.046
-17.986
-17.866
-17.806
-17.746
-17.686
-17.686
-17.626
-17.446
-15.348
-13.549
-13.789
-15.168
-16.307
-17.146
-18.046
-18.046
-17.866
-17.866
-17.926
-17.866
-17.806
-17.626
-17.626
-17.626
-17.566
-17.506
-17.446
-17.446
-17.446
-17.446
-17.506
-17.386
-17.206
-17.266
-17.206
-17.026
-15.827
-15.528
-17.146
-17.386
-17.206
-17.206
-17.206
-17.206
-17.146
-17.086
-17.086
-17.086
-17.086
-17.026
-16.966
-17.026
-16.966
-16.966
-16.966
-16.966
-16.966
-16.966
-16.966
-16.966
-16.907
-15.767
-14.029
-15.348
-16.907
-17.266
-17.146
-17.146
-17.326
-20.863
-26.739
-29.077
-31.115
-30.636
-29.377
-30.096
-30.636
-29.017
-27.518
-27.098
-23.981
-19.125
-14.209
-7.494
-1.739
0.300
0.480
0.000
-1.259
-3.357
-3.837
-4.257
-4.736
-5.935
-8.213
-11.571
-17.086
-22.182
-24.161
-25.839
-27.698
-27.998
-27.398
-28.177
-29.077
-28.537
-27.578
-26.259
-24.340
-22.722
-21.763
-20.324
-17.626
-15.528
-13.309
-9.173
-5.575
-3.657
-3.237
-3.237
-3.297
-4.017
-4.916
-6.235
-6.355
-6.535
-7.254
-8.213
-8.873
-9.352
-9.892
-11.691
-16.247
-21.703
-25.300
-25.719
-25.959
-26.199
-25.839
-25.540
-25.060
-24.460
-24.401
-24.520
-24.161
-23.501
-22.362
-19.424
-16.787
-14.329
-9.113
-5.875
-6.535
-6.415
-6.655
-7.794
-8.873
-9.832
-10.671
-11.211
-12.170
-13.609
-14.089
-13.549
-13.010
-13.249
-13.489
-13.729
-15.168
-18.225
-21.163
-23.441
-24.580
-25.000
-25.420
-25.420
-25.300
-25.120
-24.820
-24.221
-23.501
-22.962
-22.062
-20.743
-18.825
-16.367
-11.870
-8.333
-8.213
-6.775
-6.655
-7.734
-8.513
-9.532
-10.731
-11.990
-13.189
-14.568
-16.067
-17.386
-19.065
-19.784
-19.604
-19.424
-19.305
-19.245
-19.125
-18.945
-18.885
-18.765
-18.585
-18.525
-18.405
-18.345
-18.225
-18.166
-18.105
-17.506
-15.887
-16.007
-16.247
-16.787
-16.787
-16.547
-16.067
-15.827
-16.127
-17.506
-18.225
-17.986
-17.926
-17.926
-17.926
-17.866
-17.686
-17.686
-17.686
-17.626
-17.566
-17.566
-17.506
-17.386
-17.326
-17.206
-17.206
-17.206
-17.206
-17.266
-17.206
-17.146
-17.146
-17.086
-17.086
-17.146
-17.146
-16.727
-15.707
-15.767
-16.607
-17.326
-17.206
-17.206
-17.206
-17.146
-17.086
-17.086
-17.026
-17.026
-16.966
-17.026
-16.966
-17.026
-17.026
-17.026
-16.966
-16.907
-16.907
-16.907
-16.966
-16.966
-16.907
-16.907
-16.007
-14.329
-15.168
-16.667
-17.326
-17.146
-17.146
-17.146
-17.026
-17.026
-17.026
-17.086
-17.026
-17.026
-16.966
-16.907
-16.907
-16.907
-16.966
-16.966
-16.907
-16.907
-16.966
-17.026
-16.966
-16.966
-17.026
-16.966
-16.966
-16.966
-16.846
-16.907
-16.907
-16.966
-16.966
-16.907
-16.846
-16.907
-16.846
-16.787
-16.787
-16.787
-16.846
-16.846
-16.846
-16.846
-16.846
-16.787
-16.727
-16.667
-16.607
-16.667
-16.727
-16.727
-16.727
-16.787
-16.727
-16.727
-16.727
-16.787
-16.846
-16.787
-16.727
-16.667
-16.667
-16.727
-16.787
-16.787
-16.727
-16.727
-16.727
-16.727
-16.787
-16.727
-16.727
-16.727
-16.727
-16.727
-16.727
-16.727
-16.846
-16.966
-17.086
-20.024
-26.679
-30.875
-34.413
-37.110
-36.511
-36.151
-36.571
-34.952
-32.194
-31.655
-31.415
-29.197
-22.122
-14.329
-10.192
-5.216
0.719
2.818
2.818
2.698
3.178
1.919
-0.060
-0.480
-0.839
-0.959
-1.798
-4.796
-8.094
-11.211
-19.844
-28.357
-30.036
-32.374
-33.753
-34.532
-32.674
-30.636
-30.276
-29.077
-26.978
-25.240
-22.602
-20.084
-18.405
-15.648
-12.650
-10.791
-9.772
-7.794
-5.336
-3.297
-2.818
-3.177
-3.597
-5.575
-6.715
-5.156
-5.036
-5.336
-5.636
-6.355
-7.374
-7.794
-7.794
-7.734
-7.734
-8.034
-9.772
-11.931
-14.448
-19.185
-22.422
-22.062
-21.703
-21.523
-21.463
-21.223
-20.923
-20.743
-20.564
-20.264
-20.084
-19.904
-19.784
-19.604
-19.364
-18.945
-17.326
-16.187
-15.588
-15.228
-14.868
-12.170
-12.530
-14.508
-16.727
-17.506
-18.166
-19.604
-19.784
-19.484
-19.245
-19.125
-19.125
-19.005
-18.705
-18.585
-18.585
-18.585
-18.465
-18.345
-18.285
-18.225
-18.166
-17.266
-15.767
-15.468
-15.947
-16.487
-17.326
-17.566
-17.206
-17.026
-17.266
-17.326
-17.506
-17.626
-17.686
-17.746
-17.866
-17.806
-17.806
-17.806
-17.746
-17.626
-17.506
-17.446
-17.446
-17.446
-17.386
-17.326
-17.326
-17.386
-17.326
-17.266
-17.206
-17.266
-17.206
-17.146
-17.146
-17.146
-17.146
-17.026
-16.427
-16.727
-17.266
-17.506
-20.204
-25.300
-28.237
-28.297
-27.878
-27.518
-27.158
-26.919
-26.019
-24.520
-22.542
-19.484
-15.408
-12.110
-8.933
-6.715
-5.875
-5.935
-5.935
-6.115
-8.213
-9.173
-6.715
-6.115
-6.295
-6.835
-8.034
-9.832
-12.050
-13.789
-15.108
-16.787
-18.645
-18.945
-18.645
-18.585
-18.525
-18.525
-18.405
-18.345
-18.285
-18.166
-18.105
-18.046
-17.986
-17.926
-17.986
-17.926
-17.806
-17.746
-16.067
-12.710
-12.950
-15.108
-16.067
-16.367
-16.727
-17.086
-17.746
-18.046
-17.986
-17.986
-17.926
-17.866
-17.746
-17.686
-17.626
-17.566
-17.566
-17.506
-17.446
-17.446
-17.386
-17.386
-17.326
-17.206
-16.966
-17.026
-17.146
-17.266
-17.206
-17.206
-17.206
-17.206
-17.206
-17.206
-17.146
-17.146
-17.146
-17.206
-17.146
-17.146
-17.146
-17.146
-17.086
-16.966
-16.966
-17.026
-16.966
-16.966
-16.907
-16.907
-16.966
-16.846
-16.846
-16.846
-16.907
-16.966
-16.907
-16.846
-16.846
-16.846
-16.907
-16.907
-16.907
-16.907
-16.966
-16.966
-16.907
-16.907
-16.846
-16.846
-16.907
-16.846
-16.907
-16.966
-16.907
-16.846
-16.787
-16.846
-16.907
-16.907
-16.907
-16.907
-16.907
-16.907
-16.907
-16.966
-16.907
-16.846
-16.846
-16.907
-16.907
-16.907
-16.846
-16.787
-16.846
-16.787
-16.787
-16.727
-16.727
-16.787
-16.846
-16.787
-16.787
-16.846
-16.787
-16.787
-16.846
-16.846
-16.787
-16.787
-16.846
-16.846
-16.907
-16.846
-16.787
-16.787
-16.787
-16.667
-16.727
-16.846
-16.846
-16.727
-16.727
-16.787
-16.727
-16.727
-16.727
-16.787
-16.846
-16.787
-16.787
-16.787
-16.787
-16.787
-16.846
-16.787
-16.727
-16.787
-16.787
-16.787
-16.727
-16.667
-16.667
-16.667
-16.727
-16.846
-17.026
-18.105
-24.101
-29.436
-29.317
-27.458
-27.218
-25.899
-24.940
-24.401
-23.561
-22.302
-21.103
-20.683
-20.144
-19.005
-16.307
-13.969
-11.870
-6.175
-0.719
0.899
0.779
0.000
-0.420
-0.240
-0.839
-1.379
-2.098
-3.237
-4.856
-6.355
-7.914
-9.053
-10.432
-12.050
-13.309
-17.746
-26.978
-34.053
-36.751
-38.369
-38.190
-36.691
-35.192
-34.293
-32.254
-30.516
-29.377
-27.038
-23.741
-21.823
-18.885
-14.508
-10.252
-6.715
-5.396
-3.897
-2.398
-2.818
-4.017
-4.976
-5.636
-6.835
-7.554
-8.034
-8.873
-9.352
-9.832
-10.432
-10.791
-11.391
-12.110
-12.650
-12.830
-13.189
-13.609
-14.029
-14.688
-15.108
-15.288
-15.408
-17.326
-21.942
-25.899
-28.237
-29.856
-29.976
-29.916
-29.436
-28.957
-29.317
-29.137
-28.777
-29.257
-29.257
-27.698
-23.621
-15.767
-9.352
-7.314
-6.715
-6.535
-6.655
-7.074
-7.554
-8.094
-8.393
-8.813
-9.412
-10.012
-10.372
-10.791
-11.391
-11.990
-12.350
-12.710
-13.130
-13.609
-13.969
-14.329
-14.808
-15.048
-15.048
-15.168
-15.408
-15.887
-17.386
-22.002
-26.379
-28.537
-29.197
-29.257
-29.377
-29.616
-29.197
-28.657
-28.717
-28.777
-28.477
-27.398
-25.899
-23.801
-20.324
-16.607
-11.391
-6.954
-5.755
-5.636
-5.755
-6.055
-6.595
-7.134
-7.854
-8.633
-9.053
-9.592
-10.012
-10.671
-11.391
-11.691
-11.870
-12.230
-12.590
-12.950
-13.309
-14.089
-14.688
-15.168
-15.947
-17.146
-18.645
-20.683
-22.302
-23.201
-25.000
-26.679
-27.278
-27.098
-26.858
-26.739
-26.019
-25.540
-25.480
-25.000
-24.401
-23.981
-23.321
-21.463
-18.885
-16.607
-12.590
-8.693
-7.314
-7.254
-7.794
-8.753
-9.113
-9.113
-9.233
-9.592
-9.892
-10.252
-11.031
-12.110
-12.650
-12.950
-14.868
-16.787
-15.887
-15.288
-14.928
-15.348
-15.767
-16.607
-17.746
-18.585
-19.544
-20.983
-23.621
-25.360
-25.660
-25.779
-25.540
-24.880
-24.520
-24.041
-23.142
-22.962
-22.542
-20.564
-17.626
-14.389
-9.832
-8.453
-9.113
-9.293
-9.472
-11.151
-13.489
-12.770
-12.410
-12.710
-13.429
-13.789
-13.369
-13.489
-13.789
-14.089
-14.568
-16.187
-17.506
-18.585
-19.364
-19.305
-19.424
-19.364
-19.364
-19.544
-19.664
-19.664
-19.604
-19.484
-19.305
-18.645
-17.986
-17.806
-17.326
-16.667
-15.887
-15.228
-14.628
-13.969
-14.389
-15.827
-16.247
-16.367
-16.607
-16.667
-16.787
-16.966
-17.146
-17.446
-17.686
-18.105
-18.166
-18.105
-18.046
-17.986
-17.926
-17.866
-17.806
-17.686
-17.746
-17.746
-17.686
-17.626
-17.566
-17.566
-17.566
-17.446
-17.386
-17.386
-17.386
-17.326
-17.266
-17.206
-17.266
-17.146
-17.086
-17.026
-16.547
-15.707
-15.767
-16.307
-16.607
-17.086
-17.206
-17.146
-17.086
-17.086
-17.086
-17.026
-17.026
-17.086
-17.026
-17.026
-17.026
-16.966
-16.907
-16.907
-16.907
-16.966
-16.966
-16.966
-16.907
-16.966
-16.907
-16.787
-16.846
-16.907
-16.907
-16.907
-16.907
-16.846
-16.846
-16.846
-16.846
-16.846
-16.846
-16.846
-16.846
-17.506
-23.261
-30.636
-32.734
-32.794
-33.154
-31.954
-30.815
-29.796
-29.916
-31.175
-31.115
-29.916
-28.777
-25.899
-20.803
