-8.034
-9.832
-12.050
-13.789
-15.108
-16.787
-18.645
-18.945
-18.645
-18.585
-18.525
-18.525
-18.405
-18.345
-18.285
-18.166
-18.105
-18.046
-17.986
-17.926
-17.986
-17.926
-17.806
-17.746
-16.067
-12.710
-12.950
-15.108
-16.067
-16.367
-16.727
-17.086
-17.746
-18.046
-17.986
-17.986
-17.926
-17.866
-17.746
-17.686
-17.626
-17.566
-17.566
-17.506
-17.446
-17.446
-17.386
-17.386
-17.326
-17.206
-16.966
-17.026
-17.146
-17.266
-17.206
-17.206
-17.206
-17.206
-17.206
-17.206
-17.146
-17.146
-17.146
-17.206
-17.146
-17.146
-17.146
-17.146
-17.086
-16.966
-16.966
-17.026
-16.966
-16.966
-16.907
-16.907
-16.966
-16.846
-16.846
-16.846
-16.907
-16.966
-16.907
-16.846
-16.846
-16.846
-16.907
-16.907
-16.907
-16.907
-16.966
-16.966
-16.907
-16.907
-16.846
-16.846
-16.907
-16.846
-16.907
-16.966
-16.907
-16.846
-16.787
-16.846
-16.907
-16.907
-16.907
-16.907
-16.907
-16.907
-16.907
-16.966
-16.907
-16.846
-16.846
-16.907
-16.907
-16.907
-16.846
-16.787
-16.846
-16.787
-16.787
-16.727
-16.727
-16.787
-16.846
-16.787
-16.787
-16.846
-16.787
-16.787
-16.846
-16.846
-16.787
-16.787
-16.846
-16.846
-16.907
-16.846
-16.787
-16.787
-16.787
-16.667
-16.727
-16.846
-16.846
-16.727
-16.727
-16.787
-16.727
-16.727
-16.727
-16.787
-16.846
-16.787
-16.787
-16.787
-16.787
-16.787
-16.846
-16.787
-16.727
-16.787
-16.787
-16.787
-16.727
-16.667
-16.667
-16.667
-16.727
-16.846
-17.026
-18.105
-24.101
-29.436
-29.317
-27.458
-27.218
-25.899
-24.940
-24.401
-23.561
-22.302
-21.103
-20.683
-20.144
-19.005
-16.307
-13.969
-11.870
-6.175
-0.719
0.899
0.779
0.000
-0.420
-0.240
-0.839
-1.379
-2.098
-3.237
-4.856
-6.355
-7.914
-9.053
-10.432
-12.050
-13.309
-17.746
-26.978
-34.053
-36.751
-38.369
-38.190
-36.691
-35.192
-34.293
-32.254
-30.516
-29.377
-27.038
-23.741
-21.823
-18.885
-14.508
-10.252
-6.715
-5.396
-3.897
-2.398
-2.818
-4.017
-4.976
-5.636
-6.835
-7.554
-8.034
-8.873
-9.352
-9.832
-10.432
-10.791
-11.391
-12.110
-12.650
-12.830
-13.189
-13.609
-14.029
-14.688
-15.108
-15.288
-15.408
-17.326
-21.942
-25.899
-28.237
-29.856
-29.976
-29.916
-29.436
-28.957
-29.317
-29.137
-28.777
-29.257
-29.257
-27.698
-23.621
-15.767
-9.352
-7.314
-6.715
-6.535
-6.655
-7.074
-7.554
-8.094
-8.393
-8.813
-9.412
-10.012
-10.372
-10.791
-11.391
-11.990
-12.350
-12.710
-13.130
-13.609
-13.969
-14.329
-14.808
-15.048
-15.048
-15.168
-15.408
-15.887
-17.386
-22.002
-26.379
-28.537
-29.197
-29.257
-29.377
-29.616
-29.197
-28.657
-28.717
-28.777
-28.477
-27.398
-25.899
-23.801
-20.324
-16.607
-11.391
-6.954
-5.755
-5.636
-5.755
-6.055
-6.595
-7.134
-7.854
-8.633
-9.053
-9.592
-10.012
-10.671
-11.391
-11.691
-11.870
-12.230
-12.590
-12.950
-13.309
-14.089
-14.688
-15.168
-15.947
-17.146
-18.645
-20.683
-22.302
-23.201
-25.000
-26.679
-27.278
-27.098
-26.858
-26.739
-26.019
-25.540
-25.480
-25.000
-24.401
-23.981
-23.321
-21.463
-18.885
-16.607
-12.590
-8.693
-7.314
-7.254
-7.794
-8.753
-9.113
-9.113
-9.233
-9.592
-9.892
-10.252
-11.031
-12.110
-12.650
-12.950
-14.868
-16.787
-15.887
-15.288
-14.928
-15.348
-15.767
-16.607
-17.746
-18.585
-19.544
-20.983
-23.621
-25.360
-25.660
-25.779
-25.540
-24.880
-24.520
-24.041
-23.142
-22.962
-22.542
-20.564
-17.626
-14.389
-9.832
-8.453
-9.113
-9.293
-9.472
-11.151
-13.489
-12.770
-12.410
-12.710
-13.429
-13.789
-13.369
-13.489
-13.789
-14.089
-14.568
-16.187
-17.506
-18.585
-19.364
-19.305
-19.424
-19.364
-19.364
-19.544
-19.664
-19.664
-19.604
-19.484
-19.305
-18.645
-17.986
-17.806
-17.326
-16.667
-15.887
-15.228
-14.628
-13.969
-14.389
-15.827
-16.247
-16.367
-16.607
-16.667
-16.787
-16.966
-17.146
-17.446
-17.686
-18.105
-18.166
-18.105
-18.046
-17.986
-17.926
-17.866
-17.806
-17.686
-17.746
-17.746
-17.686
-17.626
-17.566
-17.566
-17.566
-17.446
-17.386
-17.386
-17.386
-17.326
-17.266
-17.206
-17.266
-17.146
-17.086
-17.026
-16.547
-15.707
-15.767
-16.307
-16.607
-17.086
-17.206
-17.146
-17.086
-17.086
-17.086
-17.026
-17.026
-17.086
-17.026
-17.026
-17.026
-16.966
-16.907
-16.907
-16.907
-16.966
-16.966
-16.966
-16.907
-16.966
-16.907
-16.787
-16.846
-16.907
-16.907
-16.907
-16.907
-16.846
-16.846
-16.846
-16.846
-16.846
-16.846
-16.846
-16.846
-17.506
-23.261
-30.636
-32.734
-32.794
-33.154
-31.954
-30.815
-29.796
-29.916
-31.175
-31.115
-29.916
-28.777
-25.899
-20.803
-15.468
-11.451
-6.235
-0.779
0.540
0.839
-0.120
-1.379
-1.978
-2.578
-3.177
-3.537
-3.357
-2.758
-3.897
-5.336
-6.595
-7.554
-8.453
-9.113
-9.412
-9.952
-10.671
-11.571
-13.130
-15.168
-17.266
-19.964
-20.803
-20.504
-20.204
-20.024
-19.844
-19.664
-19.544
-19.424
-19.364
-19.305
-19.185
-19.005
-18.825
-18.765
-18.525
-18.345
-17.626
-16.067
-16.247
-16.487
-14.628
-14.568
-15.588
-16.187
-17.506
-18.765
-18.705
-18.405
-18.345
-18.225
-18.105
-18.105
-18.046
-17.986
-17.926
-17.806
-17.746
-17.686
-17.626
-17.626
-17.566
-17.746
-17.326
-16.007
-15.707
-15.048
-15.228
-16.607
-19.604
-23.981
-28.237
-30.695
-30.815
-31.235
-31.954
-31.055
-29.736
-28.957
-26.739
-23.261
-19.664
-15.348
-9.592
-5.036
-3.417
-3.417
-4.316
-5.036
-5.575
-6.055
-6.775
-7.434
-7.974
-8.993
-10.252
-10.552
-10.132
-10.012
-10.252
-10.252
-10.372
-10.971
-11.990
-12.590
-13.069
-13.909
-14.868
-15.707
-16.846
-18.285
-18.705
-18.825
-19.305
-19.964
-20.024
-19.964
-19.844
-19.664
-19.484
-19.364
-19.245
-19.065
-18.885
-18.825
-18.645
-18.525
-18.465
-18.405
-18.285
-18.285
-18.166
-17.326
-15.648
-15.168
-16.127
-17.566
-17.326
-17.086
-17.626
-18.225
-18.285
-18.166
-18.046
-18.046
-17.986
-17.866
-17.806
-17.686
-17.566
-17.686
-17.626
-17.566
-17.506
-17.086
-16.067
-16.367
-16.307
-16.307
-16.487
-16.607
-16.547
-16.846
-17.266
-17.506
-17.506
-17.506
-17.446
-17.446
-17.386
-17.206
-17.206
-17.206
-17.206
-17.206
-17.206
-17.206
-17.146
-17.146
-17.146
-17.206
-17.146
-17.086
-17.146
-17.206
-17.086
-17.086
-17.086
-17.026
-16.966
-16.966
-16.907
-16.907
-16.907
-16.966
-17.026
-17.026
-16.966
-16.907
-16.907
-16.787
-16.846
-16.907
-16.907
-16.907
-16.966
-16.907
-16.846
-16.846
-16.846
-16.846
-16.966
-16.907
-16.907
-16.907
-16.907
-16.907
-16.907
-16.846
-16.846
-16.846
-16.787
-16.787
-16.907
-16.907
-16.846
-16.787
-16.787
-16.727
-16.727
-16.727
-16.727
-16.727
-16.727
-16.727
-16.727
-16.787
-17.326
-19.964
-22.722
-23.621
-24.041
-22.482
-20.504
-19.424
-16.907
-15.168
-14.688
-14.389
-12.530
-10.492
-9.712
-11.571
-12.410
-12.470
-14.209
-15.288
-15.707
-16.187
-16.607
-17.026
-16.966
-16.966
-17.026
-16.966
-16.907
-16.907
-16.907
-16.907
-16.846
-16.846
-16.846
-16.907
-16.846
-16.846
-16.907
-16.846
-16.907
-17.026
-16.907
-16.846
-16.846
-16.907
-16.907
-16.846
-16.846
-16.846
-16.846
-16.907
-16.907
-16.846
-16.907
-16.907
-16.846
-16.787
-16.727
-16.787
-16.787
-16.846
-16.787
-16.787
-16.787
-16.727
-16.727
-16.787
-16.787
-16.787
-16.787
-16.787
-16.727
-16.727
-16.787
-16.846
-16.787
-16.846
-16.787
-16.727
-16.727
-16.727
-16.727
-16.846
-16.846
-16.787
-16.787
-16.787
-16.846
-16.787
-16.787
-16.787
-16.787
-16.787
-16.727
-16.787
-16.787
-16.727
-16.727
-16.846
-16.846
-16.907
-16.907
-16.907
-16.907
-16.907
-17.086
-19.185
-26.559
-34.233
-38.249
-39.449
-38.549
-38.070
-38.130
-37.890
-37.350
-38.130
-39.389
-40.947
-41.547
-39.389
-33.094
-26.439
-20.024
-14.389
-6.355
2.578
10.612
11.870
10.911
9.293
7.974
6.475
3.657
0.600
0.000
-0.420
-0.600
-0.959
-2.038
-3.657
-4.856
-5.695
-6.775
-8.094
-9.173
-9.412
-9.652
-11.151
-12.950
-14.808
-18.825
-25.959
-28.957
-30.516
-31.295
-31.055
-31.355
-31.175
-30.815
-31.595
-31.175
-28.777
-25.480
-22.122
-18.945
-16.307
-13.549
-7.734
-2.458
-1.319
-2.218
-3.597
-3.597
-4.676
-5.156
-5.276
-5.516
-6.355
-7.794
-9.113
-10.552
-11.571
-12.470
-13.729
-15.048
-16.067
-17.086
-18.345
-19.065
-19.604
-20.504
-20.743
-20.564
-20.324
-20.144
-20.024
-19.904
-19.784
-19.604
-19.424
-19.245
-19.125
-19.005
-19.005
-18.885
-18.825
-18.645
-18.525
-18.465
-18.405
-18.285
-18.225
-18.105
-17.986
-17.926
-17.926
-17.866
-17.746
-17.746
-17.746
-17.746
-17.686
-17.626
-17.626
-17.566
-17.506
-17.446
-17.386
-17.326
-17.266
-17.266
-17.206
-17.206
-17.326
-17.266
-17.206
-17.206
-17.206
-17.146
-17.086
-17.146
-17.086
-17.026
-17.026
-17.026
-17.026
-17.026
-17.026
-17.026
-17.026
-16.966
-16.907
-16.907
-16.966
-16.966
-16.966
-17.026
-17.086
-16.966
-16.846
-16.787
-16.787
-16.787
-16.846
-16.787
-16.787
-16.727
-16.727
-16.727
-16.667
-16.667
-16.727
-16.727
-16.727
-16.787
-16.846
-16.907
-16.846
-16.846
-16.787
-16.846
-16.907
-16.787
-16.787
-16.846
-16.787
-16.846
-16.846
-16.846
-16.846
-16.787
-16.727
-16.667
-16.667
-16.667
-16.667
-16.727
-16.787
-16.787
-16.846
-16.846
-16.727
-16.727
-16.727
-16.667
-16.727
-16.727
-16.727
-16.787
-16.787
-16.727
-16.727
-16.787
-16.846
-16.846
-16.787
-16.787
-16.787
-16.787
-16.787
-16.787
-16.787
-16.727
-16.727
-16.787
-16.787
-16.787
-16.846
-16.846
-16.846
-16.846
-16.907
-16.846
-16.846
-16.787
-16.787
-16.787
-16.787
-16.787
-16.727
-16.727
-16.667
-16.667
-16.727
-16.727
-16.667
-16.727
-16.787
-16.787
-16.667
-16.667
-16.667
-16.667
-16.727
-16.787
-16.727
-16.667
-16.727
-16.787
-16.846
-16.787
-16.787
-16.846
-16.787
-16.787
-16.846
-16.846
-16.727
-16.727
-16.727
-16.727
-16.727
-16.787
-16.846
-16.846
-16.907
-16.907
-16.846
-16.846
-16.846
-16.787
-16.727
-16.727
-16.667
-16.667
-16.727
-16.787
-16.787
-16.727
-16.727
-16.787
-16.846
-16.846
-16.727
-16.667
-16.787
-16.846
-16.727
-16.667
-16.667
-16.727
-16.727
-16.727
-16.727
-16.727
-16.727
-16.787
-16.787
-16.787
-16.727
-16.787
-16.787
-16.727
-16.727
-16.787
-16.787
-16.907
-17.326
-22.302
-29.377
-31.835
-36.151
-38.969
-39.868
-38.309
-36.631
-35.672
-34.113
-31.235
-26.439
-18.885
-10.911
-6.415
-4.436
-0.480
2.398
3.537
3.657
3.417
3.178
2.098
0.300
-1.918
-4.137
-6.115
-9.173
-12.530
-16.547
-25.360
-32.194
-35.012
-37.110
-34.293
-32.854
-32.314
-31.775
-30.516
-28.297
-26.199
-23.741
-21.163
-18.585
-15.588
-11.631
-7.314
-3.118
-1.798
-1.379
-1.139
-1.379
-2.098
-3.297
-4.017
-4.316
-4.137
-4.316
-4.856
-5.755
-7.074
-8.094
-8.933
-9.892
-10.971
-11.931
-12.950
-15.468
-20.024
-22.302
-22.662
-22.062
-21.583
-21.403
-21.043
-20.504
-20.204
-19.904
-19.724
-19.544
-19.424
-19.005
-16.427
-13.789
-13.669
-15.887
-18.645
-18.765
-17.926
-17.686
-18.225
-18.285
-18.285
-18.405
-18.405
-18.405
-18.345
-18.285
-18.285
-18.285
-18.166
-18.046
-18.046
-18.046
-17.986
-17.806
-17.806
-17.746
-17.626
-17.626
-17.686
-17.626
-17.506
-17.446
-17.506
-17.446
-17.446
-17.386
-17.326
-17.266
-17.266
-16.607
-16.607
-16.547
-16.607
-16.607
-16.787
-16.846
-16.787
-16.607
-16.547
-16.787
-17.086
-17.206
-16.966
-16.907
-17.206
-17.146
-17.146
-17.146
-17.086
-17.026
-17.026
-17.026
-17.146
-17.266
-17.266
-17.026
-16.966
-16.966
-16.607
-15.528
-15.827
-16.127
-16.367
-16.547
-16.607
-16.547
-16.607
-16.727
-16.907
-17.206
-17.146
-17.026
-17.086
-17.086
-17.026
-17.086
-17.146
-17.026
-16.966
-17.026
-17.086
-17.086
-17.086
-17.146
-17.026
-16.907
-16.846
-16.846
-16.787
-16.787
-16.846
-16.907
-16.907
-16.966
-16.966
-16.907
-16.907
-16.787
-16.727
-16.787
-16.846
-16.846
-16.846
-16.846
-16.846
-16.846
-16.907
-16.907
-16.907
-16.907
-16.846
-16.787
-16.846
-16.846
-16.846
-16.907
-16.966
-16.907
-16.846
-16.787
-16.846
-16.846
-16.846
-16.846
-16.787
-16.846
-16.787
-16.846
-16.907
-16.907
-16.846
-16.846
-16.846
-16.846
-16.846
-16.787
-16.727
-16.727
-16.727
-16.727
-16.667
-16.667
-16.667
-16.667
-16.667
-16.667
-16.727
-16.727
-16.727
-16.667
-16.667
-16.787
-16.787
-16.846
-16.907
-16.907
-16.787
-16.787
-16.787
-16.787
-16.846
-16.846
-16.787
-16.787
-16.787
-16.727
-16.787
-16.787
-16.727
-16.787
-16.787
-16.727
-16.667
-16.667
-16.667
-16.667
-16.727
-16.727
-16.727
-16.787
-16.727
-16.846
-16.846
-16.787
-16.727
-16.727
-16.727
-16.727
-16.787
-16.846
-16.846
-16.787
-16.846
-16.787
-16.787
-16.846
-16.907
-16.907
-16.907
-17.146
-17.386
-17.026
-16.966
-18.645
