-14.389
-6.355
2.578
10.612
11.870
10.911
9.293
7.974
6.475
3.657
0.600
0.000
-0.420
-0.600
-0.959
-2.038
-3.657
-4.856
-5.695
-6.775
-8.094
-9.173
-9.412
-9.652
-11.151
-12.950
-14.808
-18.825
-25.959
-28.957
-30.516
-31.295
-31.055
-31.355
-31.175
-30.815
-31.595
-31.175
-28.777
-25.480
-22.122
-18.945
-16.307
-13.549
-7.734
-2.458
-1.319
-2.218
-3.597
-3.597
-4.676
-5.156
-5.276
-5.516
-6.355
-7.794
-9.113
-10.552
-11.571
-12.470
-13.729
-15.048
-16.067
-17.086
-18.345
-19.065
-19.604
-20.504
-20.743
-20.564
-20.324
-20.144
-20.024
-19.904
-19.784
-19.604
-19.424
-19.245
-19.125
-19.005
-19.005
-18.885
-18.825
-18.645
-18.525
-18.465
-18.405
-18.285
-18.225
-18.105
-17.986
-17.926
-17.926
-17.866
-17.746
-17.746
-17.746
-17.746
-17.686
-17.626
-17.626
-17.566
-17.506
-17.446
-17.386
-17.326
-17.266
-17.266
-17.206
-17.206
-17.326
-17.266
-17.206
-17.206
-17.206
-17.146
-17.086
-17.146
-17.086
-17.026
-17.026
-17.026
-17.026
-17.026
-17.026
-17.026
-17.026
-16.966
-16.907
-16.907
-16.966
-16.966
-16.966
-17.026
-17.086
-16.966
-16.846
-16.787
-16.787
-16.787
-16.846
-16.787
-16.787
-16.727
-16.727
-16.727
-16.667
-16.667
-16.727
-16.727
-16.727
-16.787
-16.846
-16.907
-16.846
-16.846
-16.787
-16.846
-16.907
-16.787
-16.787
-16.846
-16.787
-16.846
-16.846
-16.846
-16.846
-16.787
-16.727
-16.667
-16.667
-16.667
-16.667
-16.727
-16.787
-16.787
-16.846
-16.846
-16.727
-16.727
-16.727
-16.667
-16.727
-16.727
-16.727
-16.787
-16.787
-16.727
-16.727
-16.787
-16.846
-16.846
-16.787
-16.787
-16.787
-16.787
-16.787
-16.787
-16.787
-16.727
-16.727
-16.787
-16.787
-16.787
-16.846
-16.846
-16.846
-16.846
-16.907
-16.846
-16.846
-16.787
-16.787
-16.787
-16.787
-16.787
-16.727
-16.727
-16.667
-16.667
-16.727
-16.727
-16.667
-16.727
-16.787
-16.787
-16.667
-16.667
-16.667
-16.667
-16.727
-16.787
-16.727
-16.667
-16.727
-16.787
-16.846
-16.787
-16.787
-16.846
-16.787
-16.787
-16.846
-16.846
-16.727
-16.727
-16.727
-16.727
-16.727
-16.787
-16.846
-16.846
-16.907
-16.907
-16.846
-16.846
-16.846
-16.787
-16.727
-16.727
-16.667
-16.667
-16.727
-16.787
-16.787
-16.727
-16.727
-16.787
-16.846
-16.846
-16.727
-16.667
-16.787
-16.846
-16.727
-16.667
-16.667
-16.727
-16.727
-16.727
-16.727
-16.727
-16.727
-16.787
-16.787
-16.787
-16.727
-16.787
-16.787
-16.727
-16.727
-16.787
-16.787
-16.907
-17.326
-22.302
-29.377
-31.835
-36.151
-38.969
-39.868
-38.309
-36.631
-35.672
-34.113
-31.235
-26.439
-18.885
-10.911
-6.415
-4.436
-0.480
2.398
3.537
3.657
3.417
3.178
2.098
0.300
-1.918
-4.137
-6.115
-9.173
-12.530
-16.547
-25.360
-32.194
-35.012
-37.110
-34.293
-32.854
-32.314
-31.775
-30.516
-28.297
-26.199
-23.741
-21.163
-18.585
-15.588
-11.631
-7.314
-3.118
-1.798
-1.379
-1.139
-1.379
-2.098
-3.297
-4.017
-4.316
-4.137
-4.316
-4.856
-5.755
-7.074
-8.094
-8.933
-9.892
-10.971
-11.931
-12.950
-15.468
-20.024
-22.302
-22.662
-22.062
-21.583
-21.403
-21.043
-20.504
-20.204
-19.904
-19.724
-19.544
-19.424
-19.005
-16.427
-13.789
-13.669
-15.887
-18.645
-18.765
-17.926
-17.686
-18.225
-18.285
-18.285
-18.405
-18.405
-18.405
-18.345
-18.285
-18.285
-18.285
-18.166
-18.046
-18.046
-18.046
-17.986
-17.806
-17.806
-17.746
-17.626
-17.626
-17.686
-17.626
-17.506
-17.446
-17.506
-17.446
-17.446
-17.386
-17.326
-17.266
-17.266
-16.607
-16.607
-16.547
-16.607
-16.607
-16.787
-16.846
-16.787
-16.607
-16.547
-16.787
-17.086
-17.206
-16.966
-16.907
-17.206
-17.146
-17.146
-17.146
-17.086
-17.026
-17.026
-17.026
-17.146
-17.266
-17.266
-17.026
-16.966
-16.966
-16.607
-15.528
-15.827
-16.127
-16.367
-16.547
-16.607
-16.547
-16.607
-16.727
-16.907
-17.206
-17.146
-17.026
-17.086
-17.086
-17.026
-17.086
-17.146
-17.026
-16.966
-17.026
-17.086
-17.086
-17.086
-17.146
-17.026
-16.907
-16.846
-16.846
-16.787
-16.787
-16.846
-16.907
-16.907
-16.966
-16.966
-16.907
-16.907
-16.787
-16.727
-16.787
-16.846
-16.846
-16.846
-16.846
-16.846
-16.846
-16.907
-16.907
-16.907
-16.907
-16.846
-16.787
-16.846
-16.846
-16.846
-16.907
-16.966
-16.907
-16.846
-16.787
-16.846
-16.846
-16.846
-16.846
-16.787
-16.846
-16.787
-16.846
-16.907
-16.907
-16.846
-16.846
-16.846
-16.846
-16.846
-16.787
-16.727
-16.727
-16.727
-16.727
-16.667
-16.667
-16.667
-16.667
-16.667
-16.667
-16.727
-16.727
-16.727
-16.667
-16.667
-16.787
-16.787
-16.846
-16.907
-16.907
-16.787
-16.787
-16.787
-16.787
-16.846
-16.846
-16.787
-16.787
-16.787
-16.727
-16.787
-16.787
-16.727
-16.787
-16.787
-16.727
-16.667
-16.667
-16.667
-16.667
-16.727
-16.727
-16.727
-16.787
-16.727
-16.846
-16.846
-16.787
-16.727
-16.727
-16.727
-16.727
-16.787
-16.846
-16.846
-16.787
-16.846
-16.787
-16.787
-16.846
-16.907
-16.907
-16.907
-17.146
-17.386
-17.026
-16.966
-18.645
-22.722
-27.638
-33.753
-40.288
-42.926
-41.607
-39.808
-38.429
-35.791
-31.775
-24.401
-12.590
-5.456
0.360
3.717
4.676
4.616
4.077
4.137
3.777
-0.420
-5.156
-7.614
-13.309
-22.902
-25.300
-29.856
-33.513
-35.731
-37.590
-37.710
-35.911
-34.053
-31.655
-28.177
-23.921
-16.487
-8.393
-6.115
-2.878
1.079
1.978
1.919
1.739
1.499
0.959
-0.719
-1.798
-1.978
-2.518
-4.736
-7.914
-10.312
-12.230
-13.909
-15.108
-17.746
-21.103
-20.743
-19.904
-19.844
-19.784
-19.664
-19.544
-19.305
-19.125
-19.005
-18.945
-18.825
-18.705
-18.585
-18.345
-18.046
-17.266
-15.707
-15.947
-17.866
-17.086
-16.487
-17.026
-17.806
-17.866
-17.986
-18.105
-18.105
-18.105
-18.105
-18.046
-17.986
-17.926
-17.866
-17.746
-17.686
-17.626
-17.566
-17.566
-17.626
-17.506
-17.446
-17.326
-17.266
-17.266
-17.206
-17.206
-17.266
-17.206
-16.727
-16.127
-16.007
-16.187
-16.247
-16.127
-16.367
-16.607
-16.787
-16.846
-16.907
-16.846
-16.907
-17.146
-17.446
-17.566
-17.326
-17.326
-17.266
-17.266
-17.146
-17.146
-17.146
-17.086
-17.146
-17.146
-17.146
-17.146
-17.146
-17.146
-17.146
-17.086
-17.026
-17.026
-16.966
-16.247
-15.707
-16.307
-16.547
-16.547
-16.547
-16.547
-16.607
-16.727
-16.787
-16.787
-16.846
-16.846
-16.907
-16.907
-17.026
-17.086
-17.026
-16.966
-16.966
-16.966
-16.907
-16.907
-16.907
-16.907
-16.907
-16.907
-16.907
-16.846
-16.846
-16.907
-16.907
-16.907
-16.907
-16.846
-16.907
-16.907
-16.846
-16.907
-16.907
-16.907
-16.846
-16.846
-16.787
-16.727
-16.727
-16.787
-16.787
-16.787
-16.846
-16.846
-16.846
-16.787
-16.787
-16.787
-16.727
-16.787
-16.846
-16.846
-16.846
-16.846
-16.787
-16.787
-16.846
-16.907
-16.846
-16.846
-16.787
-16.787
-16.846
-16.907
-16.907
-16.846
-16.787
-16.787
-16.787
-16.787
-16.787
-16.787
-16.846
-16.846
-16.907
-16.907
-16.846
-16.787
-16.787
-16.846
-16.846
-16.907
-16.907
-16.846
-16.787
-16.787
-16.787
-16.787
-16.787
-16.846
-16.787
-16.727
-16.727
-16.727
-16.787
-16.846
-16.787
-16.787
-16.846
-16.787
-16.727
-16.727
-16.727
-16.727
-16.727
-16.787
-16.727
-16.727
-16.727
-16.727
-16.667
-16.727
-16.667
-16.667
-16.727
-16.727
-16.727
-16.727
-16.787
-16.727
-16.727
-16.727
-16.727
-16.727
-16.727
-16.787
-16.727
-16.787
-16.787
-16.787
-16.787
-16.907
-17.086
-17.026
-17.086
-18.645
-20.803
-22.002
-28.717
-37.950
-41.367
-42.026
-43.525
-44.245
-40.408
-35.432
-32.314
-28.717
-18.285
-6.055
4.377
7.254
6.655
6.235
6.115
5.696
4.197
1.019
-0.899
-2.578
-5.276
-8.034
-13.729
-29.436
-39.329
-41.187
-39.209
-37.770
-35.012
-31.475
-30.096
-29.077
-27.638
-27.158
-25.420
-19.724
-11.870
-8.513
-5.875
-1.199
1.139
1.259
0.540
-0.300
-1.978
-3.957
-4.436
-3.597
-4.137
-4.616
-4.976
-5.276
-5.456
-5.516
-5.815
-6.355
-7.494
-9.472
-11.091
-12.770
-14.508
-15.588
-16.427
-18.225
-20.923
-22.002
-21.523
-21.163
-21.043
-20.803
-20.623
-20.384
-20.264
-20.024
-19.844
-19.724
-19.604
-19.484
-19.364
-19.185
-19.065
-18.765
-17.086
-15.947
-17.866
-18.645
-18.225
-17.206
-16.846
-16.846
-17.206
-17.626
-18.046
-18.105
-18.405
-18.465
-18.345
-18.285
-18.225
-18.166
-18.166
-18.105
-17.986
-17.926
-17.866
-17.746
-17.806
-17.686
-17.086
-16.067
-16.067
-16.247
-16.547
-16.727
-16.846
-16.727
-16.787
-16.846
-16.907
-17.026
-17.086
-17.086
-17.386
-17.626
-17.506
-17.506
-17.446
-17.326
-17.326
-17.266
-17.266
-17.206
-17.146
-17.146
-17.146
-17.146
-17.086
-17.086
-17.086
-17.026
-17.026
-17.026
-17.026
-17.026
-17.026
-17.026
-16.907
-16.307
-16.547
-16.966
-17.086
-17.086
-17.086
-17.086
-17.026
-17.026
-16.966
-16.966
-16.966
-16.966
-16.907
-16.907
-16.907
-16.907
-16.846
-16.787
-16.907
-16.846
-16.846
-16.846
-16.907
-16.907
-16.966
-16.907
-16.907
-16.846
-16.846
-16.846
-16.547
-16.067
-16.427
-16.667
-16.907
-16.907
-16.846
-16.846
-16.846
-16.846
-16.907
-16.846
-16.846
-16.907
-16.907
-16.846
-16.846
-16.846
-16.846
-16.787
-16.787
-16.727
-16.727
-16.727
-16.787
-16.846
-16.846
-16.787
-16.787
-16.787
-16.727
-16.727
-16.727
-16.787
-16.846
-16.907
-16.966
-16.966
-16.907
-16.907
-16.846
-16.846
-16.787
-16.846
-16.846
-16.907
-16.846
-16.846
-16.846
-16.846
-16.846
-16.787
-16.846
-16.846
-16.846
-16.846
-16.787
-16.727
-16.727
-16.787
-16.846
-16.787
-16.787
-16.846
-16.787
-16.787
-16.846
-16.846
-16.787
-16.727
-16.787
-16.787
-16.727
-16.787
-16.846
-16.846
-16.846
-16.787
-16.787
-16.727
-16.727
-16.787
-16.787
-16.846
-16.907
-16.907
-17.746
-21.763
-25.719
-29.796
-34.113
-36.511
-37.350
-37.470
-38.010
-37.890
-37.950
-36.811
-33.453
-30.096
-24.880
-15.528
-5.755
4.257
7.254
7.014
6.715
6.415
5.815
4.436
2.458
0.300
-1.139
-3.357
-7.434
-9.173
-16.787
-30.695
-36.391
-38.070
-35.971
-35.611
-34.892
-32.614
-31.415
-30.336
-27.998
-25.540
-22.482
-16.427
-11.990
-10.252
-7.854
-3.177
-0.240
-0.240
-0.539
-0.839
-1.439
-1.978
-2.338
-3.657
-5.695
-6.715
-5.875
-6.115
-5.995
-6.175
-6.894
-7.734
-9.113
-11.631
-13.729
-15.168
-16.787
-18.345
-19.664
-21.163
-21.223
-20.923
-20.803
-20.623
-20.384
-20.264
-20.084
-19.904
-19.784
-19.544
-19.364
-19.305
-19.185
-19.065
-18.945
-18.765
-18.525
-17.866
-17.446
-17.146
-16.667
-16.667
-17.326
-16.846
-16.307
-16.367
-16.727
-16.907
-17.206
-17.386
-17.506
-17.746
-17.866
-17.806
-17.806
-17.806
-17.986
-18.166
-18.166
-18.046
-17.986
-17.866
-17.866
-17.746
-17.686
-17.626
-17.506
-17.446
-17.386
-17.446
-17.386
-17.326
-17.266
-17.206
-17.206
-17.266
-17.266
-17.206
-17.206
-17.206
-17.206
-17.146
-17.086
-17.086
-17.086
-17.026
-17.026
-17.026
-17.026
-17.086
-17.086
-17.086
-16.966
-16.966
-16.907
-16.907
-16.907
-16.966
-16.966
-16.966
-16.966
-16.966
-16.907
-16.846
-16.846
-16.907
-16.966
-16.907
-16.907
-16.907
-16.907
-16.907
-16.846
-16.787
-16.787
-16.846
-16.846
-16.787
-16.846
-16.846
-16.966
-16.907
-16.846
-16.846
-16.907
-16.966
-16.966
-16.907
-16.907
-16.907
-16.846
-16.907
-16.846
-16.846
-16.846
-16.846
-16.846
-16.846
-16.787
-16.787
-16.846
-16.787
-16.727
-16.727
-16.727
-16.727
-16.727
-16.667
-16.667
-16.727
-16.727
-16.667
-16.667
-16.787
-16.846
-16.727
-16.727
-16.787
-16.846
-16.787
-16.787
-16.846
-16.846
-16.787
-16.846
-16.787
-16.787
-16.787
-16.787
-16.846
-16.907
-16.846
-16.727
-16.727
-16.727
-16.727
-16.727
-16.787
-16.907
-16.846
-16.787
-16.727
-16.727
-16.846
-16.846
-16.787
-16.787
-16.787
-16.787
-16.787
-16.787
-16.787
-16.846
-16.846
-16.846
-16.787
-16.727
-16.667
-16.667
-16.727
-16.787
-16.727
-16.667
-16.727
-16.727
-16.667
-16.727
-16.727
-16.667
-16.667
-16.787
-16.787
-16.727
-16.667
-16.727
-16.787
-16.727
-16.787
-16.907
-16.846
-16.787
-16.727
-16.727
-16.727
-16.787
-16.846
-16.787
-16.846
-18.405
-28.597
-42.566
-47.302
-46.043
-45.983
-45.084
-43.585
-42.506
-40.108
-36.211
-30.576
-26.139
-22.002
-16.607
-10.671
-5.456
0.120
7.194
8.933
8.333
7.854
7.074
5.995
4.796
3.777
1.859
0.600
0.120
-0.839
-5.695
-8.573
-10.072
-12.050
-14.928
-21.763
-27.458
-26.199
-27.758
-29.436
-32.254
-34.053
-34.472
-34.053
-32.374
-28.897
-23.861
-18.166
-13.609
-8.813
-5.456
-3.717
-4.316
-4.916
-2.758
-1.918
-2.338
-3.237
-3.837
-5.096
-6.775
-8.453
-10.192
-12.350
-14.329
-15.468
-16.007
-16.727
-17.746
-18.166
-18.525
-18.645
-18.585
-18.825
-19.904
-20.324
-19.844
