-16.667
-16.727
-16.727
-16.667
-16.667
-16.787
-16.787
-16.727
-16.667
-16.727
-16.787
-16.727
-16.787
-16.907
-16.846
-16.787
-16.727
-16.727
-16.727
-16.787
-16.846
-16.787
-16.846
-18.405
-28.597
-42.566
-47.302
-46.043
-45.983
-45.084
-43.585
-42.506
-40.108
-36.211
-30.576
-26.139
-22.002
-16.607
-10.671
-5.456
0.120
7.194
8.933
8.333
7.854
7.074
5.995
4.796
3.777
1.859
0.600
0.120
-0.839
-5.695
-8.573
-10.072
-12.050
-14.928
-21.763
-27.458
-26.199
-27.758
-29.436
-32.254
-34.053
-34.472
-34.053
-32.374
-28.897
-23.861
-18.166
-13.609
-8.813
-5.456
-3.717
-4.316
-4.916
-2.758
-1.918
-2.338
-3.237
-3.837
-5.096
-6.775
-8.453
-10.192
-12.350
-14.329
-15.468
-16.007
-16.727
-17.746
-18.166
-18.525
-18.645
-18.585
-18.825
-19.904
-20.324
-19.844
-19.664
-19.664
-19.604
-19.424
-19.305
-19.185
-19.125
-19.005
-18.825
-18.705
-18.705
-18.585
-18.285
-17.146
-16.067
-16.427
-17.026
-17.026
-17.146
-17.326
-17.446
-17.506
-17.506
-17.506
-17.506
-17.626
-17.686
-17.806
-18.046
-17.986
-17.866
-17.746
-17.626
-17.626
-17.626
-17.566
-17.506
-17.566
-17.566
-17.506
-17.446
-17.386
-17.266
-17.266
-17.206
-17.206
-17.206
-17.206
-17.206
-17.206
-17.206
-17.206
-17.146
-17.146
-17.086
-17.026
-17.026
-17.026
-17.086
-17.026
-16.966
-16.966
-16.907
-16.907
-16.966
-16.966
-16.966
-16.966
-16.966
-16.907
-16.907
-16.846
-16.846
-16.846
-16.966
-16.907
-16.846
-16.787
-16.846
-16.846
-16.846
-16.846
-16.846
-16.787
-16.787
-16.846
-16.846
-16.907
-16.907
-16.907
-16.907
-16.846
-16.907
-16.846
-16.787
-16.846
-16.846
-16.846
-16.846
-16.846
-16.846
-16.846
-16.787
-16.787
-16.727
-16.787
-16.787
-16.787
-16.787
-16.846
-16.787
-16.727
-16.727
-16.727
-16.787
-16.907
-16.846
-16.846
-16.846
-16.846
-16.787
-16.846
-16.787
-16.727
-16.787
-16.787
-16.727
-16.727
-16.727
-16.787
-16.787
-16.846
-16.787
-16.787
-16.787
-16.846
-16.787
-16.787
-16.787
-16.787
-16.787
-16.727
-16.787
-16.787
-16.787
-16.787
-16.727
-16.667
-16.667
-16.727
-16.787
-16.787
-16.787
-16.727
-16.727
-16.787
-16.846
-16.846
-16.846
-16.846
-16.787
-16.787
-16.846
-16.907
-16.787
-16.787
-16.727
-16.787
-16.787
-16.727
-16.787
-16.787
-16.787
-16.727
-16.787
-16.727
-16.787
-16.787
-16.787
-16.846
-16.846
-16.787
-16.846
-16.787
-16.787
-16.846
-16.787
-16.727
-16.727
-16.787
-16.727
-16.727
-16.787
-16.787
-16.787
-16.787
-16.787
-16.727
-16.787
-16.846
-16.846
-16.787
-16.787
-16.787
-16.787
-16.787
-16.907
-16.907
-16.907
-16.846
-16.907
-18.345
-23.201
-30.396
-38.909
-43.765
-44.544
-46.883
-46.283
-42.566
-40.108
-35.312
-24.161
-10.252
1.919
8.753
9.712
9.473
9.053
8.153
6.175
0.779
-4.197
-7.374
-16.787
-27.698
-31.415
-35.672
-37.110
-37.590
-36.211
-34.712
-32.914
-30.516
-27.698
-22.542
-12.590
-6.235
-3.897
0.420
2.338
2.878
3.537
3.178
2.518
1.679
0.600
-1.079
-2.218
-4.316
-8.034
-9.952
-11.810
-13.849
-18.105
-20.564
-19.664
-19.484
-19.364
-19.245
-19.185
-19.005
-18.945
-18.825
-18.705
-18.585
-18.525
-18.465
-18.285
-16.966
-14.628
-16.007
-15.767
-15.588
-16.427
-17.326
-17.806
-17.686
-17.806
-17.926
-17.866
-17.866
-17.866
-18.046
-18.046
-17.746
-17.506
-17.626
-17.686
-17.626
-17.566
-17.566
-17.506
-17.446
-17.326
-17.386
-17.506
-17.446
-17.206
-17.026
-17.206
-17.326
-17.266
-17.026
-16.067
-16.307
-16.727
-16.427
-16.247
-16.667
-17.086
-17.146
-17.326
-17.326
-17.206
-17.266
-17.206
-17.206
-17.266
-17.206
-17.146
-17.086
-17.086
-17.086
-17.026
-17.026
-16.966
-17.026
-17.086
-16.966
-16.966
-17.026
-16.966
-16.966
-16.966
-16.966
-16.966
-16.907
-16.966
-16.907
-16.846
-16.846
-16.907
-16.907
-16.907
-16.907
-16.966
-16.846
-16.846
-16.846
-16.846
-16.907
-16.907
-16.846
-16.846
-16.846
-16.787
-16.787
-16.846
-16.787
-16.846
-16.727
-16.727
-16.727
-16.727
-16.727
-16.727
-16.787
-16.727
-16.727
-16.787
-16.787
-16.787
-16.846
-16.787
-16.787
-16.787
-16.787
-16.787
-16.667
-16.727
-16.787
-16.787
-16.787
-16.787
-16.727
-16.667
-16.667
-16.667
-16.667
-16.727
-16.787
-16.727
-16.727
-16.727
-16.667
-16.727
-16.727
-16.727
-16.787
-16.787
-16.727
-16.727
-16.787
-16.787
-16.727
-16.787
-16.787
-16.787
-16.787
-16.727
-16.727
-16.727
-16.727
-16.787
-16.727
-16.727
-16.787
-16.727
-16.787
-16.727
-16.727
-16.787
-16.846
-16.787
-16.727
-16.667
-16.667
-16.667
-16.727
-16.787
-16.787
-16.787
-16.727
-16.727
-16.787
-16.787
-16.787
-16.846
-16.787
-16.787
-16.727
-16.787
-16.846
-16.846
-16.846
-16.846
-16.846
-16.846
-16.787
-16.787
-16.787
-16.787
-16.846
-16.846
-16.846
-16.846
-16.846
-16.787
-16.787
-16.787
-16.787
-16.787
-16.787
-16.907
-16.846
-16.846
-17.746
-21.103
-24.820
-30.815
-36.990
-42.326
-43.285
-41.847
-39.928
-37.950
-31.835
-23.741
-15.228
-5.935
4.436
7.614
7.194
5.276
2.458
1.499
-0.060
-3.597
-6.595
-11.451
-25.959
-34.892
-36.571
-37.050
-34.472
-33.573
-34.053
-32.494
-29.556
-27.038
-25.300
-23.381
-19.065
-11.511
-1.619
4.616
5.396
5.036
4.257
2.758
0.540
-0.240
0.000
-0.180
-3.177
-8.933
-10.252
-11.211
-12.890
-16.067
-19.664
-19.484
-19.245
-19.185
-19.125
-19.065
-18.945
-18.765
-18.705
-18.525
-18.465
-18.405
-18.285
-18.225
-17.686
-16.127
-16.307
-15.108
-13.369
-12.650
-13.249
-15.288
-16.427
-16.846
-17.026
-17.086
-17.326
-17.626
-17.866
-18.405
-18.585
-18.405
-18.225
-18.105
-18.046
-18.105
-18.046
-17.926
-17.926
-17.866
-17.866
-17.746
-17.626
-17.506
-17.506
-17.566
-17.506
-17.326
-16.307
-15.947
-16.727
-16.966
-17.026
-16.487
-16.127
-16.187
-16.487
-16.607
-16.727
-16.727
-16.966
-17.266
-17.446
-17.386
-17.326
-17.266
-17.266
-17.206
-17.146
-17.206
-17.206
-17.206
-17.146
-17.086
-17.086
-17.086
-17.086
-17.026
-17.086
-17.146
-17.086
-17.026
-17.026
-17.026
-16.727
-16.067
-16.067
-16.187
-16.427
-16.607
-16.607
-16.607
-16.667
-16.727
-16.727
-16.787
-16.787
-16.846
-16.966
-17.026
-17.086
-17.086
-17.086
-17.026
-17.026
-17.026
-17.026
-17.026
-17.026
-16.966
-16.966
-17.026
-17.086
-17.026
-17.026
-16.966
-16.907
-16.907
-16.907
-16.907
-16.966
-16.966
-16.966
-16.907
-16.907
-16.907
-16.907
-16.846
-16.846
-16.846
-16.727
-16.547
-16.727
-16.907
-16.907
-16.907
-16.846
-16.787
-16.787
-16.727
-16.727
-16.787
-16.787
-16.787
-16.846
-16.846
-16.787
-16.787
-16.787
-16.846
-16.846
-16.846
-16.787
-16.727
-16.846
-16.787
-16.787
-16.846
-16.907
-16.846
-16.787
-16.846
-16.846
-16.846
-16.846
-16.787
-16.727
-16.787
-16.846
-16.787
-16.727
-16.727
-16.787
-16.727
-16.727
-16.787
-16.727
-16.787
-16.787
-16.727
-16.787
-16.787
-16.727
-16.787
-16.787
-16.787
-16.846
-16.787
-16.846
-16.787
-16.787
-16.787
-16.787
-16.907
-16.846
-16.727
-16.727
-16.727
-16.727
-16.727
-16.727
-16.787
-16.846
-16.787
-16.727
-16.667
-16.727
-16.727
-16.727
-16.787
-16.787
-16.907
-17.146
-20.024
-27.278
-34.712
-40.408
-45.983
-51.139
-50.480
-46.523
-44.065
-43.285
-42.626
-39.029
-33.333
-25.000
-18.166
-13.549
-6.175
-0.600
7.674
11.211
11.451
10.612
8.813
7.374
5.755
3.717
1.559
-0.360
-1.859
-3.297
-3.957
-4.556
-7.434
-9.532
-10.432
-16.187
-26.019
-28.717
-32.194
-35.072
-34.652
-33.453
-33.034
-32.494
-30.576
-28.537
-24.700
-19.005
-14.688
-11.870
-10.252
-8.153
-4.377
-2.518
-2.338
-2.878
-3.897
-4.676
-5.216
-6.175
-6.415
-6.415
-7.014
-7.794
-8.273
-10.552
-12.290
-11.451
-10.971
-12.290
-17.686
-20.504
-20.384
-20.144
-19.964
-19.844
-19.664
-19.484
-19.424
-19.424
-19.484
-19.185
-16.367
-11.751
-8.813
-8.094
-8.813
-10.791
-13.549
-15.707
-17.446
-21.163
-25.120
-25.660
-27.578
-29.556
-30.576
-31.355
-30.456
-28.717
-27.338
-25.540
-24.101
-22.662
-19.784
-17.206
-15.348
-12.110
-9.412
-8.273
-7.614
-7.254
-9.293
-10.971
-9.892
-9.712
-10.312
-10.192
-9.472
-9.233
-8.693
-8.633
-9.293
-10.252
-11.511
-12.710
-13.669
-14.688
-15.887
-17.266
-18.465
-18.825
-18.945
-19.245
-19.484
-20.264
-20.384
-20.204
-20.024
-19.844
-19.784
-19.604
-19.484
-19.424
-19.245
-19.185
-18.945
-18.765
-18.645
-18.525
-18.465
-18.405
-18.285
-18.166
-18.166
-18.105
-18.046
-17.986
-17.926
-17.866
-17.926
-17.866
-17.806
-17.746
-17.626
-17.566
-17.626
-17.566
-17.446
-17.446
-17.386
-17.386
-17.386
-17.326
-17.326
-17.326
-17.266
-17.266
-17.266
-17.326
-17.206
-17.146
-17.146
-17.086
-17.086
-17.086
-16.966
-16.966
-17.026
-17.026
-17.026
-17.026
-16.966
-16.966
-16.966
-16.966
-16.966
-16.966
-16.907
-16.966
-16.907
-16.907
-16.907
-16.787
-16.787
-16.846
-16.846
-16.787
-16.787
-16.846
-16.907
-16.846
-16.846
-16.907
-17.026
-16.907
-16.846
-16.846
-16.846
-16.846
-16.727
-16.667
-16.787
-16.846
-16.846
-16.787
-16.727
-16.727
-16.727
-16.727
-16.727
-16.727
-16.787
-16.787
-16.787
-16.727
-16.727
-16.787
-16.787
-16.846
-16.846
-16.787
-16.787
-16.727
-16.787
-16.727
-16.727
-16.727
-16.727
-16.727
-16.667
-16.667
-16.667
-16.727
-16.787
-16.846
-16.907
-16.846
-16.667
-16.607
-16.667
-16.667
-16.667
-16.667
-16.667
-16.727
-16.727
-16.727
-16.727
-16.727
-16.727
-16.727
-16.727
-16.727
-16.727
-16.787
-16.787
-16.727
-16.727
-16.727
-16.667
-16.727
-16.787
-16.846
-16.846
-16.846
-16.846
-16.787
-16.846
-17.146
-16.907
-16.727
-16.787
-16.787
-16.787
-16.846
-16.846
-16.787
-16.846
-16.787
-16.787
-16.846
-16.846
-16.787
-16.727
-16.727
-16.787
-16.727
-16.727
-16.787
-16.846
-16.846
-16.727
-16.787
-16.787
-16.966
-16.787
-16.787
-16.846
-17.446
-20.863
-26.559
-31.475
-34.532
-38.190
-40.528
-41.607
-40.588
-37.530
-31.775
-20.803
-7.674
4.017
6.775
6.535
5.456
3.717
1.379
-0.480
-6.235
-8.213
-7.854
-9.412
-12.110
-18.105
-23.381
-21.343
-20.743
-21.403
-22.962
-26.559
-30.755
-32.674
-32.854
-32.314
-31.835
-31.415
-30.576
-28.477
-21.942
-13.130
-3.058
1.978
1.859
1.619
0.000
-0.120
-0.240
-1.139
-2.878
-4.856
-6.415
-7.074
-7.614
-8.873
-10.911
-14.089
-17.986
-20.264
-19.964
-19.724
-19.604
-19.484
-19.305
-19.185
-19.125
-19.005
-18.765
-18.645
-18.465
-18.405
-18.345
-18.345
-18.285
-18.225
-18.166
-18.105
-18.046
-17.926
-17.806
-17.746
-17.686
-17.626
-17.626
-17.626
-17.566
-17.506
-17.446
-17.506
-17.446
-17.446
-17.446
-17.386
-17.266
-17.206
-17.206
-17.266
-17.086
-13.669
-9.652
-11.631
-14.988
-16.127
-16.067
-16.547
-17.326
-17.926
-17.806
-17.686
-17.626
-17.626
-17.626
-17.686
-17.386
-17.386
-17.566
-17.446
-17.326
-17.326
-17.326
-17.326
-17.266
-17.146
-17.146
-17.146
-17.086
-17.086
-17.146
-17.086
-17.086
-17.086
-17.086
-17.146
-17.146
-17.026
-17.026
-17.146
-17.146
-17.086
-17.026
-17.026
-16.966
-16.966
-16.907
-16.846
-16.907
-16.966
-16.966
-16.907
-16.966
-16.907
-16.727
-16.846
-16.846
-16.787
-16.787
-16.846
-16.907
-16.907
-16.846
-16.727
-16.727
-16.727
-16.727
-16.787
-16.787
-16.787
-16.787
-16.846
-16.846
-16.966
-17.026
-16.907
-16.787
-16.727
-16.727
-16.787
-16.787
-16.787
-16.787
-16.787
-16.727
-16.667
-16.727
-16.787
-16.727
-16.727
-16.727
-16.727
-16.846
-16.787
-16.727
-16.727
-16.727
-16.727
-16.787
-16.787
-16.727
-16.727
-16.787
-16.907
-17.026
-16.846
-16.846
-16.787
-16.787
-16.846
-16.846
-16.846
-16.846
-16.787
-16.787
-16.787
-16.787
-16.727
-16.667
-16.667
-16.607
-16.547
-16.547
-16.667
-16.667
-16.667
-16.727
-16.727
-16.667
-16.667
-16.727
-16.727
-16.787
-16.907
-17.206
-17.026
-16.727
-16.727
-16.787
-16.727
-16.667
-16.787
-16.727
-16.727
-16.667
-16.667
-16.787
-16.846
-16.787
-16.667
-16.667
-16.727
-16.846
-17.206
-18.285
-20.803
-24.460
-29.856
-36.571
-42.386
-43.645
-42.806
-42.566
-40.947
-39.089
-35.312
-28.597
-21.343
-13.909
-3.597
7.014
8.573
8.153
6.415
4.676
3.657
4.077
4.137
0.839
-4.916
-7.494
-9.412
-13.010
-21.283
-25.360
-28.058
-32.974
-35.911
-35.851
-36.451
-36.091
-34.472
-32.134
-28.837
-25.779
-22.242
-15.887
-7.854
0.180
1.499
-1.079
-1.199
0.180
0.060
-0.779
-1.739
-2.638
-4.017
-5.336
-5.276
-5.396
-6.655
-9.173
-10.252
-10.552
-11.031
-12.230
-13.669
-17.086
-21.463
-22.122
-21.163
-22.482
-24.340
-25.360
-25.959
-25.959
-25.660
-24.940
-23.441
-22.002
-20.803
-19.544
-16.607
-10.132
-7.794
-9.532
-9.233
-8.333
