-16.787
-16.727
-16.727
-16.787
-16.727
-16.787
-16.727
-16.727
-16.787
-16.846
-16.787
-16.727
-16.667
-16.667
-16.667
-16.727
-16.787
-16.787
-16.787
-16.727
-16.727
-16.787
-16.787
-16.787
-16.846
-16.787
-16.787
-16.727
-16.787
-16.846
-16.846
-16.846
-16.846
-16.846
-16.846
-16.787
-16.787
-16.787
-16.787
-16.846
-16.846
-16.846
-16.846
-16.846
-16.787
-16.787
-16.787
-16.787
-16.787
-16.787
-16.907
-16.846
-16.846
-17.746
-21.103
-24.820
-30.815
-36.990
-42.326
-43.285
-41.847
-39.928
-37.950
-31.835
-23.741
-15.228
-5.935
4.436
7.614
7.194
5.276
2.458
1.499
-0.060
-3.597
-6.595
-11.451
-25.959
-34.892
-36.571
-37.050
-34.472
-33.573
-34.053
-32.494
-29.556
-27.038
-25.300
-23.381
-19.065
-11.511
-1.619
4.616
5.396
5.036
4.257
2.758
0.540
-0.240
0.000
-0.180
-3.177
-8.933
-10.252
-11.211
-12.890
-16.067
-19.664
-19.484
-19.245
-19.185
-19.125
-19.065
-18.945
-18.765
-18.705
-18.525
-18.465
-18.405
-18.285
-18.225
-17.686
-16.127
-16.307
-15.108
-13.369
-12.650
-13.249
-15.288
-16.427
-16.846
-17.026
-17.086
-17.326
-17.626
-17.866
-18.405
-18.585
-18.405
-18.225
-18.105
-18.046
-18.105
-18.046
-17.926
-17.926
-17.866
-17.866
-17.746
-17.626
-17.506
-17.506
-17.566
-17.506
-17.326
-16.307
-15.947
-16.727
-16.966
-17.026
-16.487
-16.127
-16.187
-16.487
-16.607
-16.727
-16.727
-16.966
-17.266
-17.446
-17.386
-17.326
-17.266
-17.266
-17.206
-17.146
-17.206
-17.206
-17.206
-17.146
-17.086
-17.086
-17.086
-17.086
-17.026
-17.086
-17.146
-17.086
-17.026
-17.026
-17.026
-16.727
-16.067
-16.067
-16.187
-16.427
-16.607
-16.607
-16.607
-16.667
-16.727
-16.727
-16.787
-16.787
-16.846
-16.966
-17.026
-17.086
-17.086
-17.086
-17.026
-17.026
-17.026
-17.026
-17.026
-17.026
-16.966
-16.966
-17.026
-17.086
-17.026
-17.026
-16.966
-16.907
-16.907
-16.907
-16.907
-16.966
-16.966
-16.966
-16.907
-16.907
-16.907
-16.907
-16.846
-16.846
-16.846
-16.727
-16.547
-16.727
-16.907
-16.907
-16.907
-16.846
-16.787
-16.787
-16.727
-16.727
-16.787
-16.787
-16.787
-16.846
-16.846
-16.787
-16.787
-16.787
-16.846
-16.846
-16.846
-16.787
-16.727
-16.846
-16.787
-16.787
-16.846
-16.907
-16.846
-16.787
-16.846
-16.846
-16.846
-16.846
-16.787
-16.727
-16.787
-16.846
-16.787
-16.727
-16.727
-16.787
-16.727
-16.727
-16.787
-16.727
-16.787
-16.787
-16.727
-16.787
-16.787
-16.727
-16.787
-16.787
-16.787
-16.846
-16.787
-16.846
-16.787
-16.787
-16.787
-16.787
-16.907
-16.846
-16.727
-16.727
-16.727
-16.727
-16.727
-16.727
-16.787
-16.846
-16.787
-16.727
-16.667
-16.727
-16.727
-16.727
-16.787
-16.787
-16.907
-17.146
-20.024
-27.278
-34.712
-40.408
-45.983
-51.139
-50.480
-46.523
-44.065
-43.285
-42.626
-39.029
-33.333
-25.000
-18.166
-13.549
-6.175
-0.600
7.674
11.211
11.451
10.612
8.813
7.374
5.755
3.717
1.559
-0.360
-1.859
-3.297
-3.957
-4.556
-7.434
-9.532
-10.432
-16.187
-26.019
-28.717
-32.194
-35.072
-34.652
-33.453
-33.034
-32.494
-30.576
-28.537
-24.700
-19.005
-14.688
-11.870
-10.252
-8.153
-4.377
-2.518
-2.338
-2.878
-3.897
-4.676
-5.216
-6.175
-6.415
-6.415
-7.014
-7.794
-8.273
-10.552
-12.290
-11.451
-10.971
-12.290
-17.686
-20.504
-20.384
-20.144
-19.964
-19.844
-19.664
-19.484
-19.424
-19.424
-19.484
-19.185
-16.367
-11.751
-8.813
-8.094
-8.813
-10.791
-13.549
-15.707
-17.446
-21.163
-25.120
-25.660
-27.578
-29.556
-30.576
-31.355
-30.456
-28.717
-27.338
-25.540
-24.101
-22.662
-19.784
-17.206
-15.348
-12.110
-9.412
-8.273
-7.614
-7.254
-9.293
-10.971
-9.892
-9.712
-10.312
-10.192
-9.472
-9.233
-8.693
-8.633
-9.293
-10.252
-11.511
-12.710
-13.669
-14.688
-15.887
-17.266
-18.465
-18.825
-18.945
-19.245
-19.484
-20.264
-20.384
-20.204
-20.024
-19.844
-19.784
-19.604
-19.484
-19.424
-19.245
-19.185
-18.945
-18.765
-18.645
-18.525
-18.465
-18.405
-18.285
-18.166
-18.166
-18.105
-18.046
-17.986
-17.926
-17.866
-17.926
-17.866
-17.806
-17.746
-17.626
-17.566
-17.626
-17.566
-17.446
-17.446
-17.386
-17.386
-17.386
-17.326
-17.326
-17.326
-17.266
-17.266
-17.266
-17.326
-17.206
-17.146
-17.146
-17.086
-17.086
-17.086
-16.966
-16.966
-17.026
-17.026
-17.026
-17.026
-16.966
-16.966
-16.966
-16.966
-16.966
-16.966
-16.907
-16.966
-16.907
-16.907
-16.907
-16.787
-16.787
-16.846
-16.846
-16.787
-16.787
-16.846
-16.907
-16.846
-16.846
-16.907
-17.026
-16.907
-16.846
-16.846
-16.846
-16.846
-16.727
-16.667
-16.787
-16.846
-16.846
-16.787
-16.727
-16.727
-16.727
-16.727
-16.727
-16.727
-16.787
-16.787
-16.787
-16.727
-16.727
-16.787
-16.787
-16.846
-16.846
-16.787
-16.787
-16.727
-16.787
-16.727
-16.727
-16.727
-16.727
-16.727
-16.667
-16.667
-16.667
-16.727
-16.787
-16.846
-16.907
-16.846
-16.667
-16.607
-16.667
-16.667
-16.667
-16.667
-16.667
-16.727
-16.727
-16.727
-16.727
-16.727
-16.727
-16.727
-16.727
-16.727
-16.727
-16.787
-16.787
-16.727
-16.727
-16.727
-16.667
-16.727
-16.787
-16.846
-16.846
-16.846
-16.846
-16.787
-16.846
-17.146
-16.907
-16.727
-16.787
-16.787
-16.787
-16.846
-16.846
-16.787
-16.846
-16.787
-16.787
-16.846
-16.846
-16.787
-16.727
-16.727
-16.787
-16.727
-16.727
-16.787
-16.846
-16.846
-16.727
-16.787
-16.787
-16.966
-16.787
-16.787
-16.846
-17.446
-20.863
-26.559
-31.475
-34.532
-38.190
-40.528
-41.607
-40.588
-37.530
-31.775
-20.803
-7.674
4.017
6.775
6.535
5.456
3.717
1.379
-0.480
-6.235
-8.213
-7.854
-9.412
-12.110
-18.105
-23.381
-21.343
-20.743
-21.403
-22.962
-26.559
-30.755
-32.674
-32.854
-32.314
-31.835
-31.415
-30.576
-28.477
-21.942
-13.130
-3.058
1.978
1.859
1.619
0.000
-0.120
-0.240
-1.139
-2.878
-4.856
-6.415
-7.074
-7.614
-8.873
-10.911
-14.089
-17.986
-20.264
-19.964
-19.724
-19.604
-19.484
-19.305
-19.185
-19.125
-19.005
-18.765
-18.645
-18.465
-18.405
-18.345
-18.345
-18.285
-18.225
-18.166
-18.105
-18.046
-17.926
-17.806
-17.746
-17.686
-17.626
-17.626
-17.626
-17.566
-17.506
-17.446
-17.506
-17.446
-17.446
-17.446
-17.386
-17.266
-17.206
-17.206
-17.266
-17.086
-13.669
-9.652
-11.631
-14.988
-16.127
-16.067
-16.547
-17.326
-17.926
-17.806
-17.686
-17.626
-17.626
-17.626
-17.686
-17.386
-17.386
-17.566
-17.446
-17.326
-17.326
-17.326
-17.326
-17.266
-17.146
-17.146
-17.146
-17.086
-17.086
-17.146
-17.086
-17.086
-17.086
-17.086
-17.146
-17.146
-17.026
-17.026
-17.146
-17.146
-17.086
-17.026
-17.026
-16.966
-16.966
-16.907
-16.846
-16.907
-16.966
-16.966
-16.907
-16.966
-16.907
-16.727
-16.846
-16.846
-16.787
-16.787
-16.846
-16.907
-16.907
-16.846
-16.727
-16.727
-16.727
-16.727
-16.787
-16.787
-16.787
-16.787
-16.846
-16.846
-16.966
-17.026
-16.907
-16.787
-16.727
-16.727
-16.787
-16.787
-16.787
-16.787
-16.787
-16.727
-16.667
-16.727
-16.787
-16.727
-16.727
-16.727
-16.727
-16.846
-16.787
-16.727
-16.727
-16.727
-16.727
-16.787
-16.787
-16.727
-16.727
-16.787
-16.907
-17.026
-16.846
-16.846
-16.787
-16.787
-16.846
-16.846
-16.846
-16.846
-16.787
-16.787
-16.787
-16.787
-16.727
-16.667
-16.667
-16.607
-16.547
-16.547
-16.667
-16.667
-16.667
-16.727
-16.727
-16.667
-16.667
-16.727
-16.727
-16.787
-16.907
-17.206
-17.026
-16.727
-16.727
-16.787
-16.727
-16.667
-16.787
-16.727
-16.727
-16.667
-16.667
-16.787
-16.846
-16.787
-16.667
-16.667
-16.727
-16.846
-17.206
-18.285
-20.803
-24.460
-29.856
-36.571
-42.386
-43.645
-42.806
-42.566
-40.947
-39.089
-35.312
-28.597
-21.343
-13.909
-3.597
7.014
8.573
8.153
6.415
4.676
3.657
4.077
4.137
0.839
-4.916
-7.494
-9.412
-13.010
-21.283
-25.360
-28.058
-32.974
-35.911
-35.851
-36.451
-36.091
-34.472
-32.134
-28.837
-25.779
-22.242
-15.887
-7.854
0.180
1.499
-1.079
-1.199
0.180
0.060
-0.779
-1.739
-2.638
-4.017
-5.336
-5.276
-5.396
-6.655
-9.173
-10.252
-10.552
-11.031
-12.230
-13.669
-17.086
-21.463
-22.122
-21.163
-22.482
-24.340
-25.360
-25.959
-25.959
-25.660
-24.940
-23.441
-22.002
-20.803
-19.544
-16.607
-10.132
-7.794
-9.532
-9.233
-8.333
-7.494
-9.173
-11.391
-13.189
-14.329
-15.588
-16.667
-17.326
-17.626
-17.926
-18.645
-19.544
-19.424
-19.245
-19.065
-19.005
-18.945
-18.825
-18.705
-18.585
-18.525
-18.405
-18.285
-18.225
-18.166
-18.105
-18.105
-18.046
-17.986
-17.866
-17.806
-17.686
-17.686
-17.686
-17.626
-17.566
-17.506
-17.506
-17.446
-17.446
-17.326
-17.266
-17.206
-17.026
-17.146
-17.266
-17.266
-17.206
-17.146
-17.146
-17.086
-17.086
-17.086
-17.086
-17.146
-17.026
-17.086
-17.086
-17.026
-17.026
-17.086
-17.086
-17.086
-17.086
-17.086
-17.026
-17.026
-17.086
-17.026
-16.907
-16.966
-17.026
-16.966
-16.907
-16.966
-16.907
-16.907
-16.966
-16.907
-17.026
-17.026
-16.846
-16.846
-16.907
-16.907
-16.907
-16.846
-16.846
-16.787
-16.846
-16.846
-16.787
-16.727
-16.727
-16.667
-16.727
-16.727
-16.727
-16.727
-16.667
-16.727
-16.727
-16.787
-16.727
-16.727
-16.846
-16.846
-16.787
-16.727
-16.787
-16.907
-16.787
-16.667
-16.667
-16.727
-16.787
-16.787
-16.787
-16.787
-16.846
-16.787
-16.667
-16.667
-16.727
-16.787
-16.727
-16.727
-16.727
-16.727
-16.787
-16.787
-16.787
-16.787
-16.727
-16.727
-16.727
-16.787
-16.787
-16.787
-16.846
-16.907
-16.907
-16.846
-16.846
-16.907
-16.907
-16.907
-16.846
-16.787
-16.727
-16.727
-16.727
-16.787
-16.727
-16.727
-16.727
-16.667
-16.727
-16.787
-16.787
-16.727
-16.727
-16.727
-16.787
-16.787
-16.727
-16.727
-16.667
-16.727
-16.787
-16.727
-16.727
-16.846
-16.787
-16.727
-16.727
-16.787
-16.787
-16.846
-16.846
-16.846
-16.846
-16.907
-16.907
-16.846
-16.846
-16.846
-16.846
-16.907
-16.846
-16.787
-16.787
-16.787
-16.846
-16.846
-16.846
-16.846
-16.846
-16.846
-16.907
-16.846
-16.787
-16.787
-16.787
-16.846
-16.846
-16.846
-16.787
-16.787
-16.787
-16.846
-16.727
-16.727
-16.846
-17.266
-20.024
-24.401
-29.017
-33.993
-39.628
-43.885
-44.365
-43.945
-42.266
-39.808
-37.650
-34.652
-30.156
-23.741
-14.329
-1.199
9.412
10.671
10.552
8.573
6.355
5.696
5.396
5.216
2.638
-3.717
-7.374
-13.669
-26.259
-32.734
-38.789
-41.367
-40.827
-40.108
-37.890
-34.173
-29.736
-24.820
-18.705
-10.132
-6.415
-4.796
-0.779
0.300
0.240
0.060
-0.839
-1.259
-1.379
-2.278
-2.638
-3.118
-3.357
-3.297
-3.837
-5.636
-8.693
-11.211
-13.309
-14.928
-16.727
-20.084
-20.923
-20.384
-20.264
-20.144
-19.964
-19.784
-19.664
-19.484
-19.364
-19.245
-19.125
-19.065
-18.945
-18.765
-18.645
-18.525
-18.405
-17.866
-16.487
-16.067
-15.827
-15.827
-16.187
-16.247
-16.187
-16.247
-16.367
-16.727
-17.266
-18.046
-18.525
-18.465
-18.405
-18.345
-18.285
-18.225
-18.166
-18.105
-18.046
-18.046
-17.926
-17.866
-17.746
-17.686
-17.686
-17.626
-17.086
-15.947
-16.067
-16.067
-16.247
-16.367
-16.427
-16.667
-16.846
-16.907
-17.026
-17.206
-17.506
-17.626
-17.566
-17.566
-17.506
-17.386
-17.386
-17.326
-17.326
-17.386
-17.266
-17.206
-17.266
-17.206
-17.146
-17.086
-17.146
-17.146
-17.146
-17.086
-17.086
-17.146
-17.146
-16.727
-15.947
-16.907
-17.086
-17.026
-17.026
-17.026
-17.026
-17.026
-17.026
-16.966
-16.907
-16.907
-16.907
-16.907
-16.966
-16.966
-16.907
-16.846
-16.846
-16.846
-16.846
-16.907
-16.966
-17.026
-16.966
-16.907
-16.907
-16.907
-16.966
-16.966
-16.966
-16.907
-16.907
-16.966
-16.907
-16.966
-16.907
-16.907
-16.846
-16.846
-16.846
-16.787
-16.727
-16.727
-16.787
-16.846
-16.907
-16.787
-16.727
-16.727
-16.787
-16.787
-16.846
-16.846
-16.787
-16.787
-16.727
-16.727
-16.787
-16.787
-16.787
-16.846
-16.787
-16.846
-16.787
-16.787
-16.727
-16.667
-16.607
-16.667
-16.727
-16.727
-16.667
-16.667
-16.787
-16.727
-16.727
-16.727
-16.727
-16.727
-16.727
-16.727
-16.727
-16.727
-16.727
-16.727
-16.787
-16.787
-16.727
-16.727
-16.846
-16.907
-16.846
-16.787
-16.787
-16.787
-16.787
-16.727
-16.787
-16.846
-16.907
-16.846
-16.787
-16.727
-16.727
-16.727
-16.787
-16.787
-16.727
-16.727
-16.727
-16.727
-16.787
-16.787
-16.787
-16.787
-16.727
-16.787
-16.907
-16.907
-16.846
-17.026
-18.345
-21.343
-26.319
-35.552
-40.648
-41.847
-41.787
-42.086
-43.945
-41.607
-38.249
-34.952
-29.436
-17.806
-5.995
3.837
7.794
8.094
7.314
6.295
4.197
2.998
3.237
2.278
-2.698
-6.894
-9.293
-16.127
-27.758
-31.954
-37.410
-39.449
-38.729
-38.190
-36.931
-34.413
-31.954
-28.717
-25.360
-21.523
-17.626
-15.228
-11.031
