-16.727
-16.667
-16.667
-16.727
-16.727
-16.787
-16.907
-17.206
-17.026
-16.727
-16.727
-16.787
-16.727
-16.667
-16.787
-16.727
-16.727
-16.667
-16.667
-16.787
-16.846
-16.787
-16.667
-16.667
-16.727
-16.846
-17.206
-18.285
-20.803
-24.460
-29.856
-36.571
-42.386
-43.645
-42.806
-42.566
-40.947
-39.089
-35.312
-28.597
-21.343
-13.909
-3.597
7.014
8.573
8.153
6.415
4.676
3.657
4.077
4.137
0.839
-4.916
-7.494
-9.412
-13.010
-21.283
-25.360
-28.058
-32.974
-35.911
-35.851
-36.451
-36.091
-34.472
-32.134
-28.837
-25.779
-22.242
-15.887
-7.854
0.180
1.499
-1.079
-1.199
0.180
0.060
-0.779
-1.739
-2.638
-4.017
-5.336
-5.276
-5.396
-6.655
-9.173
-10.252
-10.552
-11.031
-12.230
-13.669
-17.086
-21.463
-22.122
-21.163
-22.482
-24.340
-25.360
-25.959
-25.959
-25.660
-24.940
-23.441
-22.002
-20.803
-19.544
-16.607
-10.132
-7.794
-9.532
-9.233
-8.333
-7.494
-9.173
-11.391
-13.189
-14.329
-15.588
-16.667
-17.326
-17.626
-17.926
-18.645
-19.544
-19.424
-19.245
-19.065
-19.005
-18.945
-18.825
-18.705
-18.585
-18.525
-18.405
-18.285
-18.225
-18.166
-18.105
-18.105
-18.046
-17.986
-17.866
-17.806
-17.686
-17.686
-17.686
-17.626
-17.566
-17.506
-17.506
-17.446
-17.446
-17.326
-17.266
-17.206
-17.026
-17.146
-17.266
-17.266
-17.206
-17.146
-17.146
-17.086
-17.086
-17.086
-17.086
-17.146
-17.026
-17.086
-17.086
-17.026
-17.026
-17.086
-17.086
-17.086
-17.086
-17.086
-17.026
-17.026
-17.086
-17.026
-16.907
-16.966
-17.026
-16.966
-16.907
-16.966
-16.907
-16.907
-16.966
-16.907
-17.026
-17.026
-16.846
-16.846
-16.907
-16.907
-16.907
-16.846
-16.846
-16.787
-16.846
-16.846
-16.787
-16.727
-16.727
-16.667
-16.727
-16.727
-16.727
-16.727
-16.667
-16.727
-16.727
-16.787
-16.727
-16.727
-16.846
-16.846
-16.787
-16.727
-16.787
-16.907
-16.787
-16.667
-16.667
-16.727
-16.787
-16.787
-16.787
-16.787
-16.846
-16.787
-16.667
-16.667
-16.727
-16.787
-16.727
-16.727
-16.727
-16.727
-16.787
-16.787
-16.787
-16.787
-16.727
-16.727
-16.727
-16.787
-16.787
-16.787
-16.846
-16.907
-16.907
-16.846
-16.846
-16.907
-16.907
-16.907
-16.846
-16.787
-16.727
-16.727
-16.727
-16.787
-16.727
-16.727
-16.727
-16.667
-16.727
-16.787
-16.787
-16.727
-16.727
-16.727
-16.787
-16.787
-16.727
-16.727
-16.667
-16.727
-16.787
-16.727
-16.727
-16.846
-16.787
-16.727
-16.727
-16.787
-16.787
-16.846
-16.846
-16.846
-16.846
-16.907
-16.907
-16.846
-16.846
-16.846
-16.846
-16.907
-16.846
-16.787
-16.787
-16.787
-16.846
-16.846
-16.846
-16.846
-16.846
-16.846
-16.907
-16.846
-16.787
-16.787
-16.787
-16.846
-16.846
-16.846
-16.787
-16.787
-16.787
-16.846
-16.727
-16.727
-16.846
-17.266
-20.024
-24.401
-29.017
-33.993
-39.628
-43.885
-44.365
-43.945
-42.266
-39.808
-37.650
-34.652
-30.156
-23.741
-14.329
-1.199
9.412
10.671
10.552
8.573
6.355
5.696
5.396
5.216
2.638
-3.717
-7.374
-13.669
-26.259
-32.734
-38.789
-41.367
-40.827
-40.108
-37.890
-34.173
-29.736
-24.820
-18.705
-10.132
-6.415
-4.796
-0.779
0.300
0.240
0.060
-0.839
-1.259
-1.379
-2.278
-2.638
-3.118
-3.357
-3.297
-3.837
-5.636
-8.693
-11.211
-13.309
-14.928
-16.727
-20.084
-20.923
-20.384
-20.264
-20.144
-19.964
-19.784
-19.664
-19.484
-19.364
-19.245
-19.125
-19.065
-18.945
-18.765
-18.645
-18.525
-18.405
-17.866
-16.487
-16.067
-15.827
-15.827
-16.187
-16.247
-16.187
-16.247
-16.367
-16.727
-17.266
-18.046
-18.525
-18.465
-18.405
-18.345
-18.285
-18.225
-18.166
-18.105
-18.046
-18.046
-17.926
-17.866
-17.746
-17.686
-17.686
-17.626
-17.086
-15.947
-16.067
-16.067
-16.247
-16.367
-16.427
-16.667
-16.846
-16.907
-17.026
-17.206
-17.506
-17.626
-17.566
-17.566
-17.506
-17.386
-17.386
-17.326
-17.326
-17.386
-17.266
-17.206
-17.266
-17.206
-17.146
-17.086
-17.146
-17.146
-17.146
-17.086
-17.086
-17.146
-17.146
-16.727
-15.947
-16.907
-17.086
-17.026
-17.026
-17.026
-17.026
-17.026
-17.026
-16.966
-16.907
-16.907
-16.907
-16.907
-16.966
-16.966
-16.907
-16.846
-16.846
-16.846
-16.846
-16.907
-16.966
-17.026
-16.966
-16.907
-16.907
-16.907
-16.966
-16.966
-16.966
-16.907
-16.907
-16.966
-16.907
-16.966
-16.907
-16.907
-16.846
-16.846
-16.846
-16.787
-16.727
-16.727
-16.787
-16.846
-16.907
-16.787
-16.727
-16.727
-16.787
-16.787
-16.846
-16.846
-16.787
-16.787
-16.727
-16.727
-16.787
-16.787
-16.787
-16.846
-16.787
-16.846
-16.787
-16.787
-16.727
-16.667
-16.607
-16.667
-16.727
-16.727
-16.667
-16.667
-16.787
-16.727
-16.727
-16.727
-16.727
-16.727
-16.727
-16.727
-16.727
-16.727
-16.727
-16.727
-16.787
-16.787
-16.727
-16.727
-16.846
-16.907
-16.846
-16.787
-16.787
-16.787
-16.787
-16.727
-16.787
-16.846
-16.907
-16.846
-16.787
-16.727
-16.727
-16.727
-16.787
-16.787
-16.727
-16.727
-16.727
-16.727
-16.787
-16.787
-16.787
-16.787
-16.727
-16.787
-16.907
-16.907
-16.846
-17.026
-18.345
-21.343
-26.319
-35.552
-40.648
-41.847
-41.787
-42.086
-43.945
-41.607
-38.249
-34.952
-29.436
-17.806
-5.995
3.837
7.794
8.094
7.314
6.295
4.197
2.998
3.237
2.278
-2.698
-6.894
-9.293
-16.127
-27.758
-31.954
-37.410
-39.449
-38.729
-38.190
-36.931
-34.413
-31.954
-28.717
-25.360
-21.523
-17.626
-15.228
-11.031
-6.655
-2.278
0.000
0.240
-0.480
-1.259
-1.139
-1.379
-3.058
-4.556
-3.897
-4.017
-3.597
-3.417
-4.197
-5.575
-6.775
-7.854
-8.813
-9.772
-10.791
-12.530
-14.389
-15.648
-16.487
-17.446
-18.885
-20.444
-21.703
-21.463
-21.163
-20.983
-20.803
-20.683
-20.444
-20.264
-20.204
-20.024
-19.844
-19.604
-19.484
-19.424
-19.305
-19.125
-19.125
-19.005
-18.765
-18.645
-18.585
-18.525
-18.465
-18.465
-18.405
-18.225
-18.166
-18.046
-17.986
-17.926
-17.866
-17.806
-17.746
-17.746
-17.686
-17.566
-17.566
-17.506
-17.506
-17.446
-17.386
-17.386
-17.386
-17.326
-17.326
-17.266
-17.206
-17.266
-17.146
-17.146
-17.146
-17.146
-17.086
-17.086
-17.086
-17.146
-17.086
-17.086
-17.086
-17.026
-17.026
-17.026
-16.966
-16.966
-16.966
-16.966
-16.907
-16.907
-16.907
-16.907
-16.907
-16.846
-16.846
-16.907
-16.846
-16.907
-16.846
-16.907
-16.907
-16.846
-16.787
-16.846
-16.787
-16.727
-16.727
-16.787
-16.907
-16.907
-16.846
-16.846
-16.846
-16.846
-16.846
-16.846
-16.846
-16.846
-16.846
-16.787
-16.787
-16.846
-16.787
-16.727
-16.727
-16.846
-16.787
-16.787
-16.787
-16.846
-16.787
-16.787
-16.787
-16.846
-16.787
-16.727
-16.727
-16.727
-16.727
-16.727
-16.727
-16.787
-16.787
-16.727
-16.667
-16.667
-16.787
-16.727
-16.787
-16.787
-16.727
-16.727
-16.787
-16.727
-16.787
-16.846
-16.787
-16.787
-16.727
-16.787
-16.787
-16.846
-16.846
-16.787
-16.727
-16.667
-16.667
-16.727
-16.727
-16.667
-16.727
-16.667
-16.667
-16.667
-16.667
-16.667
-16.667
-16.667
-16.607
-16.607
-16.667
-16.787
-16.787
-16.727
-16.727
-16.727
-16.727
-16.727
-16.727
-16.787
-16.846
-16.907
-16.907
-16.846
-16.787
-16.787
-16.787
-16.787
-16.787
-16.787
-16.727
-16.727
-16.787
-16.787
-16.787
-16.846
-16.846
-16.787
-16.787
-16.787
-16.846
-16.846
-16.846
-16.846
-16.846
-16.787
-16.846
-16.787
-16.787
-16.846
-16.966
-16.907
-16.727
-16.667
-16.727
-16.727
-16.727
-16.787
-16.787
-16.846
-16.787
-16.846
-16.787
-16.727
-16.667
-16.727
-16.787
-16.787
-16.787
-16.787
-16.787
-16.846
-17.026
-17.326
-19.604
-23.261
-29.556
-38.309
-44.365
-45.624
-44.844
-44.125
-43.106
-39.209
-35.192
-31.715
-26.919
-21.463
-16.667
-11.031
-5.276
-1.859
5.036
7.554
7.794
5.995
3.297
1.679
1.259
1.919
2.458
2.518
2.158
-1.859
-7.314
-9.173
-11.511
-19.784
-30.935
-37.050
-40.708
-39.209
-36.691
-34.652
-31.954
-29.317
-24.401
-19.125
-15.528
-11.751
-9.592
-8.573
-8.573
-10.132
-11.031
-11.451
-11.931
-12.230
-12.470
-12.710
-13.010
-13.189
-13.429
-13.729
-14.029
-14.029
-13.069
-10.312
-6.595
-3.717
-2.278
-1.859
-3.177
-5.036
-6.175
-6.715
-7.914
-8.453
-10.312
-12.470
-13.909
-15.228
-16.846
-19.005
-21.463
-22.842
-22.722
-22.302
-22.302
-21.942
-21.403
-21.103
-20.743
-20.204
-19.844
-19.604
-19.424
-19.245
-18.645
-16.727
-14.568
-12.650
-12.770
-15.648
-18.046
-17.566
-16.607
-16.787
-17.146
-17.686
-18.105
-18.405
-18.345
-18.166
-18.105
-18.105
-18.166
-18.166
-18.105
-18.046
-18.166
-18.285
-18.405
-18.345
-18.345
-18.225
-18.166
-18.046
-18.046
-17.986
-17.866
-17.806
-17.806
-17.746
-17.686
-17.686
-17.626
-17.506
-17.446
-17.386
-17.326
-17.326
-17.386
-17.326
-17.326
-17.266
-17.206
-17.206
-17.206
-17.146
-17.146
-17.146
-17.086
-17.086
-17.146
-17.146
-17.086
-17.086
-17.086
-17.026
-17.026
-17.026
-17.026
-17.026
-16.966
-17.026
-16.966
-17.026
-17.086
-17.026
-17.026
-17.026
-17.026
-16.966
-16.966
-16.966
-16.966
-16.966
-16.907
-16.907
-16.907
-16.907
-16.846
-16.907
-16.907
-16.846
-16.787
-16.787
-16.846
-16.787
-16.787
-16.727
-16.727
-16.727
-16.727
-16.787
-16.846
-16.787
-16.787
-16.787
-16.727
-16.846
-16.907
-16.966
-16.846
-16.787
-16.727
-16.787
-16.787
-16.727
-16.787
-16.907
-16.907
-16.787
-16.787
-16.787
-16.846
-16.846
-16.846
-16.907
-16.846
-16.846
-16.846
-16.846
-16.846
-16.846
-16.907
-16.966
-16.907
-16.787
-16.727
-16.787
-16.787
-16.846
-16.787
-16.787
-16.787
-16.727
-16.727
-16.727
-16.667
-16.667
-16.667
-16.667
-16.667
-16.667
-16.667
-16.667
-16.667
-16.727
-16.667
-16.667
-16.667
-16.727
-16.787
-16.787
-16.787
-16.907
-16.907
-16.846
-16.846
-16.787
-16.727
-16.787
-16.787
-16.787
-16.846
-16.846
-16.846
-16.846
-16.727
-16.787
-16.787
-16.787
-16.787
-16.787
-16.667
-16.667
-16.727
-16.787
-16.787
-16.727
-16.667
-16.667
-16.787
-17.146
-17.626
-19.245
-23.561
-29.017
-33.214
-38.609
-40.947
-40.648
-39.508
-37.590
-34.173
-27.218
-17.506
-10.072
-3.177
0.779
-0.300
-2.098
-0.240
1.319
0.060
-1.499
-4.017
-7.614
-11.571
-20.024
-25.540
-28.537
-31.715
-34.053
-35.672
-35.072
-33.273
-32.434
-32.134
-27.818
-20.983
-10.611
-0.120
-1.619
-1.259
0.779
0.120
-1.319
-1.798
-2.398
-3.657
-4.976
-4.316
-4.137
-5.695
-6.894
-6.655
-7.374
-8.873
-12.230
-18.046
-22.062
-21.223
-20.444
-20.564
-20.504
-20.084
-19.904
-19.664
-19.604
-19.424
-19.125
-19.005
-18.885
-18.765
-18.525
-17.206
-16.846
-15.887
-11.571
-10.372
-13.429
-15.947
-15.827
-16.067
-17.686
-18.765
-17.986
-16.607
-17.206
-18.585
-18.825
-18.585
-18.525
-18.525
-18.465
-18.345
-18.285
-18.166
-18.105
-18.105
-18.046
-17.986
-17.866
-17.806
-17.146
-15.887
-16.187
-16.667
-16.787
-17.026
-17.326
-17.626
-17.686
-17.686
-17.566
-17.506
-17.446
-17.506
-17.446
-17.386
-17.386
-17.446
-17.446
-17.326
-17.206
-17.266
-17.206
-17.206
-17.206
-17.266
-17.266
-17.266
-17.206
-17.086
-17.086
-17.146
-17.146
-17.146
-17.206
-17.146
-17.086
-17.086
-17.086
-17.026
-17.026
-17.026
-16.966
-16.907
-16.907
-16.907
-16.846
-16.846
-16.846
-16.846
-16.846
-16.846
-16.907
-17.026
-16.966
-16.907
-16.907
-16.966
-16.966
-16.907
-16.846
-16.846
-16.846
-16.846
-16.846
-16.846
-16.846
-16.907
-16.787
-16.846
-16.846
-16.907
-16.966
-16.907
-16.846
-16.846
-16.907
-16.846
-16.907
-16.846
-16.846
-16.846
-16.907
-16.846
-16.787
-16.787
-16.787
-16.787
-16.787
-16.727
-16.727
-16.846
-16.846
-16.846
-16.787
-16.787
-16.787
-16.787
-16.846
-16.787
-16.787
-16.727
-16.727
-16.727
-16.727
-16.727
-16.727
-16.667
-16.667
-16.727
-16.727
-16.727
-16.727
-16.727
-16.787
-16.727
-16.727
-16.727
-16.727
-16.727
-16.727
-16.846
-16.787
-16.727
-16.787
-16.787
-16.727
-16.727
-16.727
-16.727
-16.727
-16.727
-16.727
-16.727
-16.727
-16.787
-16.846
-16.846
-16.907
-16.846
-16.846
-16.787
-16.787
-16.787
-16.787
-16.787
-16.727
-16.846
-16.787
-16.787
-16.787
-16.907
-17.866
-21.163
-27.758
-37.770
-43.945
-46.043
-47.782
-45.983
-39.449
-31.415
-23.621
-16.247
-5.396
5.396
7.374
7.794
7.194
4.736
1.919
-1.379
-4.436
-6.295
-8.153
-13.130
-23.861
-29.976
-34.952
-40.168
-42.446
-40.528
-37.530
-35.132
-33.094
-30.875
-27.878
-23.681
-15.827
-7.734
-2.998
2.278
3.777
3.777
3.417
2.458
1.559
-0.300
-2.278
-3.177
-4.077
-4.496
-4.856
-5.276
-5.935
-6.954
-9.592
-12.830
-15.228
-19.784
-23.981
-23.261
-23.022
-23.861
-23.501
-22.902
-22.602
-23.381
-24.101
-24.700
-24.820
-24.580
-22.422
-17.686
-11.331
-8.333
-10.791
-10.192
-8.393
-6.655
-7.074
