-16.846
-16.787
-16.787
-16.787
-16.846
-16.787
-16.787
-16.787
-16.846
-16.787
-16.727
-16.727
-16.727
-16.727
-16.727
-16.727
-16.787
-16.787
-16.727
-16.667
-16.667
-16.787
-16.727
-16.787
-16.787
-16.727
-16.727
-16.787
-16.727
-16.787
-16.846
-16.787
-16.787
-16.727
-16.787
-16.787
-16.846
-16.846
-16.787
-16.727
-16.667
-16.667
-16.727
-16.727
-16.667
-16.727
-16.667
-16.667
-16.667
-16.667
-16.667
-16.667
-16.667
-16.607
-16.607
-16.667
-16.787
-16.787
-16.727
-16.727
-16.727
-16.727
-16.727
-16.727
-16.787
-16.846
-16.907
-16.907
-16.846
-16.787
-16.787
-16.787
-16.787
-16.787
-16.787
-16.727
-16.727
-16.787
-16.787
-16.787
-16.846
-16.846
-16.787
-16.787
-16.787
-16.846
-16.846
-16.846
-16.846
-16.846
-16.787
-16.846
-16.787
-16.787
-16.846
-16.966
-16.907
-16.727
-16.667
-16.727
-16.727
-16.727
-16.787
-16.787
-16.846
-16.787
-16.846
-16.787
-16.727
-16.667
-16.727
-16.787
-16.787
-16.787
-16.787
-16.787
-16.846
-17.026
-17.326
-19.604
-23.261
-29.556
-38.309
-44.365
-45.624
-44.844
-44.125
-43.106
-39.209
-35.192
-31.715
-26.919
-21.463
-16.667
-11.031
-5.276
-1.859
5.036
7.554
7.794
5.995
3.297
1.679
1.259
1.919
2.458
2.518
2.158
-1.859
-7.314
-9.173
-11.511
-19.784
-30.935
-37.050
-40.708
-39.209
-36.691
-34.652
-31.954
-29.317
-24.401
-19.125
-15.528
-11.751
-9.592
-8.573
-8.573
-10.132
-11.031
-11.451
-11.931
-12.230
-12.470
-12.710
-13.010
-13.189
-13.429
-13.729
-14.029
-14.029
-13.069
-10.312
-6.595
-3.717
-2.278
-1.859
-3.177
-5.036
-6.175
-6.715
-7.914
-8.453
-10.312
-12.470
-13.909
-15.228
-16.846
-19.005
-21.463
-22.842
-22.722
-22.302
-22.302
-21.942
-21.403
-21.103
-20.743
-20.204
-19.844
-19.604
-19.424
-19.245
-18.645
-16.727
-14.568
-12.650
-12.770
-15.648
-18.046
-17.566
-16.607
-16.787
-17.146
-17.686
-18.105
-18.405
-18.345
-18.166
-18.105
-18.105
-18.166
-18.166
-18.105
-18.046
-18.166
-18.285
-18.405
-18.345
-18.345
-18.225
-18.166
-18.046
-18.046
-17.986
-17.866
-17.806
-17.806
-17.746
-17.686
-17.686
-17.626
-17.506
-17.446
-17.386
-17.326
-17.326
-17.386
-17.326
-17.326
-17.266
-17.206
-17.206
-17.206
-17.146
-17.146
-17.146
-17.086
-17.086
-17.146
-17.146
-17.086
-17.086
-17.086
-17.026
-17.026
-17.026
-17.026
-17.026
-16.966
-17.026
-16.966
-17.026
-17.086
-17.026
-17.026
-17.026
-17.026
-16.966
-16.966
-16.966
-16.966
-16.966
-16.907
-16.907
-16.907
-16.907
-16.846
-16.907
-16.907
-16.846
-16.787
-16.787
-16.846
-16.787
-16.787
-16.727
-16.727
-16.727
-16.727
-16.787
-16.846
-16.787
-16.787
-16.787
-16.727
-16.846
-16.907
-16.966
-16.846
-16.787
-16.727
-16.787
-16.787
-16.727
-16.787
-16.907
-16.907
-16.787
-16.787
-16.787
-16.846
-16.846
-16.846
-16.907
-16.846
-16.846
-16.846
-16.846
-16.846
-16.846
-16.907
-16.966
-16.907
-16.787
-16.727
-16.787
-16.787
-16.846
-16.787
-16.787
-16.787
-16.727
-16.727
-16.727
-16.667
-16.667
-16.667
-16.667
-16.667
-16.667
-16.667
-16.667
-16.667
-16.727
-16.667
-16.667
-16.667
-16.727
-16.787
-16.787
-16.787
-16.907
-16.907
-16.846
-16.846
-16.787
-16.727
-16.787
-16.787
-16.787
-16.846
-16.846
-16.846
-16.846
-16.727
-16.787
-16.787
-16.787
-16.787
-16.787
-16.667
-16.667
-16.727
-16.787
-16.787
-16.727
-16.667
-16.667
-16.787
-17.146
-17.626
-19.245
-23.561
-29.017
-33.214
-38.609
-40.947
-40.648
-39.508
-37.590
-34.173
-27.218
-17.506
-10.072
-3.177
0.779
-0.300
-2.098
-0.240
1.319
0.060
-1.499
-4.017
-7.614
-11.571
-20.024
-25.540
-28.537
-31.715
-34.053
-35.672
-35.072
-33.273
-32.434
-32.134
-27.818
-20.983
-10.611
-0.120
-1.619
-1.259
0.779
0.120
-1.319
-1.798
-2.398
-3.657
-4.976
-4.316
-4.137
-5.695
-6.894
-6.655
-7.374
-8.873
-12.230
-18.046
-22.062
-21.223
-20.444
-20.564
-20.504
-20.084
-19.904
-19.664
-19.604
-19.424
-19.125
-19.005
-18.885
-18.765
-18.525
-17.206
-16.846
-15.887
-11.571
-10.372
-13.429
-15.947
-15.827
-16.067
-17.686
-18.765
-17.986
-16.607
-17.206
-18.585
-18.825
-18.585
-18.525
-18.525
-18.465
-18.345
-18.285
-18.166
-18.105
-18.105
-18.046
-17.986
-17.866
-17.806
-17.146
-15.887
-16.187
-16.667
-16.787
-17.026
-17.326
-17.626
-17.686
-17.686
-17.566
-17.506
-17.446
-17.506
-17.446
-17.386
-17.386
-17.446
-17.446
-17.326
-17.206
-17.266
-17.206
-17.206
-17.206
-17.266
-17.266
-17.266
-17.206
-17.086
-17.086
-17.146
-17.146
-17.146
-17.206
-17.146
-17.086
-17.086
-17.086
-17.026
-17.026
-17.026
-16.966
-16.907
-16.907
-16.907
-16.846
-16.846
-16.846
-16.846
-16.846
-16.846
-16.907
-17.026
-16.966
-16.907
-16.907
-16.966
-16.966
-16.907
-16.846
-16.846
-16.846
-16.846
-16.846
-16.846
-16.846
-16.907
-16.787
-16.846
-16.846
-16.907
-16.966
-16.907
-16.846
-16.846
-16.907
-16.846
-16.907
-16.846
-16.846
-16.846
-16.907
-16.846
-16.787
-16.787
-16.787
-16.787
-16.787
-16.727
-16.727
-16.846
-16.846
-16.846
-16.787
-16.787
-16.787
-16.787
-16.846
-16.787
-16.787
-16.727
-16.727
-16.727
-16.727
-16.727
-16.727
-16.667
-16.667
-16.727
-16.727
-16.727
-16.727
-16.727
-16.787
-16.727
-16.727
-16.727
-16.727
-16.727
-16.727
-16.846
-16.787
-16.727
-16.787
-16.787
-16.727
-16.727
-16.727
-16.727
-16.727
-16.727
-16.727
-16.727
-16.727
-16.787
-16.846
-16.846
-16.907
-16.846
-16.846
-16.787
-16.787
-16.787
-16.787
-16.787
-16.727
-16.846
-16.787
-16.787
-16.787
-16.907
-17.866
-21.163
-27.758
-37.770
-43.945
-46.043
-47.782
-45.983
-39.449
-31.415
-23.621
-16.247
-5.396
5.396
7.374
7.794
7.194
4.736
1.919
-1.379
-4.436
-6.295
-8.153
-13.130
-23.861
-29.976
-34.952
-40.168
-42.446
-40.528
-37.530
-35.132
-33.094
-30.875
-27.878
-23.681
-15.827
-7.734
-2.998
2.278
3.777
3.777
3.417
2.458
1.559
-0.300
-2.278
-3.177
-4.077
-4.496
-4.856
-5.276
-5.935
-6.954
-9.592
-12.830
-15.228
-19.784
-23.981
-23.261
-23.022
-23.861
-23.501
-22.902
-22.602
-23.381
-24.101
-24.700
-24.820
-24.580
-22.422
-17.686
-11.331
-8.333
-10.791
-10.192
-8.393
-6.655
-7.074
-8.633
-10.072
-11.391
-13.010
-14.628
-15.707
-16.667
-17.506
-17.986
-18.345
-19.245
-19.604
-19.364
-19.125
-19.005
-18.825
-18.765
-18.705
-18.585
-18.465
-18.405
-18.345
-18.225
-18.166
-18.105
-18.046
-17.986
-17.086
-16.607
-16.367
-15.468
-16.007
-17.566
-18.046
-17.686
-17.446
-16.966
-16.846
-17.206
-17.806
-17.926
-17.806
-17.686
-17.686
-17.566
-17.566
-17.566
-17.566
-17.446
-17.386
-17.386
-17.386
-17.326
-17.326
-17.026
-15.947
-16.127
-16.307
-16.307
-16.547
-16.787
-17.026
-17.026
-17.086
-17.086
-17.146
-17.206
-17.326
-17.326
-17.386
-17.266
-17.206
-17.266
-17.266
-17.206
-17.206
-17.206
-17.206
-17.146
-17.086
-17.086
-17.026
-17.026
-17.026
-17.026
-17.026
-17.026
-17.026
-16.966
-16.907
-16.966
-16.907
-16.907
-16.907
-16.907
-16.966
-16.907
-16.846
-16.907
-16.966
-16.966
-16.907
-16.966
-16.966
-16.846
-16.787
-16.727
-16.787
-16.846
-16.787
-16.787
-16.787
-16.787
-16.846
-16.907
-16.966
-16.966
-16.966
-16.907
-16.907
-16.907
-16.907
-16.966
-16.907
-16.846
-16.787
-16.846
-16.846
-16.846
-16.846
-16.846
-16.907
-16.907
-16.727
-16.727
-16.787
-16.787
-16.787
-16.846
-16.846
-16.846
-16.846
-16.907
-16.846
-16.846
-16.846
-16.846
-16.787
-16.787
-16.787
-16.727
-16.727
-16.727
-16.787
-16.787
-16.727
-16.727
-16.846
-16.787
-16.787
-16.727
-16.727
-16.846
-16.787
-16.846
-17.386
-21.343
-29.976
-35.971
-38.369
-41.007
-43.166
-44.005
-44.125
-42.386
-39.808
-38.369
-36.511
-30.576
-24.340
-18.405
-10.192
-4.316
-3.058
1.499
6.775
7.614
6.595
6.055
5.216
4.317
3.657
2.758
1.619
-0.060
-1.978
-2.578
-2.578
-4.316
-8.393
-10.731
-15.228
-26.679
-31.295
-31.415
-33.393
-34.652
-35.672
-35.552
-34.472
-32.974
-29.496
-21.883
-14.269
-11.271
-9.233
-4.496
-1.499
-1.379
-3.058
-4.436
-4.077
-3.237
-2.698
-3.357
-4.676
-6.655
-8.153
-9.053
-10.192
-11.990
-13.969
-15.767
-19.125
-21.343
-20.863
-20.444
-20.324
-20.084
-19.904
-19.784
-19.724
-19.604
-19.364
-19.305
-19.185
-18.705
-17.206
-17.086
-17.986
-17.386
-16.727
-16.007
-15.048
-15.468
-18.765
-19.005
-18.705
-18.645
-18.585
-18.465
-18.465
-18.405
-18.285
-18.105
-17.986
-17.986
-17.926
-17.926
-17.866
-17.866
-17.746
-17.686
-17.686
-17.626
-17.566
-17.506
-17.506
-17.446
-17.386
-17.386
-17.386
-17.386
-17.386
-17.266
-17.206
-17.206
-17.206
-17.206
-17.146
-17.146
-17.086
-17.026
-17.026
-17.086
-17.146
-17.086
-17.026
-17.026
-16.966
-16.966
-17.026
-16.966
-16.966
-16.966
-17.026
-17.026
-17.026
-17.026
-16.907
-16.846
-16.846
-16.966
-16.966
-16.966
-16.966
-16.966
-16.966
-16.966
-16.966
-16.907
-16.907
-16.907
-16.907
-16.907
-16.846
-16.846
-16.907
-16.966
-17.026
-16.966
-16.966
-16.907
-16.907
-16.907
-16.846
-16.787
-16.787
-16.907
-16.846
-16.846
-16.846
-16.787
-16.787
-16.846
-16.846
-16.787
-16.787
-16.846
-16.846
-16.907
-16.846
-16.846
-16.846
-16.846
-16.787
-16.787
-16.846
-16.846
-16.787
-16.727
-16.727
-16.787
-16.787
-16.787
-16.787
-16.787
-16.787
-16.787
-16.787
-16.727
-16.727
-16.787
-16.727
-16.667
-16.667
-16.727
-16.727
-16.727
-16.727
-16.727
-16.727
-16.787
-16.846
-16.846
-16.846
-16.846
-16.846
-16.846
-16.846
-16.846
-16.846
-16.846
-16.846
-16.846
-16.846
-16.787
-16.727
-16.787
-16.846
-16.846
-16.907
-16.787
-16.727
-16.727
-16.727
-16.667
-16.607
-16.547
-16.607
-16.667
-16.727
-16.727
-16.727
-16.787
-16.846
-16.787
-16.787
-16.787
-16.727
-16.727
-16.727
-16.727
-16.727
-16.727
-16.727
-16.787
-16.846
-16.787
-16.787
-16.727
-16.727
-16.787
-16.846
-16.846
-16.787
-16.727
-16.727
-16.787
-16.787
-16.787
-16.787
-16.846
-16.846
-16.846
-16.846
-16.846
-16.846
-16.846
-17.326
-19.604
-23.381
-23.981
-23.801
-25.660
-25.839
-25.120
-26.499
-25.300
-23.142
-22.542
-18.345
-9.652
-2.278
0.360
0.779
0.300
-2.098
-5.935
-8.753
-17.386
-34.832
-42.866
-45.144
-43.225
-43.166
-43.825
-41.067
-39.089
-36.031
-30.995
-22.422
-14.868
-2.698
6.415
6.955
6.415
5.456
4.017
2.578
0.659
0.000
-0.060
-1.499
-3.237
-3.597
-4.316
-7.674
-11.091
-13.249
-18.166
-23.142
-22.962
-23.861
-25.779
-28.477
-31.835
-33.154
-33.034
-32.374
-30.156
-26.679
-22.182
-16.907
-13.189
-8.513
-5.396
-6.415
-6.715
-5.096
-3.177
-4.137
-6.115
-7.074
-7.314
-7.614
-8.453
-9.053
-10.192
-12.170
-14.089
-15.288
-15.767
-15.947
-16.787
-18.405
-19.724
-20.324
-20.144
-19.964
-19.784
-19.724
-19.604
-19.484
-19.305
-19.125
-19.065
-18.945
-18.825
-18.705
-18.645
-18.465
-18.465
-18.345
-18.345
-18.225
-18.105
-17.326
-16.667
-16.007
-16.007
-15.947
-16.067
-16.187
-16.247
-17.146
-18.166
-18.166
-17.986
-17.866
-17.806
-17.866
-17.866
-17.806
-17.686
-17.626
-17.626
-17.626
-17.566
-17.506
-17.506
-17.446
-17.446
-17.446
-17.326
-17.326
-17.326
-17.206
-17.206
-17.206
-17.266
-17.206
-17.146
-17.146
-17.146
-17.086
-17.086
-17.086
-17.146
-17.146
-17.146
-17.086
-16.966
-16.907
-16.966
-17.026
-17.086
-17.026
-16.966
-16.966
-16.907
-16.907
-16.907
-16.907
-16.907
-16.907
-16.907
-16.846
-16.846
-16.907
-16.966
-16.966
-16.907
-16.846
-16.846
-16.787
-16.907
-16.846
-16.787
-16.846
-16.846
-16.907
-16.907
-16.846
-16.846
-16.846
-16.787
-16.787
-16.787
-16.727
-16.727
-16.787
-16.846
-16.846
-16.787
-16.787
-16.846
-16.846
-16.846
-16.787
-16.727
-16.727
-16.787
-16.787
-16.787
-16.846
-16.846
-16.846
-16.846
-16.846
-16.846
-16.846
-16.846
-16.907
-16.907
-16.787
-16.787
-16.907
-16.907
-16.787
-16.727
-16.727
-16.787
-16.846
-16.787
-16.787
-16.787
-16.846
-16.846
-16.787
-16.727
-16.727
-16.846
-16.787
-16.787
-16.787
-16.787
-16.787
-16.787
-16.787
-16.727
-16.667
-16.727
-16.787
-16.787
-16.787
-16.907
-17.686
-20.444
-26.559
-34.532
-40.588
-42.686
-42.986
-42.746
-41.127
-37.710
-31.715
-22.842
-12.230
-3.657
1.019
2.398
1.619
0.959
2.578
1.319
-0.600
-1.499
-1.798
-2.758
-4.017
-6.175
-9.233
-11.031
-13.909
-22.242
-27.578
-24.940
-28.237
-35.252
-39.329
-37.530
-37.290
-35.492
-33.693
-32.194
-30.096
-26.079
-18.645
-9.712
-1.139
1.439
-0.839
-4.316
-2.758
-0.120
-0.779
-2.458
-3.837
-5.695
-6.655
-7.674
-8.213
-9.173
-10.072
-11.271
-14.329
-18.105
-18.765
-17.986
-15.228
-11.211
-9.233
-10.312
-10.851
-11.511
