-17.266
-17.206
-17.086
-17.086
-17.146
-17.146
-17.146
-17.206
-17.146
-17.086
-17.086
-17.086
-17.026
-17.026
-17.026
-16.966
-16.907
-16.907
-16.907
-16.846
-16.846
-16.846
-16.846
-16.846
-16.846
-16.907
-17.026
-16.966
-16.907
-16.907
-16.966
-16.966
-16.907
-16.846
-16.846
-16.846
-16.846
-16.846
-16.846
-16.846
-16.907
-16.787
-16.846
-16.846
-16.907
-16.966
-16.907
-16.846
-16.846
-16.907
-16.846
-16.907
-16.846
-16.846
-16.846
-16.907
-16.846
-16.787
-16.787
-16.787
-16.787
-16.787
-16.727
-16.727
-16.846
-16.846
-16.846
-16.787
-16.787
-16.787
-16.787
-16.846
-16.787
-16.787
-16.727
-16.727
-16.727
-16.727
-16.727
-16.727
-16.667
-16.667
-16.727
-16.727
-16.727
-16.727
-16.727
-16.787
-16.727
-16.727
-16.727
-16.727
-16.727
-16.727
-16.846
-16.787
-16.727
-16.787
-16.787
-16.727
-16.727
-16.727
-16.727
-16.727
-16.727
-16.727
-16.727
-16.727
-16.787
-16.846
-16.846
-16.907
-16.846
-16.846
-16.787
-16.787
-16.787
-16.787
-16.787
-16.727
-16.846
-16.787
-16.787
-16.787
-16.907
-17.866
-21.163
-27.758
-37.770
-43.945
-46.043
-47.782
-45.983
-39.449
-31.415
-23.621
-16.247
-5.396
5.396
7.374
7.794
7.194
4.736
1.919
-1.379
-4.436
-6.295
-8.153
-13.130
-23.861
-29.976
-34.952
-40.168
-42.446
-40.528
-37.530
-35.132
-33.094
-30.875
-27.878
-23.681
-15.827
-7.734
-2.998
2.278
3.777
3.777
3.417
2.458
1.559
-0.300
-2.278
-3.177
-4.077
-4.496
-4.856
-5.276
-5.935
-6.954
-9.592
-12.830
-15.228
-19.784
-23.981
-23.261
-23.022
-23.861
-23.501
-22.902
-22.602
-23.381
-24.101
-24.700
-24.820
-24.580
-22.422
-17.686
-11.331
-8.333
-10.791
-10.192
-8.393
-6.655
-7.074
-8.633
-10.072
-11.391
-13.010
-14.628
-15.707
-16.667
-17.506
-17.986
-18.345
-19.245
-19.604
-19.364
-19.125
-19.005
-18.825
-18.765
-18.705
-18.585
-18.465
-18.405
-18.345
-18.225
-18.166
-18.105
-18.046
-17.986
-17.086
-16.607
-16.367
-15.468
-16.007
-17.566
-18.046
-17.686
-17.446
-16.966
-16.846
-17.206
-17.806
-17.926
-17.806
-17.686
-17.686
-17.566
-17.566
-17.566
-17.566
-17.446
-17.386
-17.386
-17.386
-17.326
-17.326
-17.026
-15.947
-16.127
-16.307
-16.307
-16.547
-16.787
-17.026
-17.026
-17.086
-17.086
-17.146
-17.206
-17.326
-17.326
-17.386
-17.266
-17.206
-17.266
-17.266
-17.206
-17.206
-17.206
-17.206
-17.146
-17.086
-17.086
-17.026
-17.026
-17.026
-17.026
-17.026
-17.026
-17.026
-16.966
-16.907
-16.966
-16.907
-16.907
-16.907
-16.907
-16.966
-16.907
-16.846
-16.907
-16.966
-16.966
-16.907
-16.966
-16.966
-16.846
-16.787
-16.727
-16.787
-16.846
-16.787
-16.787
-16.787
-16.787
-16.846
-16.907
-16.966
-16.966
-16.966
-16.907
-16.907
-16.907
-16.907
-16.966
-16.907
-16.846
-16.787
-16.846
-16.846
-16.846
-16.846
-16.846
-16.907
-16.907
-16.727
-16.727
-16.787
-16.787
-16.787
-16.846
-16.846
-16.846
-16.846
-16.907
-16.846
-16.846
-16.846
-16.846
-16.787
-16.787
-16.787
-16.727
-16.727
-16.727
-16.787
-16.787
-16.727
-16.727
-16.846
-16.787
-16.787
-16.727
-16.727
-16.846
-16.787
-16.846
-17.386
-21.343
-29.976
-35.971
-38.369
-41.007
-43.166
-44.005
-44.125
-42.386
-39.808
-38.369
-36.511
-30.576
-24.340
-18.405
-10.192
-4.316
-3.058
1.499
6.775
7.614
6.595
6.055
5.216
4.317
3.657
2.758
1.619
-0.060
-1.978
-2.578
-2.578
-4.316
-8.393
-10.731
-15.228
-26.679
-31.295
-31.415
-33.393
-34.652
-35.672
-35.552
-34.472
-32.974
-29.496
-21.883
-14.269
-11.271
-9.233
-4.496
-1.499
-1.379
-3.058
-4.436
-4.077
-3.237
-2.698
-3.357
-4.676
-6.655
-8.153
-9.053
-10.192
-11.990
-13.969
-15.767
-19.125
-21.343
-20.863
-20.444
-20.324
-20.084
-19.904
-19.784
-19.724
-19.604
-19.364
-19.305
-19.185
-18.705
-17.206
-17.086
-17.986
-17.386
-16.727
-16.007
-15.048
-15.468
-18.765
-19.005
-18.705
-18.645
-18.585
-18.465
-18.465
-18.405
-18.285
-18.105
-17.986
-17.986
-17.926
-17.926
-17.866
-17.866
-17.746
-17.686
-17.686
-17.626
-17.566
-17.506
-17.506
-17.446
-17.386
-17.386
-17.386
-17.386
-17.386
-17.266
-17.206
-17.206
-17.206
-17.206
-17.146
-17.146
-17.086
-17.026
-17.026
-17.086
-17.146
-17.086
-17.026
-17.026
-16.966
-16.966
-17.026
-16.966
-16.966
-16.966
-17.026
-17.026
-17.026
-17.026
-16.907
-16.846
-16.846
-16.966
-16.966
-16.966
-16.966
-16.966
-16.966
-16.966
-16.966
-16.907
-16.907
-16.907
-16.907
-16.907
-16.846
-16.846
-16.907
-16.966
-17.026
-16.966
-16.966
-16.907
-16.907
-16.907
-16.846
-16.787
-16.787
-16.907
-16.846
-16.846
-16.846
-16.787
-16.787
-16.846
-16.846
-16.787
-16.787
-16.846
-16.846
-16.907
-16.846
-16.846
-16.846
-16.846
-16.787
-16.787
-16.846
-16.846
-16.787
-16.727
-16.727
-16.787
-16.787
-16.787
-16.787
-16.787
-16.787
-16.787
-16.787
-16.727
-16.727
-16.787
-16.727
-16.667
-16.667
-16.727
-16.727
-16.727
-16.727
-16.727
-16.727
-16.787
-16.846
-16.846
-16.846
-16.846
-16.846
-16.846
-16.846
-16.846
-16.846
-16.846
-16.846
-16.846
-16.846
-16.787
-16.727
-16.787
-16.846
-16.846
-16.907
-16.787
-16.727
-16.727
-16.727
-16.667
-16.607
-16.547
-16.607
-16.667
-16.727
-16.727
-16.727
-16.787
-16.846
-16.787
-16.787
-16.787
-16.727
-16.727
-16.727
-16.727
-16.727
-16.727
-16.727
-16.787
-16.846
-16.787
-16.787
-16.727
-16.727
-16.787
-16.846
-16.846
-16.787
-16.727
-16.727
-16.787
-16.787
-16.787
-16.787
-16.846
-16.846
-16.846
-16.846
-16.846
-16.846
-16.846
-17.326
-19.604
-23.381
-23.981
-23.801
-25.660
-25.839
-25.120
-26.499
-25.300
-23.142
-22.542
-18.345
-9.652
-2.278
0.360
0.779
0.300
-2.098
-5.935
-8.753
-17.386
-34.832
-42.866
-45.144
-43.225
-43.166
-43.825
-41.067
-39.089
-36.031
-30.995
-22.422
-14.868
-2.698
6.415
6.955
6.415
5.456
4.017
2.578
0.659
0.000
-0.060
-1.499
-3.237
-3.597
-4.316
-7.674
-11.091
-13.249
-18.166
-23.142
-22.962
-23.861
-25.779
-28.477
-31.835
-33.154
-33.034
-32.374
-30.156
-26.679
-22.182
-16.907
-13.189
-8.513
-5.396
-6.415
-6.715
-5.096
-3.177
-4.137
-6.115
-7.074
-7.314
-7.614
-8.453
-9.053
-10.192
-12.170
-14.089
-15.288
-15.767
-15.947
-16.787
-18.405
-19.724
-20.324
-20.144
-19.964
-19.784
-19.724
-19.604
-19.484
-19.305
-19.125
-19.065
-18.945
-18.825
-18.705
-18.645
-18.465
-18.465
-18.345
-18.345
-18.225
-18.105
-17.326
-16.667
-16.007
-16.007
-15.947
-16.067
-16.187
-16.247
-17.146
-18.166
-18.166
-17.986
-17.866
-17.806
-17.866
-17.866
-17.806
-17.686
-17.626
-17.626
-17.626
-17.566
-17.506
-17.506
-17.446
-17.446
-17.446
-17.326
-17.326
-17.326
-17.206
-17.206
-17.206
-17.266
-17.206
-17.146
-17.146
-17.146
-17.086
-17.086
-17.086
-17.146
-17.146
-17.146
-17.086
-16.966
-16.907
-16.966
-17.026
-17.086
-17.026
-16.966
-16.966
-16.907
-16.907
-16.907
-16.907
-16.907
-16.907
-16.907
-16.846
-16.846
-16.907
-16.966
-16.966
-16.907
-16.846
-16.846
-16.787
-16.907
-16.846
-16.787
-16.846
-16.846
-16.907
-16.907
-16.846
-16.846
-16.846
-16.787
-16.787
-16.787
-16.727
-16.727
-16.787
-16.846
-16.846
-16.787
-16.787
-16.846
-16.846
-16.846
-16.787
-16.727
-16.727
-16.787
-16.787
-16.787
-16.846
-16.846
-16.846
-16.846
-16.846
-16.846
-16.846
-16.846
-16.907
-16.907
-16.787
-16.787
-16.907
-16.907
-16.787
-16.727
-16.727
-16.787
-16.846
-16.787
-16.787
-16.787
-16.846
-16.846
-16.787
-16.727
-16.727
-16.846
-16.787
-16.787
-16.787
-16.787
-16.787
-16.787
-16.787
-16.727
-16.667
-16.727
-16.787
-16.787
-16.787
-16.907
-17.686
-20.444
-26.559
-34.532
-40.588
-42.686
-42.986
-42.746
-41.127
-37.710
-31.715
-22.842
-12.230
-3.657
1.019
2.398
1.619
0.959
2.578
1.319
-0.600
-1.499
-1.798
-2.758
-4.017
-6.175
-9.233
-11.031
-13.909
-22.242
-27.578
-24.940
-28.237
-35.252
-39.329
-37.530
-37.290
-35.492
-33.693
-32.194
-30.096
-26.079
-18.645
-9.712
-1.139
1.439
-0.839
-4.316
-2.758
-0.120
-0.779
-2.458
-3.837
-5.695
-6.655
-7.674
-8.213
-9.173
-10.072
-11.271
-14.329
-18.105
-18.765
-17.986
-15.228
-11.211
-9.233
-10.312
-10.851
-11.511
-12.410
-13.609
-11.751
-10.731
-12.710
-18.705
-21.703
-21.283
-21.103
-20.923
-20.683
-20.623
-20.264
-20.144
-20.024
-19.844
-19.724
-19.604
-19.424
-19.185
-19.185
-19.125
-18.945
-18.825
-18.705
-18.585
-18.465
-18.405
-18.345
-18.285
-18.225
-18.166
-18.046
-18.046
-17.926
-17.746
-17.746
-17.686
-17.566
-17.566
-17.566
-17.446
-17.386
-17.266
-17.266
-17.326
-17.386
-17.386
-17.386
-17.386
-17.266
-17.266
-17.326
-17.266
-17.266
-17.206
-17.146
-17.146
-17.146
-17.146
-17.086
-17.086
-17.086
-17.086
-17.086
-17.026
-17.026
-17.026
-16.966
-17.026
-17.026
-17.026
-17.086
-16.966
-16.907
-16.907
-16.966
-16.966
-16.966
-16.966
-16.846
-16.846
-16.846
-16.846
-16.846
-16.846
-16.846
-16.846
-16.907
-16.907
-16.846
-16.787
-16.787
-16.787
-16.846
-16.846
-16.846
-16.846
-16.907
-16.907
-16.907
-16.846
-16.846
-16.846
-16.846
-16.787
-16.846
-16.846
-16.907
-16.846
-16.727
-16.727
-16.787
-16.787
-16.846
-16.846
-16.787
-16.787
-16.787
-16.846
-16.846
-16.846
-16.787
-16.787
-16.787
-16.787
-16.787
-16.727
-16.667
-16.667
-16.667
-16.667
-16.667
-16.727
-16.787
-16.787
-16.727
-16.727
-16.727
-16.727
-16.727
-16.727
-16.727
-16.727
-16.787
-16.787
-16.727
-16.727
-16.727
-16.846
-16.907
-16.907
-16.907
-16.907
-16.907
-16.907
-16.907
-16.907
-16.787
-16.727
-16.727
-16.787
-16.787
-16.727
-16.727
-16.667
-16.667
-16.727
-16.787
-16.846
-16.846
-16.846
-16.846
-16.846
-16.846
-16.846
-16.787
-16.727
-16.787
-16.787
-16.787
-16.787
-16.846
-16.787
-16.727
-16.727
-16.727
-16.787
-16.787
-16.727
-16.727
-16.667
-16.667
-16.667
-16.787
-16.787
-16.787
-16.787
-16.846
-16.846
-16.907
-16.846
-16.846
-16.846
-16.846
-16.846
-16.846
-16.846
-16.846
-16.787
-16.787
-16.787
-16.907
-17.446
-20.084
-25.060
-34.173
-44.425
-44.904
-42.566
-42.266
-41.967
-40.348
-38.429
-34.532
-23.261
-8.213
-0.959
4.796
6.595
4.916
4.796
4.257
4.137
3.957
2.518
0.000
-3.237
-7.734
-19.724
-34.413
-38.130
-36.631
-37.890
-41.907
-42.986
-39.149
-35.672
-34.353
-31.775
-26.978
-23.081
-19.784
-16.667
-12.650
-10.012
-7.914
-3.537
4.317
6.295
5.576
4.077
1.499
0.120
-1.259
-2.278
-2.878
-3.897
-4.796
-5.516
-6.175
-6.655
-7.014
-7.494
-8.034
-8.393
-9.053
-9.652
-10.132
-10.851
-12.290
-14.149
-15.947
-17.386
-18.345
-18.945
-19.245
-19.305
-19.364
-19.664
-19.844
-19.964
-20.803
-20.923
-20.623
-20.444
-20.324
-20.204
-19.964
-19.784
-19.664
-19.544
-19.484
-19.305
-19.185
-19.065
-18.885
-18.765
-18.166
-17.686
-17.446
-17.566
-17.506
-16.547
-16.187
-16.907
-17.266
-17.566
-17.626
-17.686
-17.806
-17.926
-18.166
-18.225
-18.166
-18.166
-18.105
-18.046
-17.986
-17.926
-17.806
-17.806
-17.806
-17.686
-17.626
-17.566
-17.566
-17.446
-17.446
-17.386
-17.326
-17.266
-17.206
-17.206
-16.966
-15.648
-15.827
-16.187
-16.367
-16.547
-16.727
-16.907
-16.966
-17.266
-17.386
-17.326
-17.266
-17.266
-17.266
-17.266
-17.206
-17.206
-17.206
-17.206
-17.146
-17.146
-17.146
-17.146
-17.146
-17.086
-17.086
-17.086
-16.907
-16.187
-16.187
-16.367
-16.427
-16.487
-16.667
-16.727
-16.787
-16.966
-16.966
-16.966
-16.966
-16.966
-16.966
-16.966
-17.026
-17.026
-17.026
-17.026
-17.026
-16.966
-16.907
-16.907
-16.966
-17.026
-16.966
-16.966
-16.966
-16.966
-16.907
-16.907
-16.907
-16.727
-16.067
-16.187
-16.547
-16.667
-16.846
-16.966
-16.966
-16.966
-16.966
-16.907
-16.907
-16.907
-16.846
-16.846
-16.907
-16.907
-16.907
-16.907
-16.787
-16.787
-16.787
-16.846
-16.907
-16.966
-16.907
-16.846
-16.846
-16.846
-16.846
-16.787
-16.787
-16.787
-16.787
-16.787
-16.787
-16.787
-16.787
-16.787
-16.787
-16.787
-16.787
-16.787
-16.787
-16.846
-16.907
-16.846
-16.787
-16.787
-16.846
-16.846
-16.846
-16.787
-16.787
-16.787
-16.787
-16.787
-16.787
-16.846
-16.846
-16.846
-16.846
-16.846
-16.846
-16.846
-16.787
-16.787
-16.787
-16.787
-16.846
-16.787
-16.787
-16.846
-16.787
-16.787
-16.846
-16.846
-16.787
-16.787
-16.846
-16.787
-16.787
-16.846
-16.846
-16.846
-16.846
-16.846
-16.846
-16.787
-16.787
-16.907
-16.787
-16.787
-16.787
-16.846
-16.907
-17.086
-17.146
-16.966
-16.846
-16.787
-16.607
-16.607
-16.547
-16.547
-16.966
-17.266
-19.664
-26.739
-35.252
-43.166
-47.542
-45.923
-43.885
-43.285
-41.607
-36.571
-26.259
-11.691
0.000
6.894
7.194
7.194
5.396
