-43.885
-43.285
-41.607
-36.571
-26.259
-11.691
0.000
6.894
7.194
7.194
5.396
3.717
1.439
-0.180
-1.739
-3.237
-6.954
-17.806
-29.736
-32.794
-37.530
-39.748
-38.969
-39.209
-36.931
-33.753
-31.954
-27.878
-19.844
-7.614
1.739
2.818
2.698
3.237
3.597
3.957
2.818
0.779
0.300
0.300
0.180
-0.120
-2.998
-9.532
-11.151
-11.990
-13.909
-17.986
-20.683
-20.384
-20.024
-19.844
-19.604
-19.544
-19.484
-19.364
-19.125
-18.945
-18.705
-18.645
-18.585
-17.326
-13.609
-13.489
-13.669
-12.710
-13.309
-15.468
-16.727
-17.146
-17.266
-17.446
-17.686
-18.046
-18.765
-18.825
-18.645
-18.525
-18.465
-18.465
-18.405
-18.345
-18.345
-18.225
-18.166
-18.105
-17.986
-17.986
-17.926
-17.866
-17.806
-17.746
-17.626
-17.566
-17.386
-16.727
-16.307
-17.146
-16.787
-16.487
-16.127
-15.827
-16.247
-16.966
-17.746
-17.626
-17.506
-17.506
-17.446
-17.386
-17.386
-17.386
-17.386
-17.206
-17.206
-17.266
-17.326
-17.266
-17.206
-17.146
-17.146
-17.146
-17.206
-16.966
-16.307
-16.727
-16.727
-16.607
-16.187
-16.607
-17.206
-17.206
-17.146
-17.086
-17.086
-17.146
-17.146
-17.086
-17.026
-17.026
-17.026
-17.026
-17.026
-17.026
-16.966
-16.966
-17.026
-17.086
-16.966
-16.966
-17.026
-17.086
-17.026
-17.026
-16.907
-16.907
-16.907
-16.907
-16.907
-16.907
-16.846
-16.846
-16.907
-16.966
-16.966
-16.907
-16.907
-16.966
-16.907
-16.907
-16.846
-16.846
-16.907
-16.846
-16.846
-16.846
-16.787
-16.787
-16.846
-16.846
-16.846
-16.907
-16.907
-16.846
-16.846
-16.846
-16.907
-16.846
-16.846
-16.846
-16.727
-16.727
-16.846
-16.846
-16.787
-16.787
-16.787
-16.727
-16.727
-16.727
-16.787
-16.787
-16.727
-16.727
-16.727
-16.727
-16.727
-16.787
-16.787
-16.727
-16.727
-16.787
-16.846
-16.846
-16.846
-16.907
-16.846
-16.846
-16.846
-16.846
-16.846
-16.846
-16.846
-16.787
-16.787
-16.787
-16.787
-16.787
-16.787
-16.846
-16.846
-16.787
-16.787
-16.787
-16.846
-16.846
-16.907
-16.787
-16.787
-16.787
-16.787
-16.846
-16.846
-16.846
-16.787
-16.787
-16.787
-16.787
-16.787
-16.787
-16.787
-16.727
-16.727
-16.787
-16.846
-16.846
-16.787
-16.787
-16.787
-16.787
-16.787
-16.787
-16.966
-17.326
-18.285
-21.223
-26.439
-33.453
-42.206
-45.983
-45.743
-46.043
-41.607
-33.633
-25.779
-18.345
-12.290
-6.775
2.818
6.175
6.775
6.955
4.496
1.859
-0.719
-3.897
-6.655
-7.494
-13.429
-25.540
-29.856
-33.633
-41.067
-46.763
-46.163
-41.847
-35.312
-29.377
-25.480
-21.763
-16.127
-9.113
-3.597
2.038
3.237
1.619
0.839
0.899
0.719
0.180
-0.300
-0.719
-1.199
-1.859
-2.758
-5.096
-7.074
-9.712
-11.751
-12.770
-13.849
-15.408
-18.645
-20.743
-20.444
-20.204
-20.024
-19.904
-19.844
-19.724
-19.544
-19.364
-19.245
-19.245
-19.125
-18.885
-18.825
-18.765
-18.585
-18.465
-18.405
-17.746
-15.767
-15.288
-14.029
-12.770
-14.149
-17.326
-18.825
-18.585
-18.465
-18.465
-18.345
-18.225
-18.105
-18.046
-18.166
-18.166
-17.986
-17.806
-15.947
-14.149
-15.228
-16.307
-17.206
-17.806
-17.926
-17.926
-17.866
-17.866
-17.806
-17.746
-17.686
-17.626
-17.626
-17.566
-17.506
-17.506
-17.446
-17.446
-17.446
-17.386
-17.386
-17.386
-17.266
-17.206
-17.146
-16.487
-16.187
-16.247
-16.127
-16.067
-16.067
-16.007
-16.007
-16.427
-17.206
-17.446
-17.386
-17.326
-17.326
-17.326
-17.266
-17.266
-17.266
-17.206
-17.086
-17.086
-17.086
-17.146
-17.146
-17.086
-17.086
-17.086
-17.086
-17.086
-17.086
-17.086
-17.086
-17.146
-17.086
-17.026
-17.026
-17.026
-17.086
-17.086
-17.086
-17.026
-16.907
-16.907
-16.966
-16.966
-16.966
-16.907
-16.846
-16.907
-16.846
-16.846
-16.846
-16.846
-16.787
-16.787
-16.787
-16.787
-16.787
-16.846
-16.846
-16.846
-16.846
-16.846
-16.846
-16.907
-16.846
-16.787
-16.787
-16.846
-16.966
-16.966
-16.787
-16.787
-16.846
-16.787
-16.727
-16.667
-16.667
-16.727
-16.727
-16.727
-16.727
-16.667
-16.607
-16.667
-16.727
-16.787
-16.787
-16.846
-16.846
-16.787
-16.787
-16.787
-16.787
-16.787
-16.787
-16.846
-16.787
-16.787
-16.787
-16.846
-16.787
-16.787
-16.787
-16.787
-16.787
-16.787
-16.846
-16.787
-16.787
-16.787
-16.787
-16.787
-16.787
-16.846
-16.846
-16.846
-16.846
-16.846
-16.846
-16.846
-16.787
-16.787
-16.787
-16.787
-16.846
-16.846
-16.846
-16.846
-16.846
-16.907
-16.966
-16.846
-16.846
-16.846
-16.907
-16.846
-16.846
-16.907
-16.907
-16.787
-16.787
-16.846
-16.846
-16.787
-16.727
-16.667
-16.727
-16.846
-16.787
-16.907
-17.086
-17.986
-20.084
-22.542
-25.839
-27.578
-28.957
-31.415
-30.276
-27.938
-25.000
-24.700
-23.561
-23.621
-22.482
-19.364
-14.089
-4.736
2.158
4.257
4.616
4.137
2.698
0.600
0.000
-0.120
-0.240
-2.338
-7.434
-11.271
-13.069
-19.364
-34.712
-44.125
-50.660
-49.640
-46.043
-42.146
-38.190
-35.432
-31.235
-24.041
-18.225
-14.628
-10.731
-4.137
0.240
0.839
1.079
0.600
-0.480
-1.439
-2.578
-4.316
-5.516
-6.475
-7.614
-8.633
-9.472
-9.892
-10.372
-11.091
-11.870
-12.050
-12.710
-14.149
-16.007
-18.225
-22.302
-27.518
-28.777
-29.736
-30.516
-30.815
-30.516
-31.415
-33.034
-32.974
-31.775
-29.556
-26.679
-23.681
-19.904
-16.667
-14.209
-8.933
-4.916
-3.597
-3.777
-4.377
-5.396
-5.935
-6.535
-7.614
-7.854
-8.453
-8.993
-9.352
-9.532
-9.712
-10.252
-11.091
-11.691
-12.950
-14.508
-15.767
-17.026
-18.105
-18.465
-18.645
-18.945
-19.784
-20.683
-20.504
-20.204
-20.084
-19.844
-19.724
-19.604
-19.484
-19.424
-19.364
-19.245
-19.065
-18.945
-18.705
-18.585
-18.525
-18.465
-18.345
-18.345
-18.105
-16.727
-15.947
-15.827
-16.127
-16.727
-16.727
-16.787
-16.846
-16.907
-17.086
-17.266
-17.326
-17.326
-17.446
-17.926
-18.166
-18.046
-17.986
-17.926
-17.866
-17.806
-17.746
-17.746
-17.686
-17.626
-17.626
-17.566
-17.506
-17.506
-17.446
-17.326
-17.326
-17.266
-17.206
-17.206
-17.206
-17.146
-17.086
-17.086
-17.146
-17.086
-16.547
-15.947
-16.427
-16.547
-16.667
-17.026
-17.266
-17.266
-17.266
-17.266
-17.206
-17.206
-17.206
-17.086
-17.086
-17.086
-17.086
-17.086
-17.146
-17.086
-17.086
-17.026
-16.966
-16.966
-16.966
-16.907
-16.787
-16.187
-16.007
-16.187
-16.307
-16.547
-16.966
-17.026
-16.966
-16.966
-16.966
-16.907
-16.907
-16.846
-16.846
-16.846
-16.907
-16.966
-16.966
-16.966
-16.966
-16.966
-17.026
-17.026
-17.026
-16.966
-16.966
-16.966
-16.966
-16.966
-16.907
-16.907
-17.026
-16.966
-16.846
-16.907
-16.907
-16.846
-16.846
-16.846
-16.846
-16.966
-16.907
-16.846
-16.846
-16.787
-16.787
-16.787
-16.846
-16.846
-16.846
-16.846
-16.846
-16.907
-16.846
-16.846
-16.846
-16.846
-16.787
-16.787
-16.787
-16.846
-16.846
-16.846
-16.846
-16.787
-16.846
-16.787
-16.787
-16.787
-16.787
-16.787
-16.787
-16.846
-16.787
-16.727
-16.727
-16.787
-16.787
-16.787
-16.787
-16.846
-16.846
-16.846
-16.787
-16.787
-16.787
-16.787
-16.787
-16.787
-16.787
-16.787
-16.787
-16.727
-16.727
-16.846
-16.787
-16.787
-16.787
-16.787
-16.787
-16.787
-16.787
-16.787
-16.787
-16.787
-16.787
-16.787
-16.787
-16.787
-16.787
-16.787
-16.787
-16.846
-16.787
-16.787
-16.787
-16.846
-16.727
-16.727
-16.787
-16.667
-16.667
-16.667
-16.727
-16.727
-16.846
-16.846
-16.787
-16.787
-16.787
-16.846
-16.846
-16.907
-16.787
-16.787
-16.787
-16.846
-17.206
-19.904
-24.221
-29.377
-36.331
-42.986
-43.885
-42.266
-41.427
-40.468
-36.031
-30.096
-24.221
-16.127
-4.556
5.276
6.835
6.055
5.036
5.336
5.036
1.978
-3.957
-5.935
-7.314
-8.873
-10.611
-14.389
-21.043
-26.739
-32.974
-39.808
-42.926
-43.106
-40.827
-38.429
-34.173
-30.276
-26.379
-22.002
-16.787
-9.173
-2.878
0.959
1.379
-0.719
-3.237
-2.218
-0.659
-0.360
-0.779
-1.499
-2.578
-4.017
-4.976
-5.516
-6.835
-7.914
-9.113
-9.233
-9.472
-11.031
-13.069
-15.468
-19.784
-21.583
-20.983
-20.743
-20.564
-20.444
-20.324
-20.084
-19.964
-19.784
-19.664
-19.544
-19.484
-19.364
-19.185
-18.885
-17.026
-15.288
-16.007
-15.707
-14.448
-14.808
-15.348
-16.007
-17.146
-17.566
-17.626
-17.626
-17.746
-17.806
-18.345
-18.705
-18.525
-18.405
-18.285
-18.166
-18.225
-18.225
-18.166
-18.166
-18.105
-18.046
-17.926
-17.926
-17.926
-17.806
-17.686
-17.626
-17.326
-16.787
-16.247
-16.547
-16.907
-16.846
-16.607
-16.547
-16.727
-17.026
-17.266
-17.326
-17.386
-17.386
-17.386
-17.386
-17.386
-17.386
-17.206
-17.086
-17.206
-17.326
-17.326
-17.326
-17.326
-17.326
-17.266
-17.146
-17.146
-17.146
-17.146
-17.146
-17.086
-17.026
-16.966
-16.966
-16.966
-16.966
-17.026
-17.086
-17.086
-16.966
-16.607
-16.367
-16.367
-16.367
-16.487
-16.547
-16.547
-16.607
-16.727
-16.907
-17.086
-17.146
-17.086
-17.086
-17.086
-17.026
-17.026
-17.026
-16.966
-16.966
-17.026
-17.026
-16.907
-16.907
-16.907
-16.907
-16.907
-16.907
-16.907
-16.907
-16.907
-16.907
-16.846
-16.846
-16.846
-16.846
-16.846
-16.667
-16.427
-16.907
-16.787
-16.727
-16.727
-16.787
-16.846
-16.846
-16.846
-16.846
-16.846
-16.846
-16.846
-16.846
-16.787
-16.787
-16.787
-16.787
-16.787
-16.846
-16.846
-16.846
-16.846
-16.846
-16.846
-16.907
-16.846
-16.846
-16.846
-16.907
-16.846
-16.787
-16.787
-16.846
-16.907
-16.846
-16.787
-16.787
-16.846
-16.846
-16.907
-16.907
-16.907
-16.907
-16.846
-16.846
-16.846
-16.846
-16.846
-16.846
-16.787
-16.727
-16.727
-16.727
-16.727
-16.727
-16.787
-16.846
-16.907
-16.907
-16.966
-17.326
-19.245
-23.381
-24.161
-24.340
-26.799
-27.578
-26.139
-23.561
-22.362
-18.585
-13.729
-9.293
-5.276
-6.595
-7.854
-6.355
-12.590
-27.098
-35.432
-37.470
-36.091
-35.971
-36.990
-36.571
-35.252
-33.513
-31.595
-27.458
-22.122
-16.667
-11.271
-7.374
-4.676
1.439
5.875
6.355
5.755
5.096
3.417
0.480
-1.918
-3.058
-3.537
-4.436
-5.935
-6.595
-7.314
-7.794
-8.034
-8.273
-8.573
-9.472
-11.691
-14.089
-15.528
-16.547
-17.386
-18.285
-19.784
-21.283
-21.583
-21.223
-20.923
-20.803
-20.564
-20.324
-20.204
-20.084
-19.844
-19.724
-19.724
-19.604
-19.364
-19.065
-18.405
-16.787
-16.127
-16.307
-16.727
-17.026
-17.446
-17.686
-17.746
-17.806
-17.986
-18.285
-18.645
-18.645
-18.465
-18.465
-18.465
-18.345
-18.285
-18.225
-18.225
-18.166
-18.046
-17.986
-17.866
-17.866
-17.746
-17.686
-17.566
-17.626
-17.566
-17.506
-17.446
-17.446
-17.326
-17.326
-17.326
-17.326
-17.326
-17.206
-17.206
-17.206
-17.206
-17.206
-17.146
-17.146
-17.146
-17.146
-17.146
-17.146
-17.146
-17.086
-17.026
-17.026
-17.026
-16.966
-16.966
-17.026
-17.026
-16.966
-16.966
-16.966
-16.966
-16.966
-16.966
-16.907
-16.907
-16.966
-16.907
-16.907
-16.907
-16.846
-16.846
-16.846
-16.846
-16.846
-16.846
-16.846
-16.846
-16.846
-16.846
-16.846
-16.846
-16.846
-16.907
-16.846
-16.846
-16.907
-16.907
-16.787
-16.727
-16.787
-16.787
-16.727
-16.787
-16.907
-16.907
-16.907
-16.907
-16.907
-16.846
-16.727
-16.727
-16.787
-16.846
-16.846
-16.787
-16.787
-16.787
-16.727
-16.727
-16.727
-16.787
-16.787
-16.787
-16.846
-16.846
-16.846
-16.846
-16.846
-16.787
-16.727
-16.787
-16.846
-16.846
-16.846
-16.846
-16.787
-16.787
-16.787
-16.846
-16.787
-16.787
-16.787
-16.846
-16.846
-16.727
-16.727
-16.727
-16.667
-16.607
-16.607
-16.727
-16.727
-16.727
-16.787
-16.787
-16.787
-16.846
-16.846
-16.907
-16.907
-16.787
-16.667
-16.727
-16.787
-16.787
-16.787
-16.846
-16.846
-16.846
-16.846
-16.846
-16.846
-16.787
-16.787
-16.846
-16.787
-16.787
-16.846
-16.846
-16.846
-16.846
-16.966
-17.446
-19.125
-21.583
-25.360
-31.835
-39.508
-41.307
-41.547
-41.547
-41.787
-38.729
-29.976
-15.288
-0.480
5.875
7.014
7.554
6.475
1.978
-2.638
-4.856
-6.894
-11.751
-22.062
-27.398
-35.731
-41.127
-42.326
-41.127
-38.849
-35.492
-31.775
-28.058
-21.163
-11.391
-3.357
2.818
4.197
3.957
3.417
2.878
2.098
0.180
-2.098
-3.597
-4.916
-5.755
-7.314
-10.192
-17.806
-26.439
-28.837
-31.175
-34.113
-35.851
-36.870
-36.331
-33.034
-29.796
-27.338
-23.261
-16.727
-4.916
0.779
-0.899
-1.019
-0.659
-1.139
-1.918
-2.458
-3.417
-4.496
-5.935
-7.494
-8.573
-9.233
-9.592
-11.031
-13.130
-15.048
-17.206
-20.204
-20.983
-20.564
-20.324
-20.144
-20.024
-19.964
-19.724
-19.604
-19.484
-19.364
-19.185
-19.005
-18.885
-18.405
-16.966
-16.787
-17.266
-16.846
-16.607
-17.446
-18.046
-18.105
-18.285
-18.345
-18.345
-18.345
-18.285
-18.225
-18.166
-18.046
-17.926
-17.866
-17.746
-17.746
-17.686
-17.626
-17.626
-17.566
-17.566
-17.566
-17.446
