564
644
519
197
33
10
72
257
325
320
312
319
307
255
176
49
52
188
318
396
384
287
88
1
19
31
39
46
96
249
346
357
326
280
223
156
94
21
105
257
321
284
175
38
10
27
36
41
44
45
46
47
48
48
48
49
52
74
70
63
55
51
50
49
49
49
48
46
46
47
25
1
11
33
38
41
42
44
44
45
45
45
45
45
45
45
45
45
45
45
48
49
46
46
45
45
45
45
45
45
45
45
44
41
41
43
44
44
44
45
44
44
45
45
45
44
45
45
44
44

