437
428
362
197
33
15
60
128
199
239
190
139
72
19
19
182
540
739
800
736
568
325
64
26
14
18
53
134
267
312
273
194
119
56
17
1
16
98
308
382
328
293
251
199
103
22
103
193
231
203
152
93
38
10
3
4
11
15
18
21
21
19
38
64
51
48
41
24
31
55
71
50
39
41
41
33
34
62
54
32
10
9
15
17
16
20
21
21
23
27
25
28
37
33
33
32
32
32
30
27
29
27
25
27
27
26
21
21
21
21
21
21
21
21
21
23
23
22
23
23

