51
52
104
151
155
175
183
157
106
17
17
29
35
39
42
44
44
45
45
46
48
60
109
124
112
122
134
131
131
127
124
114
93
59
140
322
284
65
1
16
25
33
37
40
42
44
44
45
45
45
45
46
47
48
58
83
77
59
55
56
59
62
65
67
62
57
52
45
45
27
93
9
23
32
37
40
41
42
43
44
45
45
45
45
45
46
46
47
47
47
47
46
47
46
46
46
46
46
46
46
46
46
46
46
46
38
38
42
44
44
44
44
44
45
45
45
45
45
45
45

