48
51
54
110
135
160
186
208
250
273
228
184
121
84
42
224
409
462
370
135
8
25
37
43
46
49
51
52
53
55
74
119
98
83
82
93
95
91
102
108
101
102
98
85
96
256
180
25
19
34
41
45
46
48
49
50
50
51
51
51
52
52
55
54
54
52
52
52
52
52
52
52
52
52
52
52
51
51
51
34
33
41
45
47
48
49
49
49
49
50
50
50
50
50
50
50
50
50
50
50
50
50
50
50
50
50
50
49
45
45
46
46
47
48
48
48
48
48
49
49

