83
0
22
36
44
67
129
233
327
273
236
212
173
137
45
63
245
460
511
386
85
7
33
42
46
49
50
51
52
65
103
121
140
140
134
145
155
161
155
135
3
208
469
455
176
8
23
40
46
50
51
52
53
53
54
54
54
55
64
67
65
58
55
54
54
53
52
52
52
52
51
51
0
1
40
47
50
51
51
51
51
51
51
51
51
51
51
51
51
51
51
51
51
51
50
50
50
50
50
50
50
50
50
50
50
50
50
50
45
40
48
49
49
50
50
50
49
49
49
49

