304
389
407
367
299
253
234
213
138
6
49
131
185
228
262
278
256
162
33
2
14
19
23
25
28
31
46
121
130
128
113
93
87
90
88
88
86
80
49
89
181
202
93
13
6
13
19
22
25
27
29
31
31
31
31
32
32
33
33
37
40
38
38
37
37
37
39
40
40
37
37
29
13
11
19
27
29
31
31
32
32
32
33
33
33
33
33
33
33
33
34
34
35
34
35
35
35
34
34
34
33
33
33
33
33
31
29
30
31
32
33
33
33
34
34
34
34
34
34
34

