45
176
334
392
451
429
349
273
183
43
25
102
147
139
131
122
111
95
72
29
11
23
29
32
33
34
34
35
36
37
39
69
173
231
215
208
191
168
148
135
60
77
98
65
57
40
22
4
14
22
25
29
31
31
33
33
34
34
34
34
34
34
34
34
35
37
54
70
59
56
56
55
49
44
41
27
5
6
2
20
27
29
31
31
32
33
33
33
34
34
34
34
34
34
34
34
35
36
37
39
37
37
37
36
36
36
34
33
33
33
32
32
28
31
33
33
34
34
35
35

