47
84
129
149
174
206
266
301
249
191
147
50
32
146
220
218
194
126
20
21
32
37
41
42
44
45
48
75
135
178
174
169
168
162
147
119
52
74
175
222
171
39
11
25
33
37
40
42
44
44
45
45
45
45
45
46
49
72
101
107
95
83
72
64
60
58
55
50
19
38
72
38
17
32
36
38
40
41
42
44
44
45
45
45
45
45
45
45
45
45
45
45
45
45
45
44
44
44
43
43
43
43
42
42
42
43
43
42
40
42
43
43
44
44
44
44
44
44
44
44

