101
148
145
141
113
32
41
112
197
244
251
267
262
249
230
207
155
51
31
68
97
127
147
142
138
125
95
65
47
25
2
12
42
93
138
172
197
209
211
208
193
168
135
63
0
23
43
83
106
111
112
83
60
26
14
10
0
5
10
12
22
33
48
68
95
118
136
148
151
146
129
72
14
17
59
62
55
49
31
18
12
4
7
17
21
23
25
25
26
26
27
27
27
29
38
47
46
45
42
46
48
40
19
6
5
10
19
23
25
27
27
28
29
29
29
29
29
31
31
31

