169
123
37
5
17
29
58
102
135
140
145
134
100
56
9
9
17
21
25
31
62
106
140
159
162
176
197
219
234
227
208
182
144
71
4
29
51
79
131
176
188
180
150
104
49
1
12
19
23
29
44
55
48
48
51
54
56
60
61
53
49
47
38
0
28
38
31
5
5
10
15
21
25
27
29
29
31
31
33
33
33
33
32
32
32
32
33
33
32
32
32
32
32
31
29
29
29
30
31
31
31
31
31
32
32
32
33
33
33
33
33
33
33
33
33
33
33
33
33
33

