170
145
130
134
99
38
3
56
131
193
232
250
235
167
63
1
14
23
27
32
54
106
143
171
208
235
269
277
268
222
172
160
178
211
136
29
20
65
134
193
241
249
251
217
149
73
12
12
22
41
77
94
108
125
130
127
116
95
80
70
63
54
17
104
146
128
100
62
23
6
17
24
27
29
31
32
33
36
38
36
36
37
37
38
36
37
38
36
36
34
34
27
26
28
29
32
33
33
33
33
34
36
36
36
36
36
35
36
36
36
36
36
36
36
36
36
36
36
36
36

