55
64
63
60
59
62
69
63
70
86
78
84
88
87
112
150
106
111
364
437
315
85
6
29
37
44
49
66
130
144
176
181
166
150
136
126
93
28
307
584
565
401
128
3
24
39
49
53
56
59
59
62
64
65
64
64
64
65
64
63
62
62
62
62
61
61
60
60
60
53
12
29
46
52
54
55
56
55
56
57
57
57
57
58
58
58
58
58
58
58
58
58
58
58
57
57
57
57
57
57
56
56
56
55
50
51
52
54
54
55
54
54
54
54
54
54
55
55
55
55

