260
238
214
183
145
100
1
45
129
195
258
288
285
187
27
11
21
27
32
36
52
108
119
116
113
124
144
162
181
182
150
38
7
42
102
131
134
130
103
63
30
9
25
31
33
34
35
36
36
37
37
37
37
38
44
70
83
77
74
74
69
59
46
42
40
13
40
51
4
21
27
31
33
34
36
36
37
37
37
37
37
37
38
38
39
38
38
38
38
38
38
38
38
38
38
37
33
33
34
35
37
37
37
37
37
37
37
37
37
37
38
38
38
38
38
38
38
38
38
38

