290
223
192
150
31
10
68
116
160
219
234
240
222
174
119
52
0
17
31
91
188
241
269
281
271
238
215
172
83
9
23
70
111
155
155
157
130
98
59
15
10
19
24
27
29
29
30
31
32
45
81
130
131
112
121
111
95
90
83
21
62
114
113
77
25
4
18
25
23
27
31
30
27
29
30
31
32
32
32
32
33
33
33
34
37
35
34
35
34
34
34
34
34
33
31
29
29
30
31
31
31
32
32
32
33
33
33
33
33
33
33
33
33
33
34
33
33
33
33
33

