10
12
43
69
74
77
92
100
92
88
83
65
23
12
46
30
1
12
15
19
21
22
22
23
23
23
23
23
19
37
64
67
72
80
77
70
64
63
52
31
9
31
50
31
19
9
4
10
13
12
10
10
32
49
66
74
76
78
86
81
69
52
26
1
33
43
37
27
23
32
32
32
33
33
33
33
33
0
2
19
25
26
29
31
31
31
33
31
31
32
32
31
34
33
34
38
42
44
43
38
36
35
34
34
35
36
33
30
27
27
27
27
27
31
31
31
31
32
34
38
37
35
34
34
34
34
34
34
34
33
34
34
34
36
35
36
35
33
34
34
34
34
36
37
36
34
37
38
41
45
51
53
56
63
71

