171
155
121
80
47
21
2
15
24
26
26
29
31
33
38
55
74
85
90
95
116
187
202
198
187
180
169
186
219
248
219
156
60
27
0
27
49
87
114
139
144
147
139
125
100
72
45
23
4
14
23
31
45
65
74
83
86
93
112
132
138
130
122
95
78
53
23
10
56
70
46
29
19
15
12
8
1
11
23
28
27
29
31
31
33
34
37
37
37
37
41
42
41
39
38
37
37
37
37
37
38
35
33
34
34
33
33
33
33
33
33
36
37
37
35
36
36
36
36
37

