-0.223
-0.294
-0.318
-0.362
-0.390
-0.399
-0.383
-0.366
-0.357
-0.341
-0.312
-0.264
-0.189
-0.109
-0.064
-0.044
-0.005
0.024
0.035
0.037
0.034
0.032
0.021
0.003
-0.019
-0.041
-0.061
-0.092
-0.125
-0.165
-0.254
-0.322
-0.350
-0.371
-0.343
-0.329
-0.323
-0.318
-0.305
-0.283
-0.262
-0.237
-0.212
-0.186
-0.156
-0.116
-0.073
-0.031
-0.018
-0.014
-0.011
-0.014
-0.021
-0.033
-0.040
-0.043
-0.041
-0.043
-0.049
-0.058
-0.071
-0.081
-0.089
-0.099
-0.110
-0.119
-0.129
-0.155
-0.200
-0.223
-0.227
-0.221
-0.216
-0.214
-0.210
-0.205
-0.202
-0.199
-0.197
-0.195
-0.194
-0.190
-0.164
-0.138
-0.137
-0.159
-0.186
-0.188
-0.179
-0.177
-0.182
-0.183
-0.183
-0.184
-0.184
-0.184
-0.183
-0.183
-0.183
-0.183
-0.182
-0.180
-0.180
-0.180
-0.180
-0.178
-0.178
-0.177
-0.176
-0.176
-0.177
-0.176
-0.175
-0.174
-0.175
-0.174
-0.174
-0.174
-0.173
-0.173
-0.173
-0.166
-0.166
-0.165
-0.166
-0.166
-0.168
-0.168
-0.168
-0.166
