-18.345
-23.201
-30.396
-38.909
-43.765
-44.544
-46.883
-46.283
-42.566
-40.108
-35.312
-24.161
-10.252
1.919
8.753
9.712
9.473
9.053
8.153
6.175
0.779
-4.197
-7.374
-16.787
-27.698
-31.415
-35.672
-37.110
-37.590
-36.211
-34.712
-32.914
-30.516
-27.698
-22.542
-12.590
-6.235
-3.897
0.420
2.338
2.878
3.537
3.178
2.518
1.679
0.600
-1.079
-2.218
-4.316
-8.034
-9.952
-11.810
-13.849
-18.105
-20.564
-19.664
-19.484
-19.364
-19.245
-19.185
-19.005
-18.945
-18.825
-18.705
-18.585
-18.525
-18.465
-18.285
-16.966
-14.628
-16.007
-15.767
-15.588
-16.427
-17.326
-17.806
-17.686
-17.806
-17.926
-17.866
-17.866
-17.866
-18.046
-18.046
-17.746
-17.506
-17.626
-17.686
-17.626
-17.566
-17.566
-17.506
-17.446
-17.326
-17.386
-17.506
-17.446
-17.206
-17.026
-17.206
-17.326
-17.266
-17.026
-16.067
-16.307
-16.727
-16.427
-16.247
-16.667
-17.086
-17.146
-17.326
-17.326
-17.206
-17.266
-17.206
-17.206
-17.266
-17.206
-17.146
-17.086
-17.086
-17.086
-17.026
-17.026
-16.966
-17.026
-17.086
-16.966
-16.966
-17.026
-16.966
-16.966
-16.966
-16.966
-16.966
-16.907
-16.966
-16.907
-16.846
-16.846
-16.907
-16.907
-16.907
-16.907
-16.966
-16.846
-16.846
-16.846
-16.846
