-20.024
-24.401
-29.017
-33.993
-39.628
-43.885
-44.365
-43.945
-42.266
-39.808
-37.650
-34.652
-30.156
-23.741
-14.329
-1.199
9.412
10.671
10.552
8.573
6.355
5.696
5.396
5.216
2.638
-3.717
-7.374
-13.669
-26.259
-32.734
-38.789
-41.367
-40.827
-40.108
-37.890
-34.173
-29.736
-24.820
-18.705
-10.132
-6.415
-4.796
-0.779
0.300
0.240
0.060
-0.839
-1.259
-1.379
-2.278
-2.638
-3.118
-3.357
-3.297
-3.837
-5.636
-8.693
-11.211
-13.309
-14.928
-16.727
-20.084
-20.923
-20.384
-20.264
-20.144
-19.964
-19.784
-19.664
-19.484
-19.364
-19.245
-19.125
-19.065
-18.945
-18.765
-18.645
-18.525
-18.405
-17.866
-16.487
-16.067
-15.827
-15.827
-16.187
-16.247
-16.187
-16.247
-16.367
-16.727
-17.266
-18.046
-18.525
-18.465
-18.405
-18.345
-18.285
-18.225
-18.166
-18.105
-18.046
-18.046
-17.926
-17.866
-17.746
-17.686
-17.686
-17.626
-17.086
-15.947
-16.067
-16.067
-16.247
-16.367
-16.427
-16.667
-16.846
-16.907
-17.026
-17.206
-17.506
-17.626
-17.566
-17.566
-17.506
-17.386
-17.386
-17.326
-17.326
-17.386
-17.266
-17.206
-17.266
-17.206
-17.146
-17.086
-17.146
-17.146
-17.146
-17.086
-17.086
-17.146
-17.146
-16.727
-15.947
-16.907
-17.086
-17.026
-17.026
-17.026
