-20.084
-25.060
-34.173
-44.425
-44.904
-42.566
-42.266
-41.967
-40.348
-38.429
-34.532
-23.261
-8.213
-0.959
4.796
6.595
4.916
4.796
4.257
4.137
3.957
2.518
0.000
-3.237
-7.734
-19.724
-34.413
-38.130
-36.631
-37.890
-41.907
-42.986
-39.149
-35.672
-34.353
-31.775
-26.978
-23.081
-19.784
-16.667
-12.650
-10.012
-7.914
-3.537
4.317
6.295
5.576
4.077
1.499
0.120
-1.259
-2.278
-2.878
-3.897
-4.796
-5.516
-6.175
-6.655
-7.014
-7.494
-8.034
-8.393
-9.053
-9.652
-10.132
-10.851
-12.290
-14.149
-15.947
-17.386
-18.345
-18.945
-19.245
-19.305
-19.364
-19.664
-19.844
-19.964
-20.803
-20.923
-20.623
-20.444
-20.324
-20.204
-19.964
-19.784
-19.664
-19.544
-19.484
-19.305
-19.185
-19.065
-18.885
-18.765
-18.166
-17.686
-17.446
-17.566
-17.506
-16.547
-16.187
-16.907
-17.266
-17.566
-17.626
-17.686
-17.806
-17.926
-18.166
-18.225
-18.166
-18.166
-18.105
-18.046
-17.986
-17.926
-17.806
-17.806
-17.806
-17.686
-17.626
-17.566
-17.566
-17.446
-17.446
-17.386
-17.326
-17.266
-17.206
-17.206
-16.966
-15.648
-15.827
-16.187
-16.367
-16.547
-16.727
-16.907
-16.966
-17.266
-17.386
-17.326
-17.266
-17.266
-17.266
-17.266
-17.206
-17.206
-17.206
-17.206
