-19.125
-21.583
-25.360
-31.835
-39.508
-41.307
-41.547
-41.547
-41.787
-38.729
-29.976
-15.288
-0.480
5.875
7.014
7.554
6.475
1.978
-2.638
-4.856
-6.894
-11.751
-22.062
-27.398
-35.731
-41.127
-42.326
-41.127
-38.849
-35.492
-31.775
-28.058
-21.163
-11.391
-3.357
2.818
4.197
3.957
3.417
2.878
2.098
0.180
-2.098
-3.597
-4.916
-5.755
-7.314
-10.192
-17.806
-26.439
-28.837
-31.175
-34.113
-35.851
-36.870
-36.331
-33.034
-29.796
-27.338
-23.261
-16.727
-4.916
0.779
-0.899
-1.019
-0.659
-1.139
-1.918
-2.458
-3.417
-4.496
-5.935
-7.494
-8.573
-9.233
-9.592
-11.031
-13.130
-15.048
-17.206
-20.204
-20.983
-20.564
-20.324
-20.144
-20.024
-19.964
-19.724
-19.604
-19.484
-19.364
-19.185
-19.005
-18.885
-18.405
-16.966
-16.787
-17.266
-16.846
-16.607
-17.446
-18.046
-18.105
-18.285
-18.345
-18.345
-18.345
-18.285
-18.225
-18.166
-18.046
-17.926
-17.866
-17.746
-17.746
-17.686
-17.626
-17.626
-17.566
-17.566
-17.566
-17.446
-17.446
-17.386
-17.326
-17.266
-17.326
-17.326
-17.266
-17.206
-17.146
-17.146
-17.206
-17.146
-16.846
-16.487
-16.667
-17.026
-17.206
-17.206
-17.146
-17.146
-17.086
-16.966
-16.966
-17.026
-17.026
-17.026
-17.026
-16.966
