-19.424
-23.801
-33.094
-45.144
-49.760
-49.880
-48.921
-46.043
-39.988
-31.535
-20.743
-8.094
0.779
4.676
6.295
7.074
6.175
3.537
1.439
-1.199
-4.736
-6.415
-11.631
-23.681
-29.017
-37.890
-45.803
-45.983
-42.806
-38.609
-34.532
-30.396
-25.660
-18.945
-10.012
-2.998
3.657
5.336
4.976
4.976
4.197
2.458
1.199
1.139
0.480
-3.897
-8.213
-9.892
-11.631
-14.089
-18.225
-19.364
-19.185
-19.604
-20.803
-23.142
-25.180
-27.818
-30.935
-32.614
-32.434
-31.595
-29.257
-23.921
-17.326
-11.091
-5.396
-4.017
-5.636
-6.175
-5.336
-4.077
-4.556
-5.755
-6.835
-7.794
-8.513
-10.072
-11.990
-13.429
-14.868
-16.307
-17.086
-17.266
-17.746
-18.285
-19.065
-19.724
-19.664
-19.424
-19.305
-19.185
-19.185
-19.005
-18.885
-18.825
-18.705
-18.645
-18.525
-18.405
-18.345
-18.345
-18.225
-18.105
-18.105
-18.046
-17.986
-17.986
-17.926
-17.386
-16.667
-16.787
-16.547
-16.007
-16.367
-16.966
-17.446
-17.626
-17.626
-17.626
-17.566
-17.566
-17.506
-17.386
-17.386
-17.386
-17.386
-17.386
-17.386
-17.266
-17.206
-17.146
-17.146
-17.206
-16.966
-16.067
-15.767
-16.067
-16.247
-16.547
-16.607
-16.607
-16.727
-17.206
-17.386
-17.266
-17.266
-17.266
-17.206
-17.206
