-27
-27
-27
-29
-29
-29
-29
-28
-27
-26
-26
-25
-25
-24
-24
-24
-23
-22
-22
-21
-20
-19
-15
-6
-1
-4
-8
-11
-12
-13
-14
-15
-15
-15
-16
-16
-16
-15
-13
-12
-15
-18
-20
-21
-22
-22
-22
-22
-21
-21
-21
-20
-19
-19
-18
-18
-16
-10
-3
-1
-4
-9
-12
-13
-13
-13
-13
-14
-14
-13
-11
-12
-15
-19
-21
-23
-23
-23
-23
-22
-21
-20
-18
-18
-20
-21
-22
-23
-22
-22
-21
-17
-10
-4
-4
-8
-11
-12
-12
-13
-13
-13
-14
-15
-16
-16
-17
-16
-16
-14
-14
-19
-22
-24
-24
-24
-24
-24
-23
-23
-23
-22
-22
-21
-21
-20
-20
-19
-18
-11
-3
-2
-6
-10
-12
-13
-14
-15
-16
-16
-16
-16
-16
-16
-15
-12
-14
-18
-21
-22
