-20
-17
-7
-4
-11
-14
-15
-16
-17
-17
-17
-17
-18
-17
-16
-13
-10
-12
-18
-22
-24
-25
-25
-24
-22
-21
-20
-19
-17
-10
-6
-13
-15
-16
-17
-17
-17
-17
-17
-17
-17
-17
-17
-16
-13
-10
-11
-17
-22
-25
-24
-22
-21
-20
-13
-5
-10
-14
-16
-17
-17
-18
-18
-18
-18
-17
-17
-17
-14
-11
-13
-19
-23
-25
-24
-23
-22
-21
-20
-19
-18
-10
-3
-10
-14
-15
-17
-17
-17
-17
-17
-17
-17
-17
-17
-17
-16
-14
-10
-11
-17
-22
-25
-26
-24
-22
-21
-20
-19
-19
-19
-16
-8
-3
-11
-14
-15
-16
-16
-17
-17
-17
-17
-17
-17
-17
-17
-16
-11
-8
-13
-19
-24
-25
-23
-22
-21
-21
-20
-19
-14
-5
-7
-13
-15
-16
-17
-17
-18
-18
