-19
-19
-18
-18
-18
-17
-16
-16
-16
-15
-14
-12
-8
-7
-8
-8
-8
-9
-10
-10
-10
-11
-13
-14
-16
-18
-21
-27
-30
-30
-28
-25
-24
-23
-22
-22
-21
-20
-20
-20
-20
-19
-18
-17
-16
-14
-12
-8
-7
-7
-8
-8
-9
-9
-10
-11
-12
-12
-13
-16
-22
-26
-27
-27
-26
-25
-25
-24
-23
-22
-21
-21
-20
-19
-18
-17
-17
-17
-15
-14
-13
-11
-11
-11
-11
-11
-11
-11
-11
-11
-11
-12
-15
-20
-24
-25
-24
-22
-20
-20
-20
-20
-20
-19
-18
-17
-17
-17
-17
-17
-16
-16
-16
-16
-16
-16
-16
-16
-16
-16
-16
-16
-16
-16
-16
-16
-16
-16
-16
-16
-16
-16
-16
-16
-17
-18
-17
-17
-17
-16
-16
-14
-13
-13
-12
-11
-10
-9
-7
-6
