-29
-27
-25
-23
-22
-23
-22
-21
-20
-20
-19
-19
-18
-16
-14
-12
-12
-10
-9
-8
-7
-7
-8
-9
-9
-10
-11
-11
-12
-13
-15
-16
-17
-17
-18
-22
-26
-28
-28
-26
-24
-23
-23
-22
-22
-22
-22
-22
-22
-21
-20
-19
-19
-19
-18
-16
-14
-12
-9
-9
-9
-10
-10
-11
-11
-12
-12
-13
-13
-14
-14
-16
-16
-17
-18
-19
-20
-22
-24
-23
-22
-22
-22
-22
-21
-20
-20
-20
-19
-18
-17
-14
-15
-15
-15
-15
-15
-15
-15
-15
-15
-15
-15
-16
-16
-16
-16
-16
-16
-16
-16
-16
-16
-16
-16
-16
-16
-16
-16
-16
-16
-16
-16
-16
-16
-16
-16
-16
-16
-16
-16
-16
-17
-16
-17
-17
-20
-22
-20
-19
-18
-18
-17
-16
-15
-13
-10
-6
-2
0
