-17
-17
-17
-17
-17
-17
-17
-17
-17
-17
-17
-17
-17
-17
-17
-17
-17
-17
-17
-17
-17
-17
-17
-17
-17
-17
-17
-17
-17
-17
-17
-18
-21
-24
-26
-26
-26
-27
-28
-27
-28
-28
-28
-29
-29
-30
-31
-31
-32
-32
-32
-33
-33
-33
-34
-34
-34
-33
-32
-31
-31
-30
-29
-27
-25
-24
-21
-20
-19
-12
-8
-8
-9
-12
-16
-21
-28
-34
-35
-35
-32
-29
-27
-26
-25
-25
-24
-21
-17
-13
-16
-17
-15
-13
-12
-11
-9
-6
-6
-7
-10
-13
-17
-22
-26
-28
-28
-28
-25
-24
-27
-28
-28
-29
-28
-26
-25
-22
-19
-16
-16
-14
-9
-11
-17
-17
-16
-14
-9
0
5
6
5
5
4
3
3
1
-1
-3
-3
-3
-3
-3
-4
-4
-4
-5
-5
-6
