-25
-25
-24
-24
-22
-14
-1
-4
-14
-17
-18
-19
-20
-19
-19
-19
-19
-19
-19
-15
-8
-9
-16
-22
-26
-27
-28
-27
-24
-16
0
0
-12
-15
-17
-18
-18
-18
-19
-19
-19
-18
-16
-16
-14
-10
-17
-24
-28
-29
-27
-25
-24
-22
-21
-21
-17
-7
-3
-12
-15
-16
-17
-17
-17
-17
-17
-17
-16
-16
-16
-16
-11
-7
-16
-24
-26
-25
-23
-22
-21
-20
-14
-4
-11
-15
-17
-17
-17
-17
-17
-17
-17
-15
-16
-17
-17
-17
-16
-12
-7
-12
-20
-25
-26
-24
-22
-17
-3
-6
-12
-13
-13
-13
-15
-17
-17
-18
-17
-17
-17
-13
-10
-17
-26
-29
-26
-24
-23
-22
-19
-10
-6
-13
-14
-16
-17
-17
-17
-17
-16
-15
-16
-14
-11
-10
-12
-20
-26
-26
