-12
-13
-13
-14
-14
-15
-16
-18
-18
-18
-17
-18
-19
-21
-22
-21
-20
-19
-19
-20
-19
-18
-17
-14
-14
-13
-12
-11
-11
-11
-11
-12
-12
-12
-12
-12
-13
-16
-18
-19
-19
-20
-19
-19
-20
-20
-20
-20
-20
-19
-19
-19
-18
-18
-17
-16
-13
-12
-10
-10
-11
-11
-11
-11
-11
-12
-12
-13
-14
-14
-14
-14
-15
-16
-19
-21
-21
-21
-21
-20
-20
-22
-22
-21
-22
-21
-20
-19
-16
-13
-11
-11
-12
-13
-14
-14
-15
-15
-15
-16
-16
-17
-17
-17
-18
-18
-18
-18
-18
-19
-19
-20
-20
-20
-20
-21
-20
-21
-20
-20
-20
-17
-13
-13
-15
-17
-18
-19
-19
-14
-3
4
11
18
20
18
17
14
10
6
1
-7
-14
-22
-30
-37
-44
-47
-48
-50
