-23
-26
-30
-33
-32
-32
-31
-30
-29
-28
-27
-25
-24
-24
-24
-24
-24
-23
-21
-20
-17
-12
-11
-11
-10
-11
-11
-11
-11
-12
-14
-16
-16
-16
-17
-17
-19
-24
-26
-26
-26
-25
-23
-22
-21
-21
-21
-20
-19
-19
-18
-17
-15
-12
-10
-10
-9
-9
-10
-11
-11
-11
-11
-12
-13
-14
-14
-15
-16
-16
-17
-17
-18
-22
-24
-25
-24
-24
-23
-23
-23
-23
-22
-22
-21
-21
-20
-19
-17
-15
-15
-15
-15
-15
-15
-15
-15
-15
-16
-15
-13
-11
-10
-10
-9
-9
-10
-10
-11
-12
-13
-14
-16
-18
-22
-24
-25
-24
-24
-24
-23
-23
-22
-21
-20
-21
-21
-20
-20
-20
-20
-20
-19
-19
-18
-17
-16
-14
-12
-11
-10
-9
-9
-9
-9
-10
-11
-11
-12
-13
