-19
-15
-16
-23
-26
-25
-23
-21
-21
-20
-20
-20
-18
-11
-3
-13
-18
-19
-19
-19
-19
-19
-19
-18
-18
-18
-17
-14
-10
-12
-17
-20
-21
-20
-21
-21
-21
-20
-20
-19
-19
-18
-18
-18
-12
-5
-12
-17
-18
-18
-18
-18
-18
-18
-18
-18
-18
-18
-17
-17
-16
-12
-9
-9
-13
-17
-20
-21
-21
-20
-20
-21
-21
-20
-19
-18
-14
-5
-5
-15
-18
-18
-18
-18
-18
-18
-18
-18
-18
-18
-18
-18
-16
-12
-10
-14
-19
-21
-22
-21
-21
-20
-18
-18
-12
-1
-4
-15
-18
-19
-19
-19
-18
-18
-18
-18
-18
-18
-18
-17
-13
-12
-18
-23
-22
-20
-19
-19
-19
-19
-18
-18
-14
-7
-13
-18
-18
-18
-18
-18
-18
-18
-17
-17
-17
-17
-17
-17
-17
-15
