1
-6
-6
-4
-2
1
3
4
5
5
4
2
0
-2
-7
-11
-17
-28
-33
-35
-36
-36
-36
-35
-34
-33
-33
-32
-30
-28
-26
-24
-22
-21
-21
-20
-19
-18
-17
-16
-15
-15
-15
-14
-14
-14
-14
-11
-3
0
-7
-14
-16
-16
-16
-16
-17
-16
-16
-17
-16
-16
-13
-10
-10
-15
-20
-22
-23
-23
-23
-21
-20
-19
-20
-20
-19
-19
-18
-17
-15
-13
-6
0
-4
-14
-16
-17
-17
-17
-16
-16
-16
-15
-14
-12
-15
-21
-23
-23
-23
-21
-20
-19
-18
-18
-18
-18
-17
-16
-15
-12
-4
-2
-9
-12
-9
-6
-4
-3
-1
-1
-1
-1
-1
-1
-3
-8
-12
-13
-18
-29
-35
-36
-34
-33
-32
-31
-29
-29
-28
-27
-27
-25
-25
-25
-25
-24
-23
-22
