3
3
3
1
-1
-7
-17
-26
-29
-31
-31
-33
-35
-36
-36
-35
-35
-35
-33
-30
-27
-24
-23
-20
-16
-13
-10
-5
-4
-5
-4
-3
-3
-3
-3
-3
-4
-4
-5
-7
-11
-13
-16
-19
-22
-24
-24
-24
-24
-26
-27
-28
-30
-32
-32
-32
-31
-30
-29
-29
-29
-28
-27
-26
-24
-24
-23
-24
-24
-23
-21
-19
-17
-14
-11
-10
-9
-5
-5
-4
-4
-4
-4
-5
-6
-7
-7
-8
-9
-12
-13
-15
-17
-18
-20
-22
-25
-28
-28
-28
-28
-27
-27
-26
-25
-24
-23
-22
-22
-20
-18
-17
-15
-13
-12
-12
-13
-12
-10
-6
-5
-5
-5
-6
-7
-8
-8
-10
-13
-16
-18
-21
-23
-26
-29
-29
-28
-27
-26
-25
-23
-21
-19
-17
-16
-16
-16
-16
-16
-16
