-24
-24
-24
-24
-23
-22
-19
-16
-15
-15
-16
-16
-16
-16
-16
-16
-16
-16
-16
-16
-16
-16
-17
-16
-16
-16
-16
-15
-14
-13
-11
-9
-8
-6
-6
-4
-3
-4
-5
-5
-7
-11
-13
-16
-22
-27
-29
-29
-28
-28
-28
-27
-27
-26
-26
-25
-25
-24
-23
-23
-22
-20
-15
-5
-1
-3
-4
-2
-2
-3
-4
-5
-6
-7
-9
-10
-11
-17
-23
-25
-25
-25
-24
-26
-30
-33
-32
-32
-31
-31
-31
-31
-31
-30
-28
-20
-8
-4
-4
-4
-2
-2
-2
-3
-3
-5
-8
-11
-14
-14
-14
-19
-23
-24
-24
-23
-23
-25
-28
-28
-25
-24
-24
-25
-27
-27
-28
-28
-26
-17
-5
0
0
-2
-4
-4
-3
-2
-2
-3
-4
-5
-6
-8
-10
-15
-21
-24
-25
-26
