-21
-20
-15
-7
-12
-17
-17
-12
2
12
10
10
16
18
18
15
2
-14
-23
-33
-32
-29
-31
-31
-33
-36
-39
-40
-40
-38
-35
-25
0
10
5
7
15
22
18
12
12
10
0
-12
-20
-33
-41
-42
-42
-42
-42
-41
-40
-38
-37
-36
-34
-33
-30
-26
-19
-4
1
-13
-19
-20
-20
-20
-20
-20
-20
-20
-18
-12
-12
-18
-24
-25
-25
-24
-23
-22
-21
-20
-17
-6
1
-11
-18
-19
-19
-19
-19
-19
-19
-19
-18
-16
-12
-10
-15
-20
-22
-22
-22
-21
-21
-20
-20
-20
-18
-10
-3
-10
-17
-18
-18
-18
-18
-18
-18
-18
-18
-18
-17
-15
-12
-12
-15
-19
-20
-21
-21
-21
-21
-20
-20
-19
-20
-19
-19
-17
-9
-1
-8
-15
-18
-18
-18
-18
