-18
-18
-18
-18
-18
-18
-18
-16
-12
-11
-15
-19
-21
-21
-21
-20
-20
-20
-20
-19
-19
-19
-18
-18
-13
-4
0
-10
-17
-18
-18
-18
-18
-18
-18
-18
-18
-18
-18
-18
-17
-14
-10
-14
-19
-22
-21
-21
-21
-20
-19
-19
-17
-12
-1
-5
-16
-18
-19
-18
-18
-18
-18
-18
-18
-18
-18
-18
-17
-14
-11
-17
-22
-23
-20
-19
-19
-19
-17
-9
-3
-14
-18
-18
-18
-18
-18
-18
-18
-18
-18
-18
-18
-15
-9
-9
-17
-22
-23
-22
-20
-19
-19
-18
-14
-2
-3
-15
-18
-19
-19
-19
-19
-18
-18
-18
-18
-18
-18
-18
-18
-18
-18
-17
-14
-10
-14
-21
-23
-22
-20
-19
-19
-18
-17
-16
-9
-3
-14
-18
-18
-18
-18
-18
-18
-18
-18
-18
-18
-18
