-17
-17
-17
-17
-17
-17
-17
-17
-17
-17
-17
-17
-17
-16
-16
-13
-8
-7
-6
-5
-5
-5
-4
-5
-7
-9
-10
-12
-14
-17
-19
-23
-26
-27
-27
-27
-27
-27
-27
-27
-27
-26
-26
-25
-25
-24
-24
-23
-23
-23
-22
-21
-20
-19
-18
-16
-13
-14
-14
-14
-14
-14
-13
-12
-12
-12
-13
-12
-11
-10
-9
-9
-10
-11
-15
-18
-20
-21
-22
-24
-24
-23
-23
-23
-23
-22
-22
-21
-20
-19
-19
-18
-15
-14
-14
-14
-15
-15
-15
-15
-15
-15
-15
-15
-15
-15
-16
-16
-16
-16
-16
-16
-17
-18
-18
-18
-17
-17
-17
-17
-17
-16
-15
-16
-16
-16
-16
-16
-16
-16
-16
-16
-16
-16
-16
-16
-16
-16
-16
-16
-16
-16
-16
-16
-17
-17
-17
-17
-17
-17
