-19
-18
-18
-18
-18
-18
-18
-18
-17
-16
-16
-16
-16
-16
-16
-16
-16
-16
-16
-16
-16
-16
-16
-16
-16
-16
-16
-17
-17
-17
-17
-17
-17
-16
-16
-16
-16
-16
-16
-16
-16
-16
-16
-16
-16
-16
-16
-13
-12
-10
-8
-7
-7
-7
-7
-9
-10
-12
-16
-19
-21
-23
-23
-23
-23
-22
-22
-22
-23
-22
-22
-21
-21
-21
-21
-21
-21
-20
-20
-19
-19
-19
-19
-19
-19
-19
-18
-18
-18
-18
-18
-17
-17
-16
-15
-15
-15
-15
-15
-15
-15
-15
-15
-15
-16
-16
-16
-16
-16
-16
-16
-16
-17
-17
-17
-17
-17
-17
-17
-17
-16
-16
-16
-16
-16
-16
-16
-16
-16
-16
-16
-16
-14
-12
-12
-11
-10
-10
-10
-11
-12
-14
-16
-18
-20
-20
-20
-21
-22
-21
