-35
-33
-31
-30
-29
-27
-26
-25
-24
-23
-23
-20
-15
-7
-1
1
1
2
2
-4
-15
-19
-20
-20
-20
-20
-20
-20
-19
-19
-19
-18
-18
-19
-18
-18
-18
-20
-29
-32
-33
-33
-31
-30
-29
-29
-28
-27
-26
-24
-22
-16
-1
11
12
12
10
9
8
6
4
3
2
-1
-7
-19
-32
-38
-38
-36
-33
-32
-30
-28
-27
-26
-25
-24
-23
-22
-21
-20
-18
-16
-12
-6
-1
0
2
1
0
-2
-7
-18
-29
-33
-32
-30
-29
-28
-27
-26
-25
-24
-23
-22
-22
-22
-21
-21
-21
-21
-20
-20
-20
-19
-19
-18
-18
-19
-20
-20
-21
-21
-21
-19
-12
-2
3
2
-2
-6
-8
-10
-10
-11
-12
-13
-14
-13
-10
-11
-17
-21
-23
-23
-23
-23
-23
-22
