-17
-13
-13
-20
-22
-19
-19
-19
-19
-16
-7
-11
-18
-18
-18
-18
-18
-18
-18
-18
-18
-18
-17
-17
-17
-16
-12
-16
-22
-20
-19
-18
-18
-19
-18
-15
-9
-11
-17
-18
-18
-18
-18
-17
-17
-17
-17
-17
-17
-16
-14
-15
-16
-19
-21
-19
-18
-19
-18
-14
-9
-15
-17
-17
-17
-14
-8
1
10
15
23
27
19
4
-14
-20
-24
-33
-35
-36
-37
-37
-37
-37
-32
-26
-17
-2
-4
-4
5
15
19
20
15
8
5
2
-4
-10
-25
-41
-44
-45
-45
-45
-44
-43
-40
-35
-30
-22
-6
-10
-20
-21
-21
-21
-21
-21
-21
-20
-19
-15
-16
-24
-27
-26
-23
-21
-21
-20
-20
-18
-10
-6
-16
-19
-19
-19
-19
-18
-18
-18
-18
-18
-18
-16
-11
-13
