-2
-1
3
5
6
6
6
3
-1
-9
-19
-26
-29
-29
-37
-43
-38
-35
-34
-36
-36
-37
-38
-38
-40
-38
-35
-35
-34
-32
-30
-28
-24
-10
9
16
13
9
6
4
2
0
-13
-33
-37
-35
-36
-38
-39
-38
-36
-34
-32
-31
-29
-26
-24
-22
-20
-14
-2
-2
-9
-11
-11
-11
-10
-7
-3
0
-2
-4
-6
-5
-16
-28
-32
-32
-32
-31
-30
-29
-27
-26
-25
-23
-22
-20
-19
-18
-17
-17
-14
-6
-2
-9
-13
-15
-16
-16
-17
-17
-17
-18
-17
-16
-13
-10
-14
-19
-21
-22
-22
-22
-21
-20
-19
-18
-17
-17
-16
-16
-16
-15
-11
-4
-8
-13
-15
-17
-17
-18
-18
-18
-18
-18
-17
-15
-12
-12
-16
-19
-20
-20
-20
-19
-18
-17
-16
-16
