-6
-7
-8
-9
-10
-12
-13
-15
-17
-18
-19
-21
-24
-26
-27
-27
-26
-26
-26
-25
-24
-23
-23
-22
-22
-22
-21
-18
-16
-15
-13
-12
-11
-10
-9
-8
-8
-8
-8
-9
-9
-10
-10
-11
-12
-13
-15
-16
-17
-18
-19
-21
-22
-22
-22
-22
-22
-22
-22
-21
-21
-21
-21
-20
-20
-19
-19
-19
-18
-18
-17
-16
-15
-14
-13
-13
-12
-10
-10
-10
-10
-10
-10
-10
-10
-11
-11
-12
-12
-13
-15
-16
-18
-19
-20
-21
-21
-22
-22
-22
-22
-22
-22
-22
-22
-22
-22
-21
-21
-20
-20
-19
-19
-19
-19
-18
-17
-16
-15
-14
-14
-14
-14
-14
-13
-13
-13
-13
-13
-13
-13
-13
-13
-14
-15
-16
-18
-18
-19
-19
-19
-19
-19
-19
-19
-18
-18
-18
-18
-18
