-23
-23
-22
-21
-17
-4
3
-7
-12
-14
-15
-16
-17
-19
-20
-21
-22
-22
-22
-22
-21
-21
-20
-16
-11
-18
-26
-30
-28
-25
-23
-21
-18
-5
4
-8
-14
-16
-17
-19
-20
-21
-21
-22
-22
-22
-23
-26
-26
-25
-25
-21
-13
-9
-17
-26
-29
-27
-23
-21
-18
-17
-18
-15
-1
5
-8
-14
-16
-18
-19
-21
-23
-24
-24
-24
-24
-24
-23
-22
-22
-22
-15
-9
-17
-25
-26
-23
-20
-19
-18
-17
-15
-5
6
-5
-12
-15
-17
-19
-21
-22
-22
-22
-23
-23
-22
-22
-22
-20
-16
-8
-11
-21
-24
-21
-18
-16
-14
-12
-5
5
-6
-13
-17
-20
-22
-22
-22
-22
-22
-21
-21
-21
-21
-21
-19
-13
-9
-17
-26
-26
-23
-21
-19
-18
-11
2
-5
-14
