-20
-20
-20
-20
-21
-26
-27
-27
-29
-34
-39
-41
-36
-30
-25
-21
-15
-12
-12
-11
-8
-4
-1
-1
-3
-6
-10
-15
-17
-17
-17
-18
-18
-18
-18
-18
-19
-19
-20
-20
-21
-21
-22
-23
-24
-24
-24
-22
-21
-19
-19
-18
-19
-20
-22
-28
-37
-35
-25
-17
-11
-11
-11
-11
-10
-8
-6
-5
-6
-6
-7
-9
-12
-15
-16
-16
-16
-16
-16
-17
-20
-24
-26
-25
-24
-25
-25
-24
-22
-20
-17
-14
-14
-13
-13
-13
-14
-14
-14
-14
-14
-14
-14
-15
-15
-15
-15
-15
-15
-15
-15
-15
-15
-15
-16
-16
-16
-16
-16
-16
-16
-16
-16
-16
-19
-21
-19
-18
-17
-17
-17
-16
-16
-16
-16
-16
-16
-16
-16
-16
-16
-16
-16
-16
-16
-16
-16
-16
-16
-16
