-18
-17
-17
-17
-16
-15
-14
-13
-11
-11
-11
-11
-11
-11
-11
-11
-11
-12
-12
-11
-11
-9
-8
-9
-11
-13
-16
-22
-28
-31
-32
-32
-33
-33
-30
-28
-28
-27
-26
-25
-23
-22
-22
-21
-21
-20
-20
-19
-19
-19
-18
-18
-18
-18
-18
-18
-18
-18
-17
-17
-17
-17
-17
-17
-17
-17
-17
-16
-16
-16
-16
-16
-15
-15
-14
-14
-13
-12
-12
-12
-12
-12
-11
-11
-11
-11
-11
-13
-15
-16
-17
-18
-18
-18
-18
-18
-18
-18
-17
-17
-17
-16
-16
-17
-16
-16
-16
-16
-16
-16
-15
-15
-15
-16
-16
-16
-16
-16
-16
-16
-16
-16
-16
-16
-16
-16
-16
-17
-17
-17
-17
-17
-17
-17
-17
-17
-17
-16
-17
-17
-17
-17
-17
-17
-16
-16
-16
-16
-16
-16
