-10
-11
-12
-13
-15
-17
-20
-21
-21
-20
-20
-20
-20
-20
-19
-19
-19
-19
-19
-19
-19
-19
-18
-18
-16
-16
-16
-15
-15
-16
-16
-18
-19
-19
-18
-18
-18
-18
-18
-18
-18
-18
-18
-18
-18
-18
-18
-18
-18
-17
-16
-16
-15
-15
-17
-20
-24
-28
-31
-31
-31
-32
-31
-30
-29
-27
-23
-20
-15
-10
-5
-3
-3
-4
-5
-6
-6
-7
-7
-8
-9
-10
-11
-10
-10
-10
-10
-10
-11
-12
-13
-13
-14
-15
-16
-17
-18
-19
-19
-19
-20
-20
-20
-20
-20
-19
-19
-19
-19
-19
-19
-19
-19
-18
-18
-18
-18
-18
-17
-16
-15
-16
-18
-17
-17
-18
-18
-18
-18
-18
-18
-18
-18
-18
-18
-18
-18
-18
-18
-18
-17
-16
-16
-16
-16
-16
-17
-17
-17
-17
