-31
-35
-34
-33
-32
-32
-31
-29
-26
-21
-18
-14
-11
-8
-7
-5
-3
-3
-5
-9
-14
-19
-19
-18
-17
-17
-17
-17
-17
-18
-20
-25
-32
-40
-45
-45
-39
-27
-19
-15
-14
-15
-15
-11
-9
-6
-2
0
-3
-6
-7
-7
-8
-9
-10
-13
-17
-18
-18
-19
-21
-23
-25
-25
-24
-23
-22
-21
-20
-19
-18
-17
-16
-16
-16
-15
-14
-14
-13
-12
-11
-9
-8
-8
-8
-9
-10
-10
-11
-11
-12
-12
-16
-20
-21
-20
-20
-20
-20
-20
-21
-21
-21
-21
-21
-20
-20
-19
-19
-17
-16
-17
-17
-17
-17
-17
-17
-17
-17
-16
-16
-15
-15
-15
-15
-15
-15
-15
-15
-15
-15
-15
-15
-16
-16
-16
-16
-16
-16
-16
-16
-16
-16
-16
-16
-16
-17
-17
-17
-17
