-33
-46
-68
-65
-28
-15
-10
-7
-5
-2
5
11
9
9
11
8
4
-1
-10
-18
-21
-20
-19
-18
-18
-18
-18
-18
-18
-17
-17
-17
-17
-18
-18
-18
-19
-20
-21
-22
-23
-23
-24
-21
-15
-14
-15
-16
-16
-20
-20
-16
-14
-13
-14
-14
-14
-14
-10
-3
2
2
1
-3
-5
-10
-17
-23
-24
-24
-23
-22
-21
-22
-22
-23
-24
-25
-27
-27
-24
-19
-16
-21
-25
-24
-21
-19
-18
-15
-14
-14
-14
-14
-14
-15
-15
-15
-15
-15
-15
-15
-15
-15
-15
-15
-15
-16
-16
-16
-16
-16
-16
-16
-16
-16
-16
-16
-16
-16
-16
-16
-16
-16
-16
-16
-16
-16
-16
-17
-17
-17
-17
-17
-17
-17
-17
-17
-17
-17
-17
-17
-17
-17
-17
-17
-17
-17
-17
-17
