-4
-5
-9
-19
-26
-28
-31
-31
-32
-32
-33
-33
-31
-30
-29
-27
-25
-23
-17
-13
-10
-6
-4
-2
1
0
-3
-10
-18
-22
-24
-27
-26
-26
-27
-27
-28
-29
-30
-30
-29
-26
-25
-25
-25
-25
-25
-24
-21
-17
-11
-8
-6
-4
-1
2
2
1
-1
-5
-10
-16
-22
-23
-24
-23
-22
-21
-21
-22
-22
-22
-22
-22
-21
-20
-21
-20
-21
-22
-24
-25
-24
-25
-27
-26
-24
-22
-23
-22
-19
-15
-11
-9
-9
-9
-9
-10
-10
-10
-9
-10
-11
-11
-12
-12
-12
-13
-15
-15
-15
-14
-14
-14
-14
-15
-15
-15
-15
-15
-14
-14
-14
-14
-15
-15
-15
-15
-15
-15
-15
-15
-15
-15
-15
-16
-16
-16
-16
-16
-16
-16
-16
-16
-16
-16
-16
-16
-16
-16
