-1
-4
-4
-7
-19
-29
-36
-47
-47
-42
-38
-38
-38
-36
-30
-24
-17
-4
6
8
7
4
2
0
-1
-1
0
-1
-2
-3
-6
-6
-6
-8
-8
-9
-13
-20
-26
-31
-34
-40
-41
-38
-38
-36
-31
-24
-17
-12
-8
-3
-2
-3
-2
-2
-3
-4
-7
-8
-7
-6
-6
-6
-7
-8
-8
-10
-11
-12
-13
-15
-17
-20
-21
-22
-24
-26
-28
-29
-29
-29
-29
-28
-26
-23
-21
-13
-6
-8
-12
-10
-11
-13
-14
-14
-15
-15
-14
-13
-14
-15
-16
-17
-18
-18
-18
-18
-18
-18
-18
-18
-18
-18
-18
-18
-18
-18
-18
-18
-18
-18
-17
-17
-17
-17
-17
-17
-17
-17
-17
-17
-17
-17
-17
-17
-17
-17
-17
-17
-17
-17
-17
-17
-17
-17
-17
-17
-17
-17
