-25
-32
-36
-37
-36
-35
-35
-33
-26
-18
-6
0
-1
-2
-2
-3
-4
-5
-6
-7
-7
-8
-10
-11
-13
-14
-18
-21
-24
-26
-29
-33
-35
-36
-37
-35
-29
-23
-18
-14
-10
-3
-1
-2
-1
-1
-5
-7
-7
-8
-8
-9
-10
-11
-12
-13
-15
-16
-17
-18
-20
-23
-28
-30
-30
-32
-33
-33
-32
-30
-27
-24
-22
-17
-9
-2
-1
-5
-6
-5
-6
-7
-8
-9
-9
-11
-12
-13
-14
-16
-17
-17
-17
-17
-17
-18
-18
-18
-18
-19
-19
-19
-19
-19
-19
-19
-18
-18
-18
-18
-18
-18
-18
-18
-18
-18
-18
-18
-18
-18
-18
-18
-18
-18
-18
-17
-17
-17
-17
-17
-17
-17
-17
-17
-17
-17
-17
-17
-17
-17
-17
-17
-17
-17
-17
-17
-17
-17
-17
-17
