-16
-16
-16
-16
-19
-18
-18
-17
-17
-17
-17
-17
-17
-17
-17
-16
-16
-16
-16
-16
-16
-16
-16
-16
-16
-16
-16
-16
-16
-16
-17
-17
-16
-16
-17
-17
-16
-16
-17
-16
-16
-16
-16
-17
-18
-18
-18
-17
-17
-17
-17
-17
-17
-17
-17
-16
-16
-16
-16
-16
-14
-11
-8
-5
-3
-2
-1
-1
-2
-5
-7
-9
-13
-16
-18
-20
-24
-29
-33
-36
-35
-34
-31
-30
-29
-27
-26
-24
-22
-19
-18
-17
-17
-17
-16
-16
-16
-15
-15
-15
-15
-15
-16
-16
-16
-16
-16
-16
-16
-16
-16
-16
-16
-16
-16
-17
-18
-18
-18
-17
-17
-17
-16
-16
-16
-16
-16
-16
-16
-16
-16
-16
-16
-16
-16
-16
-16
-16
-16
-16
-16
-16
-16
-16
-16
-17
-17
-16
-16
-17
