-4
-8
-13
-16
-16
-17
-19
-20
-23
-25
-26
-27
-27
-27
-26
-28
-27
-24
-19
-17
-15
-13
-13
-13
-13
-13
-13
-14
-14
-15
-15
-15
-15
-16
-17
-17
-19
-21
-22
-22
-22
-22
-21
-21
-20
-20
-19
-19
-18
-18
-18
-18
-18
-18
-18
-18
-18
-18
-18
-18
-18
-18
-18
-17
-17
-17
-17
-17
-17
-17
-17
-16
-15
-14
-12
-11
-10
-10
-11
-11
-11
-12
-13
-15
-16
-16
-17
-18
-19
-20
-20
-22
-23
-24
-24
-23
-23
-22
-21
-21
-20
-20
-20
-19
-18
-18
-17
-17
-17
-17
-16
-16
-16
-15
-15
-15
-15
-15
-15
-15
-15
-15
-16
-16
-16
-16
-16
-16
-16
-16
-16
-17
-18
-18
-18
-17
-17
-17
-17
-17
-17
-17
-17
-17
-17
-16
-16
-16
-16
-16
