-23
-20
-17
-15
-15
-15
-12
-8
-4
-1
-3
-9
-18
-19
-19
-19
-19
-22
-28
-27
-27
-31
-37
-39
-33
-26
-22
-16
-12
-11
-10
-8
-7
-5
-3
-5
-7
-11
-16
-17
-18
-18
-21
-25
-24
-25
-28
-30
-32
-35
-39
-38
-37
-36
-32
-28
-24
-18
-15
-13
-12
-10
-9
-9
-9
-10
-10
-9
-7
-5
-4
-4
-4
-6
-10
-13
-15
-15
-15
-16
-21
-30
-35
-37
-33
-31
-29
-24
-18
-15
-13
-12
-12
-12
-12
-12
-12
-12
-12
-12
-13
-13
-13
-13
-13
-13
-13
-14
-14
-14
-14
-14
-14
-15
-15
-15
-15
-15
-15
-15
-15
-15
-16
-17
-17
-16
-16
-16
-16
-16
-16
-16
-16
-16
-16
-16
-16
-16
-16
-16
-16
-16
-16
-16
-16
-16
-16
-16
-16
-16
