-28
-15
-10
-10
-8
-7
-9
-11
-13
-13
-16
-21
-25
-29
-33
-35
-34
-31
-27
-22
-15
-10
-8
-8
-9
-9
-7
-3
0
1
1
0
-3
-8
-10
-9
-10
-15
-21
-25
-29
-32
-34
-35
-34
-31
-28
-26
-24
-20
-17
-17
-16
-15
-14
-13
-13
-12
-12
-10
-8
-7
-9
-14
-17
-19
-20
-20
-22
-24
-25
-25
-25
-26
-26
-25
-25
-24
-23
-22
-20
-14
-11
-11
-11
-10
-12
-11
-9
-9
-11
-13
-15
-16
-17
-18
-18
-19
-20
-20
-20
-20
-19
-19
-19
-19
-19
-19
-19
-19
-19
-18
-18
-18
-18
-18
-18
-18
-17
-17
-17
-16
-16
-16
-17
-17
-18
-18
-18
-18
-18
-18
-18
-18
-18
-18
-18
-18
-18
-18
-17
-17
-17
-17
-17
-17
-17
-17
-17
-17
