-64
-66
-67
-64
-64
-59
-50
-49
-53
-51
-46
-40
-32
-23
-18
-17
-17
-17
-17
-17
-17
-17
-17
-17
-17
-17
-17
-17
-17
-28
-46
-47
-43
-36
-19
9
27
28
27
25
19
8
-17
-44
-39
-33
-29
-27
-26
-25
-25
-24
-25
-27
-23
-18
-19
-19
-31
-44
-47
-52
-54
-52
-42
-28
-16
-8
-3
-1
-1
1
6
8
7
6
4
3
2
1
0
0
-1
-2
-2
-3
-4
-4
-5
-6
-6
-7
-7
-8
-8
-9
-9
-10
-10
-10
-10
-11
-11
-11
-12
-12
-12
-12
-12
-13
-13
-13
-13
-13
-14
-14
-14
-14
-14
-14
-15
-15
-15
-15
-15
-15
-15
-15
-15
-15
-15
-16
-16
-16
-16
-16
-16
-16
-16
-16
-16
-16
-16
-16
-16
-16
-16
-16
-16
-16
