-14
-10
-6
3
10
14
17
15
11
5
-3
-13
-17
-16
-20
-42
-52
-51
-52
-48
-46
-42
-39
-38
-39
-36
-31
-31
-28
-20
-7
4
8
12
14
12
8
2
-5
-14
-24
-34
-38
-36
-35
-37
-37
-38
-40
-42
-41
-39
-35
-29
-22
-15
-15
-21
-19
-14
-12
-11
-8
-5
-2
1
4
3
1
-2
-6
-10
-15
-27
-34
-35
-35
-33
-30
-30
-31
-30
-29
-28
-27
-25
-22
-21
-19
-18
-17
-17
-17
-16
-16
-16
-15
-14
-14
-14
-14
-14
-14
-15
-15
-15
-15
-15
-15
-15
-15
-15
-15
-15
-16
-16
-16
-16
-16
-16
-16
-16
-16
-16
-16
-16
-17
-17
-17
-17
-17
-17
-17
-17
-17
-17
-17
-16
-16
-16
-16
-16
-16
-16
-16
-16
-16
-16
-16
-16
