-19
-16
-12
-8
-3
0
0
-3
-5
-5
-7
-13
-20
-25
-25
-27
-24
-26
-32
-31
-30
-30
-29
-28
-28
-27
-27
-27
-26
-24
-24
-24
-23
-22
-20
-18
-14
-11
-9
-5
-2
0
-1
-5
-11
-18
-21
-21
-20
-19
-18
-18
-18
-18
-18
-18
-18
-18
-18
-18
-18
-18
-18
-18
-18
-16
-13
-11
-10
-9
-9
-11
-18
-26
-24
-21
-21
-20
-21
-25
-27
-26
-24
-25
-23
-18
-14
-11
-9
-10
-10
-10
-11
-11
-11
-12
-12
-12
-12
-12
-13
-13
-13
-13
-13
-13
-14
-14
-14
-14
-14
-15
-15
-15
-15
-15
-15
-15
-15
-15
-15
-15
-15
-15
-15
-16
-16
-16
-16
-16
-16
-16
-16
-16
-16
-16
-16
-16
-16
-16
-16
-16
-16
-16
-16
-16
-16
-16
-16
-16
