-10
-12
-13
-14
-15
-16
-15
-15
-16
-16
-16
-16
-16
-14
-11
-14
-18
-21
-21
-21
-21
-21
-21
-21
-21
-21
-20
-20
-20
-20
-20
-19
-19
-19
-18
-18
-18
-18
-16
-10
-3
-3
-7
-11
-13
-14
-15
-16
-16
-16
-16
-16
-16
-16
-16
-16
-13
-12
-16
-19
-21
-22
-22
-23
-23
-23
-22
-22
-22
-21
-21
-20
-19
-15
-7
-1
-5
-10
-12
-13
-14
-16
-16
-17
-17
-17
-17
-17
-17
-16
-13
-11
-16
-20
-22
-23
-23
-23
-23
-23
-23
-23
-23
-22
-21
-21
-18
-9
-2
-5
-10
-12
-13
-15
-15
-16
-16
-16
-16
-16
-17
-16
-13
-10
-12
-17
-20
-22
-23
-24
-23
-21
-20
-19
-19
-18
-18
-18
-17
-18
-18
-18
-16
-15
-15
-16
-16
-16
-16
-16
