-12
-15
-16
-15
-17
-22
-27
-35
-46
-52
-54
-51
-47
-42
-38
-35
-23
-8
4
10
9
7
6
5
4
2
0
-1
-3
-5
-10
-21
-30
-38
-41
-39
-40
-36
-28
-25
-18
-8
0
1
1
1
-2
-2
-1
-1
-2
-3
-4
-6
-8
-8
-7
-8
-10
-13
-19
-27
-29
-29
-31
-34
-36
-34
-33
-32
-29
-22
-17
-15
-9
-5
-3
-2
-3
-6
-5
-5
-6
-6
-8
-8
-9
-9
-10
-12
-14
-15
-16
-17
-18
-19
-20
-20
-20
-20
-20
-20
-19
-19
-19
-19
-19
-19
-19
-19
-19
-19
-18
-18
-17
-15
-16
-17
-17
-17
-17
-17
-17
-18
-18
-18
-18
-18
-18
-18
-18
-18
-18
-18
-17
-17
-17
-17
-17
-17
-17
-17
-17
-17
-17
-17
-17
-17
-17
-17
