-25
-24
-24
-22
-19
-14
-5
2
4
5
4
3
1
0
0
0
-2
-7
-11
-13
-19
-35
-44
-51
-50
-46
-42
-38
-35
-31
-24
-18
-15
-11
-4
0
1
1
1
0
-1
-3
-4
-6
-6
-8
-9
-9
-10
-10
-11
-12
-12
-13
-14
-16
-18
-22
-28
-29
-30
-31
-31
-31
-31
-33
-33
-32
-30
-27
-24
-20
-17
-14
-9
-5
-4
-4
-4
-5
-6
-7
-8
-8
-8
-9
-9
-10
-10
-10
-11
-12
-13
-15
-16
-17
-18
-18
-19
-19
-20
-21
-21
-20
-20
-20
-20
-20
-19
-19
-19
-19
-19
-19
-19
-19
-19
-18
-18
-18
-18
-17
-16
-16
-16
-17
-17
-17
-17
-17
-17
-17
-17
-17
-17
-18
-18
-18
-18
-18
-18
-18
-18
-18
-18
-18
-18
-18
-18
-18
