-17
-17
-17
-17
-17
-17
-17
-17
-17
-17
-17
-17
-17
-17
-17
-17
-17
-17
-17
-17
-17
-17
-17
-17
-17
-17
-17
-17
-17
-18
-20
-22
-23
-24
-25
-25
-25
-25
-23
-21
-21
-20
-19
-13
-5
-4
-5
-5
-5
-7
-7
-7
-7
-7
-7
-8
-10
-13
-16
-17
-18
-20
-23
-25
-26
-25
-25
-25
-24
-24
-23
-22
-21
-19
-18
-16
-12
-10
-10
-11
-11
-10
-10
-8
-7
-7
-8
-9
-12
-13
-15
-17
-17
-18
-18
-19
-19
-20
-20
-20
-20
-20
-19
-19
-19
-19
-19
-19
-19
-19
-19
-18
-18
-18
-18
-18
-18
-18
-18
-18
-18
-18
-18
-18
-18
-18
-18
-18
-17
-17
-17
-17
-17
-17
-17
-17
-17
-17
-17
-17
-17
-17
-17
-17
-17
-17
-17
-17
-17
-17
