-30
-30
-30
-29
-28
-27
-26
-25
-24
-23
-21
-20
-16
-13
-13
-11
-8
-6
-4
-4
-6
-6
-6
-7
-8
-8
-9
-11
-13
-17
-20
-22
-24
-25
-27
-28
-28
-28
-28
-28
-27
-27
-26
-26
-25
-24
-23
-23
-22
-21
-20
-16
-12
-11
-10
-9
-9
-7
-7
-8
-8
-8
-9
-9
-10
-10
-12
-14
-16
-18
-20
-23
-24
-25
-26
-26
-26
-25
-25
-24
-24
-23
-23
-22
-21
-20
-18
-16
-14
-13
-14
-14
-14
-14
-14
-14
-15
-15
-15
-15
-15
-15
-15
-15
-16
-17
-17
-19
-19
-18
-18
-17
-15
-15
-15
-15
-15
-16
-16
-16
-16
-16
-16
-16
-16
-16
-16
-16
-16
-17
-18
-17
-17
-17
-16
-16
-16
-16
-16
-16
-16
-16
-16
-16
-16
-16
-16
-16
-16
-17
