-10
-6
-4
-4
-6
-8
-9
-12
-20
-25
-28
-28
-26
-25
-28
-29
-28
-26
-25
-24
-24
-23
-21
-17
-12
-10
-6
-4
-3
-1
-1
-3
-5
-8
-16
-21
-23
-26
-27
-26
-26
-27
-28
-26
-26
-26
-25
-24
-24
-23
-21
-20
-17
-12
-11
-10
-8
-7
-5
-4
-3
-4
-6
-11
-16
-21
-26
-27
-24
-21
-25
-25
-25
-24
-24
-24
-24
-23
-22
-21
-19
-16
-12
-12
-12
-12
-10
-8
-7
-7
-9
-10
-13
-16
-22
-23
-22
-21
-21
-23
-23
-23
-22
-22
-21
-20
-19
-18
-16
-15
-16
-16
-16
-16
-16
-16
-16
-16
-16
-16
-16
-18
-19
-19
-18
-17
-16
-17
-16
-16
-16
-16
-16
-16
-15
-16
-16
-16
-16
-16
-16
-16
-16
-16
-16
-16
-16
-16
-16
-16
