-17
-17
-17
-17
-15
-9
-3
1
3
-2
-6
-10
-17
-22
-22
-22
-24
-28
-29
-32
-35
-30
-29
-29
-25
-16
-14
-13
-9
-7
-8
-7
-4
-3
-8
-14
-19
-20
-20
-24
-26
-24
-24
-22
-22
-22
-25
-32
-35
-32
-29
-27
-25
-19
-13
-12
-10
-7
-4
-3
-4
-6
-7
-8
-8
-11
-15
-18
-20
-21
-22
-22
-21
-20
-20
-19
-23
-26
-28
-30
-28
-27
-26
-25
-24
-22
-20
-17
-16
-15
-13
-12
-13
-13
-13
-13
-13
-13
-14
-14
-14
-14
-14
-14
-14
-15
-15
-15
-15
-15
-15
-15
-15
-15
-15
-15
-15
-16
-16
-16
-16
-16
-16
-16
-16
-16
-16
-16
-16
-16
-16
-16
-16
-16
-16
-16
-16
-16
-16
-16
-16
-16
-16
-16
-16
-16
-16
-16
-17
-17
