-11
-11
-13
-16
-18
-18
-19
-19
-20
-24
-29
-21
-11
-11
-12
-8
-5
-4
-4
-2
-1
-2
-2
-4
-6
-8
-11
-13
-16
-18
-18
-18
-18
-17
-17
-17
-18
-18
-18
-18
-18
-18
-18
-17
-17
-17
-17
-17
-17
-17
-18
-18
-18
-19
-19
-20
-21
-21
-22
-23
-22
-19
-15
-12
-12
-12
-11
-10
-9
-7
-6
-6
-7
-9
-12
-14
-16
-18
-18
-18
-19
-21
-22
-21
-21
-21
-21
-21
-21
-20
-19
-17
-16
-15
-15
-15
-15
-16
-16
-16
-16
-16
-16
-16
-16
-16
-16
-16
-16
-16
-16
-16
-16
-16
-16
-16
-16
-16
-16
-16
-17
-16
-16
-17
-17
-17
-17
-17
-17
-17
-17
-17
-17
-17
-17
-17
-17
-17
-17
-17
-17
-17
-17
-17
-17
-17
-17
-17
-17
-17
