27
26
20
11
-9
-36
-51
-48
-48
-41
-43
-46
-44
-38
-32
-27
-18
-4
4
16
20
18
9
4
0
-7
-23
-38
-43
-40
-40
-41
-43
-45
-45
-43
-40
-41
-39
-34
-29
-26
-18
-9
-2
0
2
4
4
3
2
0
-3
-6
-9
-12
-15
-18
-18
-17
-17
-17
-17
-18
-18
-18
-17
-18
-18
-18
-19
-20
-19
-20
-21
-21
-22
-25
-29
-27
-25
-26
-27
-26
-25
-24
-23
-22
-20
-18
-15
-11
-10
-10
-11
-11
-11
-12
-12
-12
-12
-12
-13
-13
-13
-13
-13
-13
-14
-14
-14
-14
-14
-14
-15
-15
-16
-16
-16
-16
-16
-16
-16
-16
-16
-17
-17
-17
-16
-15
-15
-15
-15
-15
-15
-15
-15
-16
-16
-16
-16
-16
-16
-16
-16
-16
-16
-16
-16
-16
