-18
-17
-17
-16
-16
-16
-17
-22
-22
-20
-15
-11
-15
-16
-14
-4
9
16
18
18
16
17
14
5
-7
-25
-41
-46
-47
-46
-42
-42
-38
-34
-33
-27
-14
-14
-18
-14
-7
0
4
8
15
16
13
8
-3
-15
-26
-39
-45
-46
-43
-37
-34
-36
-35
-32
-33
-32
-28
-28
-29
-30
-28
-21
-15
-16
-17
-17
-17
-17
-17
-17
-17
-17
-17
-17
-16
-16
-19
-23
-25
-24
-21
-19
-19
-18
-14
-13
-14
-15
-15
-15
-16
-16
-16
-16
-16
-16
-15
-15
-14
-15
-18
-19
-18
-17
-16
-16
-15
-15
-11
-8
-13
-16
-17
-17
-17
-18
-18
-18
-18
-18
-17
-16
-15
-16
-19
-19
-18
-18
-17
-17
-17
-16
-16
-13
-9
-12
-16
-17
-18
-18
-18
-19
-19
-19
