-23
-21
-17
-16
-13
-8
-2
1
2
2
1
-2
-5
-8
-15
-23
-26
-25
-25
-28
-29
-30
-31
-29
-28
-27
-26
-26
-27
-26
-25
-23
-21
-18
-12
-9
-6
-4
-4
-2
-2
-8
-18
-24
-26
-25
-25
-26
-26
-26
-25
-25
-23
-21
-18
-14
-12
-9
-6
-4
-3
-4
-8
-14
-20
-25
-25
-25
-26
-26
-25
-24
-24
-23
-22
-21
-20
-19
-18
-17
-16
-15
-15
-14
-13
-12
-11
-10
-9
-9
-11
-14
-20
-22
-21
-21
-22
-22
-22
-21
-20
-19
-18
-18
-17
-17
-16
-16
-15
-15
-15
-16
-16
-16
-16
-16
-16
-16
-16
-16
-17
-17
-17
-17
-17
-17
-17
-17
-17
-16
-16
-16
-16
-16
-16
-16
-16
-16
-16
-16
-16
-16
-16
-16
-16
-16
-16
-17
-17
-17
