-10
-10
-14
-19
-21
-21
-21
-20
-20
-20
-20
-20
-20
-20
-19
-15
-12
-11
-10
-13
-15
-16
-18
-23
-33
-37
-37
-38
-38
-35
-34
-31
-27
-23
-20
-17
-14
-6
1
1
-2
-6
-5
-5
-5
-6
-7
-8
-9
-9
-10
-10
-11
-12
-13
-13
-13
-13
-14
-15
-17
-19
-21
-24
-31
-33
-32
-31
-31
-31
-30
-28
-26
-23
-20
-18
-16
-11
-6
-8
-11
-7
-6
-7
-8
-8
-9
-10
-11
-11
-11
-13
-14
-14
-15
-17
-18
-18
-18
-19
-19
-19
-19
-19
-19
-19
-19
-19
-19
-19
-18
-18
-18
-18
-18
-18
-18
-16
-15
-16
-16
-16
-17
-17
-17
-18
-18
-18
-18
-18
-18
-18
-18
-18
-18
-17
-17
-18
-17
-17
-17
-17
-17
-17
-17
-17
-17
-17
-17
-17
