-4
-4
-4
-7
-12
-19
-23
-27
-31
-36
-39
-38
-31
-18
-4
1
0
-3
-3
0
-1
-2
-2
-2
-2
-3
-3
-4
-6
-9
-16
-31
-40
-40
-41
-41
-39
-37
-35
-30
-23
-13
-8
-2
0
-1
-1
-3
-4
-6
-7
-5
-4
-4
-5
-5
-6
-7
-8
-9
-10
-11
-13
-17
-22
-23
-24
-27
-29
-31
-32
-33
-34
-35
-32
-25
-19
-10
-5
-6
-7
-12
-11
-9
-9
-8
-7
-7
-9
-9
-10
-11
-11
-13
-14
-16
-18
-20
-20
-20
-20
-20
-20
-19
-19
-19
-19
-19
-19
-19
-19
-19
-18
-18
-18
-18
-18
-18
-18
-18
-18
-18
-18
-18
-18
-18
-18
-18
-17
-17
-17
-17
-17
-17
-17
-17
-17
-17
-17
-17
-17
-17
-17
-17
-17
-17
-17
-17
-17
-17
