-17
-17
-20
-24
-28
-32
-35
-36
-35
-31
-22
-15
-6
-4
-9
-12
-13
-18
-25
-29
-31
-32
-33
-35
-35
-33
-26
-10
3
-1
-8
-8
-9
-9
-9
-10
-10
-10
-10
-10
-10
-13
-20
-26
-30
-32
-35
-34
-31
-30
-27
-18
-9
-2
1
-1
-4
-5
-2
-3
-10
-12
-11
-11
-12
-12
-13
-16
-20
-21
-19
-12
-11
-19
-20
-19
-13
-5
-1
-1
-4
-4
-6
-7
-9
-12
-18
-20
-19
-19
-20
-20
-20
-20
-20
-20
-19
-19
-18
-18
-15
-15
-16
-18
-18
-18
-17
-15
-17
-18
-18
-18
-18
-18
-18
-17
-17
-17
-17
-17
-17
-17
-17
-17
-17
-17
-17
-17
-17
-17
-17
-17
-17
-17
-17
-17
-17
-17
-17
-17
-17
-17
-17
-17
-17
-17
-17
-17
-17
-17
