-19
-21
-23
-25
-26
-26
-24
-21
-17
-7
-5
-4
0
-3
-3
-2
-3
-3
-2
0
-1
-5
-10
-19
-26
-30
-31
-34
-39
-40
-36
-30
-24
-14
-7
0
1
-3
-4
-2
-1
-1
-2
-3
-5
-6
-6
-6
-6
-8
-9
-13
-19
-24
-24
-26
-31
-36
-36
-35
-33
-31
-28
-24
-18
-8
-4
-6
-11
-14
-12
-6
-5
-5
-5
-6
-7
-8
-8
-9
-10
-11
-12
-12
-12
-13
-15
-19
-21
-20
-20
-20
-20
-20
-20
-19
-19
-19
-19
-19
-19
-19
-19
-18
-18
-18
-18
-18
-18
-18
-18
-18
-18
-18
-18
-18
-18
-18
-18
-18
-17
-17
-17
-17
-17
-17
-17
-17
-17
-17
-17
-17
-17
-17
-17
-17
-17
-17
-17
-17
-17
-17
-17
-17
-17
-17
-17
-17
-17
-17
