-17
-17
-18
-22
-26
-33
-37
-40
-35
-19
-11
-11
-11
-10
-8
-9
-8
-3
-5
-9
-12
-16
-19
-22
-26
-30
-33
-36
-39
-40
-41
-44
-45
-40
-26
-14
-8
-3
-3
-4
-3
-2
-2
0
1
1
1
-1
-1
-3
-4
-4
-5
-6
-8
-9
-9
-9
-9
-10
-11
-15
-21
-25
-27
-31
-38
-40
-39
-38
-32
-20
-13
-7
-4
-5
-10
-10
-7
-6
-6
-7
-8
-9
-10
-11
-11
-12
-15
-16
-14
-15
-17
-20
-20
-20
-20
-20
-20
-19
-19
-19
-19
-19
-19
-19
-19
-19
-19
-18
-18
-18
-18
-18
-18
-18
-18
-18
-18
-18
-18
-18
-18
-18
-18
-18
-17
-17
-17
-17
-17
-17
-17
-17
-17
-17
-17
-17
-17
-17
-17
-17
-17
-17
-17
-17
-17
-17
-17
-17
