17
16
14
11
6
2
-3
-10
-24
-39
-40
-40
-41
-42
-42
-42
-41
-40
-38
-35
-29
-19
-5
-14
-20
-20
-21
-21
-21
-21
-20
-20
-20
-20
-20
-20
-19
-14
-13
-21
-26
-26
-24
-21
-20
-20
-20
-19
-13
-4
-12
-18
-19
-18
-18
-18
-18
-18
-18
-18
-18
-18
-16
-12
-13
-18
-22
-22
-21
-20
-19
-19
-19
-18
-18
-16
-8
-9
-17
-18
-18
-18
-18
-18
-18
-18
-17
-17
-17
-14
-10
-13
-18
-20
-20
-20
-20
-20
-19
-18
-18
-18
-17
-10
-3
-12
-18
-18
-18
-18
-18
-18
-18
-18
-18
-18
-18
-18
-17
-17
-15
-11
-13
-18
-21
-20
-20
-19
-19
-18
-18
-18
-18
-14
-6
-7
-17
-18
-18
-18
-18
-18
-18
-18
-18
-18
-18
-18
-17
-17
