17
29
33
37
38
40
40
41
41
44
67
95
79
72
65
64
60
60
60
58
58
54
42
44
55
27
17
7
15
32
35
36
37
39
58
139
162
181
196
174
172
166
169
140
103
79
67
139
392
358
42
1
8
16
21
25
31
36
37
40
46
87
101
109
111
106
95
92
86
84
83
80
76
64
50
10
27
35
35
24
0
24
31
34
36
37
37
37
39
48
77
78
75
68
62
60
59
55
55
55
54
51
48
45
52
46
94
72
14
17
27
31
33
36
37
37
38
40
48
75
72
62
57
53
50
49
49
49
46
43
41
41
40
50
14
42
15
17
27
32
35
37
37
38
38
39
40
44
62
62
63
59
58
50
49
49
48
48
46
45

