38
39
40
40
41
51
93
93
91
85
72
63
62
57
52
48
52
52
50
45
46
12
88
101
55
4
25
31
33
36
37
38
41
70
75
70
63
59
53
56
59
54
52
51
53
50
49
58
10
70
64
17
17
30
34
36
38
39
40
40
41
47
70
70
67
63
60
59
58
51
50
49
49
45
42
41
46
20
33
29
3
25
32
35
37
38
38
40
40
41
41
44
61
59
60
59
56
55
55
51
46
45
44
45
46
44
42
41
51
1
25
0
26
33
36
37
38
39
40
41
41
52
72
68
62
52
50
50
49
49
49
47
45
45
45
47
41
38
43
4
9
2
19
31
36
37
38
39
40
40
41
54
67
67
65
59
51
49
46
49

