48
47
49
51
45
40
41
51
7
10
1
15
30
34
37
38
39
40
40
41
49
74
75
72
64
60
59
50
51
51
51
60
64
74
83
85
71
85
21
83
60
2
23
32
35
37
38
38
39
40
41
50
116
133
140
150
154
147
139
137
133
124
111
95
87
20
179
288
238
151
56
4
25
32
35
37
38
41
63
96
101
93
93
103
100
102
106
99
95
94
91
72
67
6
47
50
32
9
19
29
33
34
36
37
38
38
41
75
114
118
111
96
90
86
85
82
80
67
64
60
61
26
36
21
8
0
11
21
30
33
34
35
36
37
37
41
72
93
93
78
70
59
56
56
54
50
51
49
45
38
46
46
93
89
45
0
21
29
32
34

