60
33
29
5
0
14
29
34
37
38
39
40
41
41
41
41
44
67
93
88
83
72
72
69
52
52
55
59
54
48
51
48
40
45
46
107
88
27
14
29
33
36
38
39
40
41
41
42
64
88
91
83
72
67
60
55
51
51
50
55
52
50
52
42
52
28
0
0
5
15
29
34
37
38
39
40
41
41
52
85
81
75
64
59
56
49
60
49
39
38
37
37
37
37
26
36
34
36
36
37
37
38
38
38
40
45
74
96
93
82
74
63
62
60
59
50
51
53
48
42
45
16
21
3
0
5
19
31
33
36
37
37
38
38
40
50
80
83
77
69
62
55
54
49
45
48
43
46
41
38
48
11
21
0
8
14
27
32
34
36

