54
50
51
56
56
50
47
41
56
17
80
70
14
19
31
34
37
38
40
40
41
41
45
83
84
75
69
64
55
49
50
58
49
59
52
46
45
40
59
33
78
55
1
25
33
36
37
38
39
40
41
45
80
86
75
63
57
52
55
53
52
55
51
47
42
42
40
55
12
15
2
10
23
33
37
38
39
40
40
41
42
62
90
85
67
55
47
54
50
53
59
51
51
48
55
56
55
69
49
83
61
3
25
33
35
37
37
38
40
42
67
96
91
74
63
62
60
55
54
58
46
44
41
46
46
52
55
97
42
11
28
34
37
38
39
41
44
82
91
82
77
72
63
56
48
55
52
45
49
55
52
49
44
55
25
9
5
6
23
33

