80
77
71
67
62
59
55
60
52
56
51
46
41
49
19
15
17
25
30
33
35
37
38
40
40
41
41
41
50
75
86
79
71
63
61
56
50
48
49
50
49
49
40
38
37
30
33
30
31
33
35
36
37
38
39
39
40
40
40
44
65
88
85
72
64
56
49
42
47
41
41
41
40
38
37
39
14
23
23
26
29
33
36
37
38
38
38
39
39
41
54
77
88
80
70
65
64
52
50
51
49
49
55
43
45
47
33
14
10
13
19
29
33
35
37
37
37
37
38
40
59
80
73
62
56
48
46
48
45
51
44
46
47
43
39
54
19
17
4
10
19
31
33
35
36
37
37
38
55
83
80
67
55
54
49
49
50
45
44
43

