71
67
55
55
49
50
51
54
52
43
44
38
45
29
29
31
33
33
33
34
35
36
36
37
37
37
37
41
58
93
103
85
72
62
54
58
49
48
50
45
41
37
41
27
11
0
5
10
21
29
32
34
35
36
36
37
39
60
72
72
61
56
59
48
41
37
41
41
39
37
38
37
43
3
72
51
0
21
29
32
33
34
36
36
37
37
39
65
86
78
67
61
56
51
44
40
39
42
45
48
55
52
59
29
59
85
36
10
25
31
33
34
36
37
37
37
39
49
81
90
82
74
72
70
55
56
63
54
55
54
57
53
59
45
137
111
33
11
26
31
33
36
37
37
37
38
42
80
98
96
86
80
76
75
59
64
66
62
55
62

