16
18
19
23
25
27
29
31
31
32
37
65
88
88
77
64
63
64
59
56
55
46
44
49
46
47
25
82
135
100
35
6
21
27
29
31
32
33
33
34
49
85
84
69
59
54
54
53
48
48
45
45
50
45
44
56
30
75
62
29
1
21
28
31
31
33
33
34
35
43
70
75
72
65
56
56
56
52
50
46
48
40
42
41
41
31
71
86
39
3
19
28
31
33
33
34
35
36
44
74
77
72
66
63
54
51
44
45
40
42
44
40
37
34
33
14
19
21
25
28
31
32
33
34
36
36
36
37
46
72
77
70
63
59
54
51
45
44
51
45
46
47
39
59
23
82
60
12
17
27
31
33
34
34
35
36
37
55
82
77

