18
23
27
29
30
32
44
116
121
115
102
97
82
77
78
78
86
93
91
88
86
49
3
8
10
13
14
15
17
24
31
91
122
137
149
143
119
103
88
74
71
52
33
196
257
166
44
6
9
15
22
25
28
29
31
44
70
62
52
47
46
41
39
37
38
42
39
38
41
50
7
57
35
8
21
25
27
29
29
31
32
32
34
50
106
86
59
51
45
42
40
41
40
38
38
37
50
3
59
21
10
21
25
27
30
31
32
33
33
33
33
36
59
85
69
62
56
53
45
40
41
40
36
37
34
38
36
17
36
14
15
25
28
30
31
32
32
33
34
36
48
86
77
64
55
51
49
49
49
51
50
47
43
40
44
2
72
33
7
20

