25
29
31
32
33
33
34
34
36
46
80
74
65
56
51
46
44
45
41
45
43
39
37
37
41
33
38
44
3
19
27
29
31
33
34
35
36
37
51
114
101
78
65
60
58
52
52
49
48
49
49
49
46
47
41
75
101
41
8
21
26
29
31
32
33
36
40
77
78
67
59
49
50
49
50
48
48
47
43
46
45
45
41
47
9
31
6
7
23
30
32
33
34
35
37
41
72
72
63
55
50
45
44
45
49
45
48
46
42
41
43
49
10
39
10
19
28
31
33
35
36
36
37
37
40
62
61
59
55
50
47
46
43
41
42
45
42
43
45
48
41
42
45
17
21
6
14
27
32
33
35
36
37
37
38
42
77
83
77
69

