59
55
46
37
40
46
63
125
145
158
62
98
29
12
25
29
31
33
38
150
246
288
327
363
413
437
446
392
272
24
135
181
215
301
320
290
264
116
14
131
378
459
458
432
423
402
365
295
130
27
159
259
350
368
365
322
231
114
25
61
273
334
405
446
421
366
314
244
111
10
60
204
230
174
112
75
49
38
26
16
12
10
8
0
55
118
89
77
78
75
74
74
75
75
77
76
59
26
160
258
230
136
54
6
10
18
23
26
27
28
29
31
45
47
40
35
33
31
31
31
31
31
31
31
31
33
38
55
17
2
5
18
24
27
28
29
30
31
31
31
31
33
51
80
67
55
48
46
47
48
48
47
46
46
45
56
11
40
14
12

