251
293
297
282
297
300
314
312
304
267
31
46
6
9
11
12
14
15
17
17
18
19
21
22
30
104
337
373
339
322
309
264
215
160
109
74
37
98
107
144
138
123
108
83
45
6
3
9
14
24
87
173
130
93
112
157
270
384
292
150
144
159
77
145
176
200
181
143
104
54
17
3
10
14
16
21
83
128
131
139
151
150
147
130
116
103
84
76
41
77
93
103
83
74
55
13
1
7
10
13
16
19
29
64
67
42
36
33
32
29
27
25
25
26
27
27
33
9
49
32
9
8
13
16
17
19
19
20
21
21
22
23
25
36
32
29
26
25
24
23
23
23
23
23
23
23
23
25
10
8
13
18
20
21
23
23
24
24
25
29

