42
41
40
31
32
29
22
6
14
21
23
25
25
26
27
29
41
75
67
55
45
49
47
48
51
51
47
41
45
62
55
43
61
12
34
27
6
16
20
23
25
26
27
29
37
75
75
69
65
67
61
59
64
51
58
57
55
46
41
34
37
49
10
13
20
23
25
27
27
29
55
73
70
62
58
56
52
45
46
50
51
51
48
44
42
36
39
10
29
26
0
15
21
23
25
27
29
29
29
32
67
74
63
54
49
47
45
44
40
37
37
36
34
33
33
38
21
11
6
10
21
25
26
27
29
29
30
31
42
72
72
64
49
44
42
41
37
32
29
29
31
35
40
37
39
30
27
9
9
21
25
27
29
29
30
31
31
31
32
37

