51
41
23
27
27
27
26
25
48
259
481
542
512
443
381
335
303
260
72
100
14
2
11
15
16
17
18
19
20
69
329
453
424
377
334
276
223
101
19
37
15
13
2
0
1
0
2
8
10
2
114
325
428
412
356
311
283
250
139
52
21
15
11
10
7
9
10
10
9
8
3
0
2
5
23
88
114
104
103
115
104
86
72
57
47
42
29
23
70
49
21
12
11
8
4
0
2
4
5
5
6
6
7
7
10
36
83
104
101
72
46
34
31
29
23
19
17
23
45
23
5
3
1
0
2
4
5
7
8
9
9
10
10
10
10
10
10
11
23
50
70
77
80
53
36
30
25
23
18
22
17
39
6
1
4
5
6
7
9
10

