72
55
49
52
50
48
67
122
191
216
269
276
294
213
153
6
8
19
21
23
24
25
25
25
28
29
31
54
139
132
135
187
220
236
282
280
289
287
235
159
12
9
12
14
15
15
17
19
20
21
22
27
139
218
252
223
251
281
277
312
231
111
18
17
13
0
8
9
7
10
11
12
12
14
17
17
17
31
91
82
63
66
46
31
25
21
20
19
19
20
20
19
31
116
161
77
17
1
5
8
10
11
13
14
16
17
17
18
20
41
52
39
28
22
24
29
22
19
19
20
19
19
18
20
6
21
19
3
11
14
16
17
18
19
19
20
21
21
21
21
21
22
26
31
29
28
27
26
23
23
24
24
24
23
23
23
22
23
23
21

