31
72
95
110
114
96
75
67
55
44
55
61
55
69
72
72
72
1
13
25
25
26
25
26
27
27
30
53
109
148
190
228
232
223
213
207
187
83
5
3
8
9
10
14
10
14
17
19
22
58
181
190
173
155
151
157
144
121
74
34
33
15
9
13
0
10
14
18
20
21
23
23
27
51
51
44
36
34
31
28
26
25
25
25
25
25
25
25
25
12
11
15
15
17
19
21
21
22
23
23
23
23
23
25
41
51
49
42
37
32
27
25
26
26
25
25
24
24
23
21
21
21
22
23
23
24
25
25
25
25
25
25
25
25
25
26
29
40
45
37
29
27
25
25
26
26
27
28
28
27
26
26
21
21
23
25
25
26
27
27

