28
29
29
29
29
34
56
52
48
43
54
49
41
41
52
53
49
37
52
104
124
138
154
166
218
146
10
7
15
20
20
21
22
23
38
191
283
308
276
213
171
140
132
118
25
11
13
14
15
17
18
19
21
23
293
449
426
388
349
317
280
217
98
0
4
5
6
8
9
10
10
12
13
14
14
19
100
183
232
223
235
242
250
225
181
119
56
7
41
6
2
3
4
5
6
7
8
9
9
10
10
10
10
10
19
70
58
38
32
27
22
19
18
13
11
11
10
10
14
13
6
3
2
4
6
7
8
8
9
9
10
10
10
10
10
10
10
11
14
29
34
36
29
23
16
15
14
13
13
13
13
14
12
13
6
10
2
5
9
10

