32
40
37
36
43
40
38
37
33
34
17
33
9
17
23
25
27
28
29
31
51
65
62
53
46
46
45
52
54
50
70
80
101
140
16
15
19
20
20
22
24
29
84
197
255
253
227
258
320
367
377
321
124
40
42
17
147
233
294
344
104
49
149
238
211
144
51
75
510
800
800
800
792
727
675
336
51
41
101
161
291
418
468
417
361
361
359
328
26
176
479
768
773
741
690
263
26
3
0
1
5
6
11
17
18
22
27
29
29
27
29
44
65
100
270
382
420
408
372
235
75
526
755
719
523
356
400
290
194
39
144
433
491
449
395
343
235
134
68
20
15
11
1
19
222
743
800
800
800
556
365
160
12
260
441
488
455
374
278
175

