83
94
109
108
95
86
84
84
82
80
74
38
26
103
111
85
52
17
10
21
25
25
29
31
32
35
34
44
63
86
91
81
69
59
53
52
51
51
50
50
50
36
25
67
60
37
10
10
23
30
28
29
32
33
34
37
37
37
42
62
72
63
52
47
45
44
43
42
43
44
42
39
42
42
42
37
10
7
7
2
4
14
21
27
33
34
35
32
34
34
36
40
52
59
49
45
44
42
42
42
38
37
39
37
38
40
40
40
38
38
40
36
29
27
27
27
23
23
23
25
29
33
39
46
44
41
41
41
41
41
42
41
50
66
72
64
56
59
67
29
2
16
11
4
20
33
67
121
173
225
212
213
239
225
201
176
95
3
122
273

