278
202
117
49
4
15
20
23
29
31
33
41
68
75
67
74
89
116
155
192
232
244
233
218
194
166
154
155
36
116
249
301
291
259
197
123
51
10
10
27
31
34
43
87
124
140
136
111
109
114
122
125
127
150
151
64
52
139
171
169
135
70
25
3
10
23
28
33
37
40
62
98
110
93
93
93
94
97
94
98
105
112
115
24
77
131
128
98
61
21
9
25
25
29
33
33
36
39
38
40
51
92
117
124
119
96
81
74
64
63
68
72
67
49
28
82
98
79
45
12
12
24
27
27
32
34
35
37
40
44
56
78
88
74
71
72
66
65
69
74
76
70
70
62
29
10
37
49
43
26
4
15
26
31
30
34
36
36
38
41

