72
60
55
55
59
62
64
69
67
70
69
72
78
77
77
71
58
41
38
74
69
46
12
11
24
25
30
33
36
38
45
60
59
56
61
73
85
88
88
93
102
106
111
116
116
104
89
25
25
59
82
86
56
19
0
8
20
27
31
36
37
38
36
44
67
74
70
72
69
67
70
70
72
75
75
69
65
61
65
64
31
31
93
74
51
26
2
12
23
33
36
37
33
37
41
64
80
71
74
74
77
81
91
107
122
122
102
88
76
72
19
90
133
128
83
33
2
19
29
36
37
37
33
37
37
38
40
51
72
81
72
69
77
80
77
70
65
64
61
60
59
59
58
50
45
27
7
37
83
72
27
0
11
19
27
32
35
39
39
41

