69
77
88
92
88
93
101
83
63
15
67
67
34
7
5
19
27
31
37
39
42
55
53
55
61
73
74
78
109
166
206
240
259
193
140
147
42
20
67
88
101
124
104
75
33
5
27
100
215
302
354
333
291
266
238
193
135
19
103
243
283
244
192
139
72
21
10
55
147
229
277
282
270
250
228
194
143
68
8
131
253
261
246
207
133
62
17
10
25
31
28
36
77
133
159
137
103
100
91
83
83
83
74
70
72
21
124
195
176
106
42
12
8
21
28
32
37
37
37
43
82
114
120
103
85
77
69
65
67
72
73
72
67
63
25
45
103
111
84
34
2
11
18
27
31
33
37
38
40
35
37
53
88
106
90
66
62
62
60
60

