70
69
72
77
79
86
88
89
84
79
80
78
74
67
40
94
100
83
46
10
10
25
34
37
40
35
38
40
40
47
77
68
63
65
67
69
74
80
80
76
70
72
77
75
72
67
61
9
64
84
64
31
2
19
31
37
33
36
38
38
40
41
41
43
47
56
50
50
51
50
46
45
45
48
50
51
51
49
49
49
44
50
45
10
1
9
21
29
30
34
37
38
40
44
42
41
38
43
57
60
59
64
64
65
63
67
80
93
91
85
82
76
67
64
29
37
81
75
40
7
10
25
32
36
39
42
42
45
72
102
93
88
84
82
79
74
77
85
93
100
98
95
94
93
91
84
11
114
157
151
116
72
29
1
17
31
37
35
34
38

