80
90
86
84
89
89
94
97
98
100
104
93
78
67
63
136
125
79
23
8
15
22
27
31
34
40
50
69
65
77
84
95
108
103
104
106
112
111
108
108
99
85
85
12
122
141
115
55
14
1
12
23
29
33
39
40
40
59
66
67
72
84
83
83
83
85
87
88
90
85
85
81
67
56
43
95
80
45
19
2
12
21
27
33
38
41
41
60
59
63
65
73
72
72
73
74
77
78
75
74
67
59
60
26
80
71
42
2
19
23
29
34
36
38
42
41
56
58
58
65
67
76
74
72
77
76
79
80
82
81
67
64
25
59
82
58
25
8
24
29
29
33
36
37
39
40
45
50
47
49
54
52
56
62
64
63
67
72
75
80

