72
74
59
59
13
34
37
9
10
19
25
31
34
37
41
40
40
37
54
67
64
72
67
72
70
72
75
80
85
86
85
86
90
91
87
75
57
100
80
49
15
6
19
32
36
37
33
36
37
41
72
67
70
72
83
91
92
95
93
93
92
91
90
86
86
82
77
65
69
127
111
73
25
2
10
20
26
29
33
36
41
62
67
75
83
98
100
97
93
90
86
83
80
72
65
60
65
3
82
106
70
33
10
7
19
26
32
37
43
64
61
64
74
83
83
78
76
85
76
79
83
81
75
72
61
55
15
87
95
60
15
7
14
25
29
33
36
40
41
53
60
62
69
76
81
78
77
69
67
70
75
77
73
67
62
65
34
107
98
56

