10
14
25
25
31
33
36
37
40
42
54
73
70
71
72
76
78
75
77
78
85
84
83
86
91
65
59
10
103
122
84
35
4
7
21
29
33
36
40
41
52
80
76
86
94
95
94
98
96
98
93
91
92
88
72
60
54
5
79
106
102
59
32
13
6
20
29
33
38
39
41
49
50
56
64
71
74
74
75
77
80
86
83
75
77
78
72
60
51
10
80
77
45
19
2
14
25
31
36
38
41
37
43
63
60
70
74
77
74
80
77
71
72
67
67
58
60
48
45
19
31
50
34
17
4
10
21
28
34
37
40
37
37
45
55
54
60
59
58
59
58
58
66
71
65
61
70
58
62
55
52
1
37
51
38
10
10
23
31
38

