74
77
80
90
88
85
83
68
55
51
54
62
64
54
55
6
39
41
39
27
8
10
28
34
34
33
37
38
40
45
42
41
43
60
60
55
58
60
66
59
51
50
51
59
54
41
40
41
31
16
12
20
26
26
28
31
33
37
38
41
42
45
46
49
58
59
56
62
69
71
72
74
72
72
75
72
69
59
51
6
29
45
33
12
5
19
32
37
35
34
37
38
52
58
59
67
74
86
93
96
100
98
100
100
102
103
101
98
93
87
72
23
135
167
130
61
12
6
11
22
27
31
34
37
46
59
62
73
85
93
101
100
103
108
114
114
114
114
98
92
85
74
46
117
196
155
103
50
10
10
21
31
35
37
33
35
37
45
62
54

