29
31
27
29
31
31
31
33
33
40
59
85
84
72
67
68
63
63
68
72
48
79
65
59
32
50
98
108
80
41
8
17
27
28
27
31
31
32
33
37
36
33
44
67
69
59
57
52
50
54
59
49
60
55
59
63
48
50
48
27
32
65
51
29
11
1
14
22
28
33
34
35
31
33
34
33
38
59
67
56
55
55
59
62
66
56
55
63
56
51
56
42
43
31
0
27
40
34
19
1
17
26
29
29
32
33
33
36
37
39
45
48
49
49
50
51
49
49
48
49
51
48
51
52
75
90
75
5
30
35
17
0
10
17
26
30
33
38
37
37
40
65
70
75
90
91
96
101
109
111
109
103
89
83
79
67
32
104
117
96

