61
41
23
15
4
8
15
21
31
36
37
37
50
49
51
55
43
46
50
51
53
55
76
93
98
106
114
109
99
86
23
49
41
27
17
4
5
11
17
26
30
32
37
55
56
70
84
81
88
98
109
111
117
118
114
96
91
73
63
36
85
130
89
56
36
15
3
14
23
30
34
38
37
49
47
58
73
91
95
95
98
97
99
95
86
86
75
78
74
59
38
58
95
99
65
28
10
5
15
23
29
34
37
38
42
54
59
70
88
91
82
84
85
90
93
88
95
93
80
75
58
48
26
17
88
91
63
39
21
2
10
20
27
35
37
37
36
51
55
63
69
73
80
83
75
85
83
85
85
78
72
70
62
58
50
25
46
70
70
54

