29
7
8
19
27
34
37
35
41
56
59
63
80
80
70
70
83
90
98
96
93
85
71
49
49
43
25
3
64
63
48
30
9
7
17
25
33
37
37
49
51
56
71
85
75
80
75
70
75
62
58
48
52
46
43
24
9
27
27
5
9
12
15
21
27
31
36
37
41
47
49
55
75
90
95
88
78
85
92
89
93
88
76
69
59
35
40
14
57
59
37
29
17
0
12
22
29
36
38
44
46
49
59
59
78
77
79
78
74
81
93
96
94
85
77
76
77
72
58
5
70
78
73
64
36
11
4
17
30
35
34
33
36
41
58
59
67
83
91
98
101
104
110
109
99
86
83
85
75
77
67
42
0
72
111
106
80
48
17
10

