5
20
27
26
29
32
33
36
40
48
50
56
70
82
76
90
89
83
88
74
87
72
69
73
72
70
64
42
34
16
32
70
54
27
12
6
5
15
23
29
36
39
42
54
55
65
75
91
92
95
88
97
101
104
97
82
68
58
54
48
41
34
70
63
42
27
15
0
10
19
25
30
33
34
58
67
87
112
151
196
233
266
279
278
255
197
117
75
66
37
231
345
317
198
112
64
33
11
5
17
29
35
33
41
56
60
77
93
106
117
123
125
126
140
150
131
106
77
49
24
72
145
113
77
50
34
25
9
7
23
31
33
33
45
56
60
63
78
77
75
72
82
88
93
91
93
76
65
50
42
41
4
41
50
38
31
20
7
7
19

