27
31
36
37
37
42
49
57
74
88
95
91
92
101
91
92
98
91
87
77
70
60
34
22
36
75
75
65
48
22
1
11
21
31
36
36
41
54
58
70
68
78
91
81
97
97
88
86
85
90
75
75
58
54
23
93
83
59
35
15
0
10
20
29
33
36
34
44
49
55
67
79
82
79
88
93
100
99
104
108
93
50
43
33
86
70
11
33
67
42
41
42
24
33
139
270
360
370
313
231
140
77
21
38
139
225
218
191
129
60
21
3
17
27
37
37
44
119
294
362
430
437
469
346
146
44
4
70
153
256
330
278
173
91
23
10
46
280
630
714
612
410
232
124
10
59
157
229
262
235
160
84
27
0
19
27
50
140
215
249

