249
209
176
135
100
83
70
95
277
333
259
157
77
22
8
19
17
23
25
27
29
31
44
83
122
101
89
77
72
49
72
69
82
109
83
56
48
30
19
72
108
124
112
59
19
2
10
19
25
29
31
32
33
29
43
72
71
67
69
59
60
58
50
64
57
66
70
70
64
59
18
67
70
72
65
29
2
8
19
25
29
31
35
33
34
31
34
51
74
67
71
63
59
61
55
58
51
64
62
52
46
41
31
4
9
14
44
29
9
1
13
23
28
31
33
34
36
32
33
34
34
37
56
64
57
60
61
62
60
64
64
64
63
60
63
68
58
56
19
9
50
69
52
32
9
9
23
31
34
31
32
34
34
35
37
37
43
54
59
57

