62
51
55
60
57
50
46
15
19
2
16
10
3
21
31
32
33
36
37
40
56
56
52
51
63
50
60
64
74
69
71
63
74
72
68
59
58
40
24
19
3
19
23
7
8
15
19
27
31
34
37
40
44
55
59
62
65
70
62
67
59
65
60
67
75
70
64
58
56
55
51
21
5
4
6
12
12
7
1
10
18
27
34
38
35
36
37
38
49
75
77
77
78
80
80
75
78
70
78
64
71
75
54
55
64
37
33
1
95
115
88
49
12
13
29
35
33
35
38
39
52
77
65
61
67
67
68
67
62
64
63
63
69
57
58
63
56
50
42
23
20
60
72
44
17
10
25
29
30
34
37
38
41
55
51
52
56
56
54
64

