70
75
83
79
62
62
65
39
22
41
63
41
8
10
17
25
30
32
35
41
48
54
55
56
60
62
64
75
67
74
70
82
65
62
54
59
8
36
36
19
1
13
27
34
37
32
31
32
36
48
77
65
67
74
77
82
93
77
79
80
82
84
91
96
91
72
62
51
9
100
117
85
36
3
21
23
27
31
33
36
41
45
55
56
63
75
93
85
98
93
85
89
75
70
72
79
82
52
41
41
14
78
100
74
20
9
17
21
27
31
33
37
42
56
59
67
74
67
82
78
87
77
77
74
77
70
78
64
70
45
13
61
95
77
39
8
17
29
31
30
34
36
37
40
62
59
64
63
72
77
80
88
96
67
68
70
77
83
65
52

