63
63
65
64
55
28
78
64
45
28
6
11
24
33
36
38
37
59
64
72
72
81
88
88
89
77
70
59
63
59
52
48
48
45
41
10
27
29
31
13
4
17
27
34
37
37
41
52
56
66
54
63
55
65
67
77
78
77
79
70
71
59
45
49
45
3
23
31
27
18
2
11
21
29
34
38
35
36
38
40
65
72
65
78
78
99
95
86
95
91
83
83
84
95
90
70
61
59
41
77
124
115
80
38
0
19
25
26
31
33
35
37
40
49
61
63
72
92
93
112
107
109
111
108
106
106
98
85
53
48
25
87
143
135
85
27
1
11
23
29
33
36
40
42
59
65
72
86
96
108
93
83
80
85
82
72
75
66
52
54

