11
69
103
86
52
17
10
26
33
31
33
36
37
40
56
51
51
50
73
74
77
83
81
83
66
78
72
71
64
72
42
40
36
5
27
33
25
2
12
19
20
25
29
32
34
39
42
47
51
56
58
59
67
67
64
74
78
88
83
67
49
64
48
53
48
31
0
15
15
7
0
7
14
20
25
31
37
38
37
41
54
60
64
73
74
75
75
81
82
80
83
80
77
78
67
60
48
43
25
72
70
53
32
6
11
22
29
35
38
36
37
55
61
63
75
86
75
77
76
75
80
72
78
74
53
55
65
58
32
10
50
49
30
23
8
4
12
21
31
37
40
53
55
64
73
64
68
71
55
55
51
50
54
51
47
62
54
56
51
67

