41
68
38
17
0
17
25
30
36
37
46
67
63
70
81
91
78
81
91
96
104
94
105
90
80
67
62
57
136
128
70
29
9
6
19
27
32
38
38
39
45
62
68
77
100
95
88
91
87
90
88
86
95
83
77
67
64
60
19
38
104
97
69
45
15
4
17
25
34
37
40
52
62
67
83
91
92
88
86
77
82
85
89
82
61
52
46
44
27
21
2
13
20
18
17
12
3
8
18
29
40
60
65
72
86
94
97
102
106
98
109
96
90
82
72
44
44
21
83
108
85
43
7
18
29
31
29
33
34
36
38
44
56
58
64
69
85
82
93
91
80
74
75
67
63
72
59
42
37
36
35
29
5
12
10
6
1
2
8
12

