37
43
57
64
77
72
80
93
94
93
80
83
82
73
80
90
75
73
62
58
42
23
97
117
98
59
13
12
21
23
29
32
35
42
51
50
55
68
82
88
70
76
81
95
70
78
93
103
83
72
64
49
37
26
111
106
51
13
3
13
23
29
32
38
40
48
50
53
59
90
90
70
69
75
80
80
67
70
64
65
65
60
60
51
5
50
59
44
25
11
4
15
25
31
36
38
33
34
45
56
56
61
70
78
86
96
100
112
113
107
102
100
111
120
98
76
34
104
120
102
64
27
0
21
30
29
29
33
33
36
42
55
55
60
74
93
108
123
116
117
122
124
121
119
103
77
69
49
44
105
122
101
50
13
3
3
17
24
31
38

