40
37
47
51
59
67
71
82
77
82
82
80
59
67
70
55
52
49
45
45
11
33
44
41
31
17
3
15
25
35
37
37
42
52
55
57
74
74
83
75
80
77
78
67
79
66
54
55
60
45
42
19
14
58
54
34
12
2
15
27
33
37
36
48
51
54
58
70
63
67
59
62
73
73
70
64
75
59
57
60
52
51
29
14
51
55
33
10
8
21
32
36
35
34
40
54
59
70
67
72
75
75
88
104
103
95
93
80
80
76
77
71
70
38
85
128
108
69
29
2
20
29
29
29
34
36
37
44
54
55
64
71
80
93
114
117
146
156
145
131
125
113
93
69
109
200
164
85
33
4
23
29
29
36
38
75
196
340
498
564

