497
342
202
123
91
13
133
264
397
384
253
133
57
5
17
29
46
134
224
292
319
313
267
176
119
97
58
34
177
263
283
242
155
72
21
7
23
31
27
33
38
83
106
84
70
72
72
90
75
78
77
83
90
103
90
83
81
71
77
191
181
119
54
6
21
31
28
32
34
35
37
41
38
41
58
89
80
78
77
69
52
59
60
51
46
48
43
44
39
38
36
32
25
10
1
0
4
8
11
15
19
23
29
36
37
40
56
69
67
68
72
70
55
56
55
60
55
70
54
51
41
38
36
29
29
22
18
13
12
11
11
12
13
17
21
26
33
37
50
62
65
63
66
69
75
54
55
51
59
60
49
52
51
37
36
35
33
10
10
25

