14
2
4
13
23
30
34
42
67
77
77
77
85
93
101
103
84
75
71
64
64
61
58
52
37
36
31
26
75
123
84
40
12
1
17
27
31
35
41
38
37
41
75
76
75
76
74
75
72
70
69
67
67
83
63
54
72
55
62
54
45
27
29
28
69
96
76
49
20
10
26
27
28
33
35
37
41
42
68
82
77
78
82
80
86
96
96
98
91
96
86
70
47
50
34
7
95
108
91
52
20
0
12
25
32
34
37
41
41
38
40
62
72
65
69
71
59
55
59
59
64
55
55
52
61
55
51
54
51
37
25
32
31
31
37
31
15
2
11
29
34
36
37
56
59
62
66
57
61
65
55
51
56
65
70
64
58
52
45
48

