27
28
33
34
0
23
19
6
7
19
29
37
38
42
54
63
63
65
67
63
64
60
67
61
69
59
57
79
71
80
52
51
37
36
34
10
55
48
33
17
2
11
23
33
38
45
73
75
75
67
80
64
60
64
71
70
65
77
64
68
67
63
55
41
45
91
70
36
12
9
22
29
33
38
41
51
66
62
63
64
70
67
77
75
90
82
82
76
98
84
85
74
69
85
37
126
96
51
19
6
20
27
32
36
39
36
37
42
63
60
72
72
80
93
98
95
104
111
116
131
122
119
124
103
60
109
175
165
109
51
11
11
29
33
35
32
36
38
55
83
77
78
81
85
93
101
107
112
104
98
104
86
83
65
53
51
46
128
133
95

