77
75
78
72
76
65
55
45
12
3
27
48
39
30
21
10
0
9
19
30
35
37
33
36
44
61
58
59
59
63
64
62
69
71
72
64
65
61
77
70
81
71
63
41
10
8
36
45
38
25
7
6
12
19
28
32
35
38
39
41
37
52
67
62
68
70
70
67
72
75
72
75
77
72
78
75
72
69
51
42
10
25
21
31
29
21
10
1
12
25
28
29
34
36
38
50
65
58
64
70
76
87
85
80
75
80
88
93
101
86
75
70
64
55
19
25
52
59
55
45
33
20
10
3
12
25
31
30
34
37
50
74
67
70
73
75
72
82
73
75
80
76
65
70
67
62
63
40
36
25
11
46
49
37
17
4
2
11
19
26

