32
39
46
60
56
60
64
75
70
65
67
70
70
68
74
72
70
64
57
43
46
21
23
23
32
24
13
5
4
13
23
34
37
37
34
42
59
64
60
64
63
70
77
72
69
77
84
76
93
51
68
75
64
49
8
11
40
49
46
33
23
10
2
19
31
31
33
36
37
38
47
65
59
59
64
74
81
86
93
91
88
79
96
87
75
79
60
46
15
13
34
45
42
33
15
5
0
9
17
26
32
40
40
38
45
65
63
72
78
80
83
84
77
90
90
90
83
64
64
64
54
46
17
21
46
64
52
37
19
5
8
19
32
37
34
35
38
48
67
64
67
68
74
79
78
77
79
79
74
64
67
74
62
52
48
39
16
30
57
49

