55
34
36
69
58
34
13
3
19
32
38
35
37
40
44
71
72
77
83
96
80
67
80
91
91
79
78
46
50
70
56
52
19
22
50
77
71
50
21
9
25
29
31
36
37
38
41
42
59
75
73
81
90
93
101
77
77
93
56
59
59
101
83
93
77
57
10
67
130
103
73
49
21
2
19
31
40
41
39
37
58
74
82
91
89
90
89
89
92
100
96
88
69
63
67
55
36
27
103
141
112
72
33
4
14
29
38
41
40
57
72
72
78
82
80
82
77
93
65
85
76
75
53
60
58
49
21
1
85
75
51
27
3
13
25
34
40
42
45
65
64
67
72
77
71
69
73
64
70
67
82
81
85
60
48
53
34
6
56
71

