40
36
37
40
49
80
74
66
68
67
67
73
85
84
85
82
77
77
78
87
77
30
55
90
80
46
13
10
26
37
40
37
36
39
40
42
80
85
85
86
86
75
77
83
79
126
77
86
85
101
86
56
34
82
141
125
77
30
2
21
35
40
36
35
38
39
40
46
75
69
72
72
80
87
80
98
89
91
89
84
72
82
65
60
51
13
81
128
106
62
20
14
29
32
32
37
38
39
41
56
75
76
84
85
75
92
88
86
85
73
91
80
90
96
67
45
52
34
18
100
114
76
29
2
10
23
31
34
38
41
43
50
70
76
74
80
67
85
62
61
91
67
53
71
71
64
65
55
51
45
11
29
51
50
32
12
4
18
32
37

