36
34
38
39
41
64
67
67
59
65
80
75
77
86
91
99
93
63
100
80
95
67
45
10
67
101
85
49
7
17
24
27
33
36
37
40
41
45
59
61
69
78
75
83
83
49
82
100
89
97
98
82
80
90
75
56
31
15
59
125
100
60
25
1
13
25
36
40
36
36
39
40
41
61
64
68
74
90
91
93
90
85
68
45
58
42
39
72
41
48
20
25
37
45
34
19
2
19
28
29
34
37
38
53
61
63
70
75
70
77
72
77
51
63
64
72
55
64
60
55
50
49
29
6
36
38
13
2
10
19
26
31
36
41
42
46
56
57
64
72
74
68
65
75
83
51
69
64
58
51
45
46
15
23
18
40
15
2
10
19

