27
32
36
41
41
47
58
60
64
72
78
69
62
67
62
82
54
69
64
63
62
50
42
41
38
4
27
37
29
13
2
14
25
33
37
39
36
38
45
63
70
90
88
83
70
64
75
67
79
55
64
55
74
40
38
38
37
37
36
101
64
27
3
13
28
34
38
38
59
67
65
83
88
75
70
86
45
47
70
95
69
75
68
57
80
60
72
75
33
91
91
65
34
8
10
28
34
32
31
36
37
43
71
65
62
70
70
91
99
116
129
157
157
164
171
164
21
185
175
100
29
10
27
25
28
38
85
273
448
522
509
393
260
129
124
235
419
640
648
473
305
39
187
273
297
223
156
145
138
136
135
122
111
100
97
90
77
81
17
230

