458
425
541
609
276
37
93
151
191
175
75
66
134
140
80
29
93
475
755
793
705
145
11
4
0
1
5
7
54
25
1
1
0
2
1
4
6
7
10
189
259
204
91
106
322
453
508
471
378
155
44
254
345
246
146
98
130
80
12
11
10
5
6
99
405
694
608
718
656
399
208
51
78
249
345
321
259
234
186
100
45
15
1
1
13
32
218
468
544
545
503
471
406
323
179
21
31
183
307
337
305
250
197
159
103
59
32
10
1
4
9
11
12
17
51
115
186
222
218
182
175
147
17
150
173
160
126
75
27
8
0
3
7
10
10
11
12
17
35
75
93
76
55
52
54
44
52
48
19
70
95
48
36
25
11
1
6
10
12
13

