1
11
17
19
21
23
24
27
55
106
106
106
115
122
133
150
157
155
138
124
114
104
56
164
279
319
229
113
31
0
11
17
20
21
24
27
34
76
131
145
137
135
136
127
128
124
119
123
125
117
77
36
161
259
227
49
23
15
7
7
11
11
17
20
19
5
34
75
114
160
198
214
227
223
197
177
135
119
48
105
59
8
8
5
3
2
3
2
3
1
3
2
8
31
59
68
24
111
214
268
303
322
306
261
197
80
42
135
146
85
83
249
206
125
63
18
5
10
17
23
29
45
116
222
269
291
284
263
247
222
149
11
116
160
166
99
60
54
51
42
37
33
27
10
8
17
21
23
23
25
28
40
62
75
78
69
57
52
49
45

