48
48
45
49
45
45
43
29
35
27
27
27
24
24
25
25
27
28
29
29
29
31
31
32
39
49
61
64
54
53
52
53
50
50
46
49
36
34
31
33
29
29
29
29
28
29
29
29
31
31
31
31
31
31
32
37
48
60
64
56
56
56
51
49
48
49
45
42
46
37
36
32
25
23
21
23
24
25
25
27
27
29
30
30
31
34
47
67
67
59
54
49
51
49
46
45
49
45
33
44
44
45
33
35
23
10
22
23
24
25
27
27
29
30
30
31
31
39
64
75
72
61
58
59
52
55
64
55
41
37
37
37
33
31
34
31
25
21
23
23
25
25
26
28
29
29
30
34
56
77
80
67
51
67
62
64
50
46
48
53

