89
86
80
70
79
46
44
44
55
48
49
38
34
27
21
17
17
19
20
23
25
25
27
29
29
30
31
34
48
67
89
93
81
75
79
60
55
69
65
41
37
36
32
25
25
24
23
23
20
23
25
26
27
27
29
29
29
31
36
45
59
56
51
50
55
37
34
37
36
36
38
46
33
27
27
27
27
28
28
29
29
29
29
30
31
31
31
31
31
31
31
31
31
31
30
30
29
29
29
36
40
31
33
38
45
30
23
23
25
27
28
29
29
31
31
31
32
32
34
43
58
73
85
74
64
58
55
46
33
31
31
32
31
32
32
14
15
20
20
22
21
22
23
25
27
29
31
32
39
59
77
72
70
66
70
52
51
62
72
60

