27
27
27
27
29
29
29
30
31
31
31
32
33
38
40
78
85
72
58
46
44
44
37
37
45
49
33
33
32
36
23
18
22
27
29
29
30
31
31
31
31
31
32
36
46
60
61
62
66
54
37
37
37
36
45
56
58
54
46
45
9
54
90
60
13
11
21
25
29
30
31
31
33
36
51
51
56
51
51
44
40
37
38
40
34
34
33
33
33
32
32
33
32
29
30
31
31
31
31
32
32
32
33
33
34
40
42
58
67
54
67
44
35
34
37
34
36
33
33
32
37
35
28
30
30
31
31
31
31
32
32
33
33
36
47
78
74
67
59
55
59
47
39
46
49
53
54
43
40
42
43
37
25
21
29
29
29
30
31
31

