32
32
33
46
70
63
55
49
47
51
50
48
48
46
49
49
49
48
49
46
42
41
23
22
23
25
27
27
29
29
30
31
31
36
56
67
56
63
58
48
48
45
44
44
41
39
40
43
41
41
40
32
25
25
27
29
31
31
31
32
32
32
33
43
69
66
59
61
59
56
56
58
55
60
59
55
51
42
46
2
9
17
21
23
25
27
28
29
31
31
31
32
42
56
61
52
51
49
49
49
44
47
47
50
45
51
50
42
35
37
24
11
23
25
27
29
29
30
30
31
31
32
33
38
66
89
99
114
136
121
78
64
46
40
34
31
29
25
20
19
21
24
26
27
29
30
31
31
32
33
42
70
80
72
57
62
59
53
52
50

