85
89
81
67
59
55
55
47
41
51
31
31
8
7
5
5
10
15
21
23
24
25
27
28
29
30
31
35
50
64
72
77
72
63
55
55
49
42
40
34
37
40
32
27
27
27
27
27
28
28
29
29
30
31
31
31
31
31
31
31
36
92
75
64
63
67
52
35
37
29
32
29
33
23
23
22
22
23
24
25
26
27
28
29
31
35
48
62
76
90
65
60
59
58
51
59
42
32
27
27
26
27
27
27
27
28
29
29
29
31
31
31
31
31
31
31
31
32
72
69
66
63
54
48
42
44
36
38
38
40
49
34
38
27
24
23
19
24
27
28
29
29
29
30
31
31
31
36
48
70
72
66
67
69
60
41
39
55
33
51

