63
64
63
50
60
13
13
12
12
14
17
18
20
24
27
28
29
31
43
70
85
88
85
75
72
68
66
68
60
55
57
51
47
13
10
13
17
18
20
21
23
23
25
27
28
32
49
65
77
75
72
71
70
64
59
59
52
65
49
48
37
10
18
17
17
17
19
20
21
22
23
23
25
27
31
43
61
69
78
72
65
51
60
37
45
50
37
35
37
28
24
25
25
23
24
25
27
27
28
28
29
29
29
29
32
40
65
87
89
90
71
69
59
57
59
46
40
43
42
34
38
23
21
19
19
19
25
27
27
28
29
29
29
29
30
30
31
31
35
59
69
69
76
52
51
50
37
36
31
31
33
27
29
30
26
27
27
27
28
28

