64
50
54
64
38
44
38
44
12
19
21
22
23
23
25
25
27
28
29
37
54
68
69
66
59
65
46
41
51
49
32
41
50
38
39
14
17
20
22
23
25
27
27
28
29
29
29
31
33
45
65
60
56
48
45
33
29
42
29
39
39
36
56
44
45
35
31
27
25
24
25
26
27
27
28
29
31
31
31
31
34
48
59
55
54
56
45
50
32
38
31
29
35
35
33
32
29
29
29
29
29
29
29
30
31
31
31
31
31
31
31
32
32
32
72
69
63
69
55
38
31
35
34
33
33
30
31
29
29
29
29
29
29
29
30
31
31
31
31
32
32
32
32
33
34
81
66
67
60
51
55
32
48
42
47
48
63
72
50
29

