27
27
28
28
29
29
29
30
31
31
31
32
32
32
32
32
33
82
78
71
71
42
49
33
31
34
48
46
82
112
80
82
41
8
13
15
17
21
23
25
27
29
29
29
31
31
37
62
79
89
90
93
83
81
73
70
75
51
34
52
40
44
19
23
19
23
25
25
26
27
27
28
29
29
29
31
41
64
89
83
66
55
37
41
48
43
30
37
36
31
37
34
26
23
21
23
23
23
24
25
26
27
27
29
29
31
41
57
64
63
49
59
62
45
33
47
34
28
32
33
34
35
33
26
27
27
27
27
29
29
29
29
30
31
31
31
35
58
75
75
68
59
55
55
52
48
45
46
33
41
37
34
25
26
26
27
27
27
29
29

