29
31
31
31
31
31
31
32
34
49
63
60
57
44
56
43
37
36
34
30
32
31
29
24
25
25
25
27
27
28
29
29
31
31
36
51
67
58
58
38
45
44
42
41
37
41
38
29
29
31
32
27
27
27
29
29
29
30
31
31
31
32
34
46
67
60
51
45
40
37
41
49
44
38
62
35
33
35
38
25
25
25
27
27
29
29
29
30
31
31
31
32
36
51
72
74
60
56
56
44
49
36
37
38
33
31
31
29
28
29
29
29
30
31
31
31
31
31
32
32
32
33
82
80
60
50
50
52
48
40
29
29
29
54
45
48
37
29
29
29
29
29
29
30
31
31
31
31
32
32
32
32
32
32
32
50
50
47
50
46

