55
17
41
300
654
675
577
190
6
171
314
310
238
203
130
51
10
29
328
741
746
718
491
171
22
19
114
302
325
264
206
154
85
27
7
6
17
77
256
408
448
437
373
237
90
18
130
194
227
228
182
141
93
32
7
2
8
10
10
12
22
76
116
104
102
101
100
98
93
98
100
70
77
111
147
132
96
63
23
3
4
10
12
12
13
14
15
17
18
23
45
75
91
93
95
93
72
64
80
77
69
63
55
5
75
109
143
130
91
46
14
2
10
12
14
17
19
19
21
21
22
23
29
58
80
78
64
59
48
42
39
37
37
34
34
1
41
56
51
31
10
3
10
15
18
21
21
21
23
23
23
24
25
25
29
39
52
53
42
38

