37
34
31
29
29
29
27
29
21
6
19
8
3
10
15
19
21
23
25
25
27
26
26
31
44
53
48
41
37
33
32
31
31
31
31
31
29
28
23
2
14
7
5
14
19
23
25
27
27
26
27
29
30
42
49
37
37
37
37
38
41
47
56
62
65
70
78
74
72
71
65
49
29
74
95
76
37
4
11
19
24
26
27
27
29
29
30
33
55
64
67
71
77
92
106
111
118
101
83
95
78
48
41
6
138
216
185
111
30
7
17
23
25
28
29
31
37
75
107
99
87
74
65
62
59
59
60
58
51
41
59
54
50
71
49
138
134
93
48
7
15
23
27
29
31
34
51
95
130
116
88
59
50
48
49
45
59
63
52
41

