31
33
34
36
37
37
37
42
68
85
82
80
72
67
67
64
60
60
67
54
51
50
50
49
35
34
34
29
24
31
33
33
34
34
34
34
34
34
34
33
33
33
33
34
36
56
106
135
154
161
167
159
155
125
101
83
121
228
219
273
81
95
143
135
88
51
6
0
19
25
26
25
25
25
25
25
24
23
27
51
121
219
271
270
251
217
168
61
15
13
19
21
21
23
23
22
23
23
23
23
23
22
22
23
19
29
49
78
103
88
77
62
51
48
42
41
42
37
33
94
116
90
53
16
7
17
23
25
27
28
29
31
34
49
45
41
38
37
37
37
36
34
32
32
32
32
28
24
20
18
20
25
27
29
29
30
31
31
32
33

