209
222
175
54
1
12
22
29
100
279
348
352
348
343
341
311
269
223
171
34
114
270
276
9
18
19
19
17
15
15
15
8
102
254
289
268
259
246
231
199
169
100
21
35
22
10
4
2
2
4
6
8
11
3
13
52
107
140
161
138
123
102
95
95
101
102
93
85
69
28
179
238
240
217
156
56
11
2
10
15
17
19
21
21
23
33
68
92
83
75
72
62
55
54
55
57
55
49
43
9
27
59
28
1
3
6
7
10
14
17
19
21
23
24
25
25
26
34
48
48
48
45
45
48
49
46
43
43
41
41
36
33
21
21
21
20
17
17
17
17
18
18
19
21
23
23
23
24
25
26
27
27
27
29
31
33
34
37
39
40

