20
25
27
29
30
31
31
32
33
44
65
67
67
58
55
57
56
52
55
58
62
55
50
46
41
36
37
20
16
10
16
17
20
23
27
29
29
31
31
32
34
50
67
77
71
65
58
59
56
50
55
60
55
55
48
54
40
37
6
4
1
0
6
18
25
27
29
31
31
31
33
49
64
64
56
49
47
50
51
49
46
50
51
42
45
37
37
15
9
6
10
15
23
27
29
31
31
31
32
32
38
55
60
62
59
55
54
55
49
52
55
58
47
45
38
36
42
9
13
3
9
21
27
29
31
31
32
32
33
33
33
36
47
48
49
49
44
40
36
37
36
37
37
40
41
37
34
38
40
14
26
28
28
29
31
31
32
33
33
33

