33
34
34
36
38
69
67
57
67
112
111
109
138
191
244
245
193
172
111
39
91
67
0
17
16
19
21
23
27
64
291
389
383
356
274
171
123
124
134
17
111
229
267
313
280
177
48
4
8
18
26
37
72
60
54
55
44
39
42
50
58
65
67
61
72
105
141
104
69
100
17
9
16
23
25
27
29
41
91
169
194
204
209
197
166
134
103
9
34
15
19
19
19
20
23
25
25
26
27
27
28
29
30
40
54
75
110
96
48
41
50
50
54
49
48
45
2
135
155
44
0
12
19
23
25
27
28
29
29
29
29
30
31
31
41
62
58
54
49
45
37
31
33
31
30
30
29
29
5
8
1
17
23
26
27
28
29
29
29
30

