25
3
4
6
10
14
15
21
24
26
28
31
55
85
98
108
114
136
164
198
228
253
237
187
158
93
49
8
4
11
9
12
15
14
15
23
101
208
257
262
242
206
176
149
114
69
10
12
0
3
7
4
9
6
2
6
9
13
26
95
123
119
118
128
138
124
117
109
98
84
76
40
29
31
11
2
2
8
10
12
14
15
17
17
18
19
20
38
53
55
48
41
43
39
38
34
25
31
34
29
27
25
28
29
69
55
10
5
10
12
15
17
17
18
19
20
20
21
21
21
24
33
31
32
36
37
37
31
26
30
32
40
55
59
62
56
45
21
41
57
28
2
11
15
18
19
21
21
22
23
23
23
23
24
24
24
25
27
33
31

