11
13
15
10
27
195
333
347
335
299
260
228
176
10
52
34
29
29
26
24
21
15
21
21
21
10
4
9
92
159
156
164
144
141
166
180
176
155
127
5
72
64
32
19
17
17
14
12
12
9
3
0
0
1
2
3
4
4
5
7
31
63
67
75
65
55
59
60
50
37
29
11
104
152
138
68
25
13
6
2
0
3
4
5
6
7
7
8
8
8
9
10
12
25
28
23
18
15
15
15
15
15
13
12
13
2
9
14
7
3
6
8
9
10
10
10
10
11
11
12
12
12
13
13
17
21
19
18
17
16
15
15
14
14
15
16
10
7
6
8
10
12
13
14
15
15
15
15
16
17
18
20
19
18
19
18
17
17
18
25

