29
29
30
36
41
44
51
58
75
90
83
74
79
81
80
91
93
117
150
163
48
85
114
31
13
3
7
15
21
23
25
26
29
37
72
88
125
165
194
198
185
168
137
95
75
68
23
104
93
67
41
17
1
11
17
21
24
27
34
75
72
73
75
79
83
75
72
69
59
55
49
46
43
36
36
135
262
207
67
8
10
17
21
25
27
28
29
30
31
48
56
49
46
40
37
35
33
33
31
33
33
33
31
31
36
2
27
5
17
24
27
28
29
30
31
31
31
31
31
32
34
41
39
38
36
34
33
33
33
33
33
33
32
32
32
32
32
32
32
19
21
23
27
27
28
29
29
30
31
31
32
32
32
33
33
33
33
33
33
33

