103
34
15
1
0
9
12
19
23
26
27
29
29
29
31
37
38
40
42
55
80
128
176
234
260
244
223
176
135
116
34
29
0
0
16
21
22
23
24
25
26
77
229
279
260
247
232
192
155
80
1
10
12
15
17
18
19
19
20
21
21
21
21
23
39
86
145
135
124
133
145
176
199
185
158
12
90
143
144
86
45
25
13
4
11
14
17
18
19
21
21
21
23
26
54
64
60
52
49
47
43
37
35
36
34
34
33
31
17
64
104
49
3
7
11
15
17
19
20
21
22
23
23
23
23
23
24
25
27
31
29
28
27
25
25
25
25
26
26
26
26
26
25
26
26
25
19
15
19
21
22
23
25
25
25
26
27
27
27
27

