530
597
516
394
393
304
4
122
169
199
139
101
71
29
1
51
280
495
488
410
353
283
274
255
161
42
49
114
186
61
36
28
19
10
0
4
5
3
14
93
192
285
373
402
370
321
248
172
1
19
0
1
8
0
3
3
3
5
7
10
11
13
14
14
15
27
72
75
70
67
73
63
55
49
44
43
34
31
25
25
15
138
198
79
21
5
3
8
10
13
14
15
16
16
17
17
17
18
18
19
21
29
25
23
23
21
21
21
20
19
19
20
20
20
19
20
10
5
9
12
15
17
19
19
19
19
20
20
21
21
21
21
21
21
22
22
22
22
22
22
23
23
23
23
23
23
23
23
23
23
23
23
23
23
23
23
23
20
19
21

