196
339
211
100
29
4
17
45
208
361
405
366
316
283
302
298
281
258
210
34
56
81
139
135
86
45
23
10
2
67
292
425
397
360
364
352
331
286
161
49
64
52
43
10
5
0
1
2
1
2
7
11
35
181
344
387
338
290
253
228
183
14
1
0
0
0
3
4
4
5
5
6
7
8
8
9
9
10
10
10
10
11
11
15
25
34
72
100
61
32
21
19
19
21
23
23
19
3
23
31
32
26
17
5
3
7
9
10
10
11
11
12
12
12
13
13
13
13
13
13
14
14
14
14
14
14
14
14
14
14
15
15
15
15
17
19
21
21
21
21
19
17
17
16
16
16
12
8
8
11
14
15
16
17
17
17
17
17
17
17

