38
38
38
38
38
38
38
38
38
38
38
37
37
37
37
37
37
37
37
37
37
37
37
37
37
38
38
38
39
39
40
40
39
39
38
38
38
37
37
37
37
37
37
37
38
45
50
90
101
135
152
165
152
145
140
141
135
98
62
21
312
797
755
377
74
3
25
33
39
45
93
149
242
292
269
212
202
212
191
157
133
8
180
252
161
82
16
14
30
38
51
259
396
401
346
283
253
232
191
82
0
17
24
23
25
25
27
27
30
31
31
32
33
35
48
93
93
77
69
54
45
43
43
45
50
52
48
45
37
95
154
33
4
16
23
27
30
31
32
33
33
33
33
34
37
44
41
38
36
35
35
36
36
36
35
35
36
27
19
23

