37
37
37
37
37
37
37
37
36
36
36
36
39
56
64
70
75
119
136
128
121
106
80
63
48
27
64
578
478
109
2
24
33
37
38
39
40
43
45
51
55
65
66
64
65
66
74
75
78
122
146
138
155
176
36
95
72
28
3
21
28
86
266
370
303
229
176
158
128
78
17
24
29
41
27
6
10
19
26
28
49
172
288
272
270
197
163
152
138
105
7
16
28
24
9
2
8
18
23
25
27
29
29
31
31
33
49
77
80
63
49
44
40
37
37
37
34
33
33
17
82
135
45
8
21
26
29
30
31
31
32
32
32
32
33
32
33
33
33
34
34
34
34
35
34
33
33
33
33
33
33
33
33
25
25
29
31
32
32
33

