145
309
363
343
343
168
36
10
205
550
702
576
500
447
434
455
359
72
95
239
471
654
647
483
152
39
18
245
537
553
494
427
290
264
271
13
116
201
291
348
333
347
319
217
55
2
72
307
488
461
314
239
269
282
109
16
90
175
201
242
280
255
215
95
13
10
22
27
30
34
78
163
198
226
284
317
313
285
223
55
23
69
103
112
134
140
128
79
8
10
18
23
27
29
31
31
32
32
32
32
33
33
40
77
122
140
140
110
81
69
57
55
33
69
115
109
57
2
14
21
24
27
28
29
31
31
31
32
32
32
32
33
33
33
33
33
33
33
33
33
33
34
34
36
41
42
38
36
35
34
34
33
34
33
29
27
29
31
33
33

