72
46
45
49
44
43
46
49
53
47
43
42
34
7
1
27
37
38
40
41
41
45
50
51
51
55
59
60
85
103
106
107
98
101
103
86
82
45
33
288
272
93
9
29
36
42
111
178
269
249
183
149
143
150
152
129
25
114
297
566
622
481
146
8
26
40
70
217
333
378
356
316
280
244
199
93
72
180
284
397
383
286
120
1
29
40
45
49
55
103
109
120
156
198
208
173
181
172
150
53
94
218
349
393
278
78
10
31
40
46
49
51
51
52
52
54
55
67
71
63
63
58
55
54
54
53
53
53
53
53
52
52
51
45
7
0
25
40
45
47
49
49
50
50
50
50
50
50
50
50
51
52
59
54
51
50
50
50
50
50

