290
444
570
553
470
468
407
384
367
332
308
243
140
57
7
19
30
41
83
312
474
527
533
543
468
343
54
116
245
288
287
277
231
135
26
3
14
23
31
34
37
59
214
292
267
246
232
229
239
217
133
59
114
98
51
19
0
8
11
19
25
27
29
31
31
31
32
33
33
33
34
34
36
58
118
130
116
106
88
74
68
51
41
38
6
122
171
37
1
12
20
25
29
31
31
32
33
33
33
33
34
34
34
35
36
43
49
45
59
52
46
42
44
52
51
44
41
48
27
10
29
0
23
25
27
29
30
32
33
33
34
34
34
35
35
35
36
36
36
36
37
38
37
37
37
37
37
37
36
36
36
36
36
36
33
32
33
35
36
36

