149
130
109
93
59
1
88
227
328
315
212
85
11
36
43
46
48
49
51
71
101
106
123
171
223
188
147
122
104
94
55
1
55
140
203
215
173
67
12
37
45
48
49
50
51
51
51
53
67
101
132
166
193
181
159
136
117
98
59
35
4
42
59
76
84
80
45
11
17
38
45
47
48
49
49
50
50
51
55
80
117
138
138
127
123
124
119
111
105
86
67
43
41
41
40
37
42
44
44
45
45
44
44
42
21
50
95
135
188
235
280
235
168
230
342
425
539
725
774
765
754
229
128
225
315
244
37
30
34
36
34
34
33
33
34
33
32
33
32
32
31
31
31
29
29
29
28
29
29
29
29
29
29
28
27
27
27
25
25
26

