74
63
50
8
21
29
25
21
25
25
23
27
34
35
17
2
18
45
65
56
8
161
301
356
311
170
44
67
65
45
25
24
25
25
25
25
25
25
25
26
25
25
26
12
99
98
117
124
88
60
42
23
3
9
17
21
25
27
28
32
32
37
62
80
92
116
130
152
140
135
118
77
23
15
34
47
49
38
28
20
9
2
13
21
23
26
28
27
29
27
31
31
29
30
31
31
31
31
30
32
32
31
31
31
30
31
31
33
33
31
31
32
31
31
32
31
33
33
31
32
33
31
32
32
31
33
34
33
33
35
37
39
41
40
40
34
31
31
30
29
29
30
31
32
32
32
33
32
32
32
31
33
34
33
33
34
33
33
33
33

