56
56
55
54
54
45
49
10
49
59
25
2
13
25
33
37
39
40
42
42
42
48
64
66
59
59
54
51
51
51
51
54
48
47
45
45
45
46
45
46
39
4
11
4
9
19
27
32
35
40
41
41
42
43
51
62
55
52
50
49
46
48
46
46
49
48
45
45
45
47
48
45
44
44
29
6
5
13
21
27
32
38
40
41
41
42
43
54
60
51
49
48
47
46
45
45
46
45
44
44
44
44
44
44
42
42
42
33
13
14
21
27
33
37
38
40
41
41
41
42
49
49
47
47
48
49
49
46
47
45
44
43
45
46
48
48
45
42
42
42
40
17
16
21
31
34
37
38
40
40
41
41
47
46
45
45
45
46
45
45

