45
43
42
45
45
46
49
49
48
48
53
43
1
3
12
27
33
37
40
40
40
40
42
60
93
96
93
98
95
90
93
91
78
77
80
78
70
59
57
48
168
172
125
69
13
12
27
34
39
44
91
128
136
152
172
181
174
145
101
80
72
70
60
38
109
161
185
160
105
51
11
10
31
38
64
125
151
156
203
214
181
150
131
122
116
110
83
12
27
91
168
192
180
125
77
33
2
22
32
36
42
55
87
107
124
135
144
154
145
142
140
128
114
103
45
13
38
88
107
108
98
83
43
13
6
22
32
36
38
40
43
45
67
88
95
83
82
78
69
62
64
62
63
62
62
60
56
25
52
74
62
40
13
4
24
32
36
39
41
41

