35
36
38
40
44
63
79
74
77
72
69
67
66
55
56
64
69
70
77
76
54
50
19
89
118
88
45
10
16
29
33
37
40
41
43
70
106
89
85
77
75
73
69
70
65
64
63
61
57
55
50
52
8
138
153
95
38
1
18
32
39
41
43
44
44
48
76
76
64
56
52
50
51
54
55
52
51
50
51
51
51
49
48
48
52
13
51
35
6
14
27
34
41
43
44
45
45
45
45
45
54
53
51
50
49
50
48
47
46
46
46
46
46
46
45
45
45
45
45
42
28
26
29
33
36
41
42
43
44
44
44
45
44
47
55
56
55
60
58
55
54
52
54
51
52
53
52
52
53
52
47
51
46
17
33
12
9
25
35
39

