42
44
44
43
44
44
45
46
62
76
69
67
67
60
56
53
54
52
50
46
44
45
46
4
37
27
4
12
26
33
40
42
43
44
45
44
45
57
88
93
69
67
65
64
64
64
63
61
57
54
48
45
45
40
74
112
64
21
7
23
32
37
41
41
44
45
50
66
65
64
64
59
55
52
51
51
49
50
50
50
48
45
45
43
3
21
14
0
11
27
33
37
41
42
43
44
44
46
47
59
64
61
65
112
128
64
50
49
49
50
49
48
48
47
45
45
31
36
61
40
12
8
26
33
38
41
42
42
43
44
52
56
51
51
51
49
48
46
46
45
45
45
45
45
45
21
17
25
32
37
41
42
44
44
46
52
64
64
60
58

