62
67
63
55
55
58
63
58
58
64
64
57
55
41
59
93
78
50
13
12
27
36
41
42
43
44
45
46
47
67
83
80
73
70
69
60
56
55
55
54
51
49
45
45
26
33
51
33
11
7
20
33
40
41
44
45
45
45
48
70
77
67
54
52
53
52
50
49
46
45
46
45
46
45
45
45
45
45
37
2
6
5
22
30
36
40
41
43
44
45
44
48
63
60
51
48
46
47
47
47
49
49
50
48
49
45
45
47
48
48
46
45
45
48
27
3
0
12
23
29
34
38
40
41
42
45
45
44
45
50
51
48
46
48
49
48
48
47
46
47
47
45
45
45
45
41
25
23
29
32
39
41
42
43
43
41
43
45
63
63

