43
44
46
59
61
62
60
55
52
51
51
50
50
50
48
45
45
48
27
0
2
7
17
31
37
40
42
44
44
44
45
55
58
55
55
55
55
55
55
57
52
50
47
45
45
45
34
0
0
9
19
29
35
38
41
41
44
45
54
70
67
64
63
61
55
54
53
53
55
57
56
52
50
47
44
44
45
5
41
39
19
5
19
29
36
39
41
41
42
44
46
66
75
67
67
59
54
52
52
52
55
55
55
54
55
52
51
50
59
6
80
69
34
3
23
33
38
41
42
44
44
59
80
70
66
66
64
58
58
55
49
45
45
45
45
46
48
51
51
51
54
15
56
59
34
4
19
30
37
41
42
41
41
44
46
67
75
68
64
63

