62
58
56
55
55
55
54
51
52
50
46
48
40
27
46
28
5
15
29
36
40
42
42
44
44
45
57
62
58
59
54
53
53
52
51
49
48
46
46
46
46
51
33
2
8
4
17
29
34
39
41
45
45
45
45
48
69
82
72
66
55
51
51
52
53
54
51
49
48
46
46
45
50
3
29
26
0
17
27
33
38
41
42
42
45
45
50
58
55
56
54
53
51
51
50
49
48
48
46
45
45
48
40
5
1
8
19
28
34
37
42
44
44
44
45
51
78
82
67
61
57
55
52
55
53
54
51
49
46
46
46
46
45
50
2
42
44
19
3
19
29
35
38
44
44
44
45
46
62
82
74
62
54
48
47
47
48
48
46
45

