45
45
45
45
45
45
37
6
2
10
18
27
32
36
38
40
41
44
44
45
51
54
52
54
51
49
48
47
46
45
45
46
47
49
46
46
46
48
48
49
58
25
19
17
0
17
29
35
39
40
44
44
43
44
44
44
47
65
72
62
63
59
52
50
52
52
47
45
45
45
47
51
52
63
69
69
75
21
84
77
44
12
16
31
36
40
42
42
43
44
45
47
70
87
79
74
69
62
55
50
49
49
49
49
50
50
49
47
48
50
33
80
63
29
8
25
33
38
41
42
44
44
52
62
55
57
56
52
51
53
52
52
50
50
51
51
51
51
50
48
46
51
11
23
23
8
9
21
33
38
41
43
44
44
45
45
49
64
64
62

