50
49
48
46
46
46
47
47
47
46
45
46
40
14
7
13
21
29
34
40
42
43
44
44
44
45
50
56
52
53
52
51
48
48
49
48
47
47
48
49
48
48
49
48
46
45
49
19
6
3
10
21
33
39
41
43
44
44
44
44
45
46
54
52
55
55
50
48
47
46
46
46
48
48
46
48
48
46
45
45
45
24
8
8
17
24
33
38
41
42
44
43
44
44
48
59
58
55
56
52
51
50
49
45
45
45
45
46
51
52
67
81
91
106
116
4
155
148
77
12
18
32
38
41
42
41
43
45
49
95
109
86
78
70
61
59
59
58
58
55
55
54
49
46
48
11
79
95
63
23
9
24
33
38
41
41
42
45
61
74

