62
60
56
54
54
53
52
49
49
49
48
46
46
48
29
1
2
4
11
21
29
38
41
41
42
45
51
78
86
75
72
60
56
54
52
52
52
51
49
48
47
46
49
10
33
37
13
4
19
30
35
39
41
43
45
47
56
59
56
58
55
53
50
49
49
49
49
48
49
49
48
46
46
48
23
1
2
9
19
29
37
41
42
44
45
45
45
45
54
59
54
54
52
51
51
51
51
51
49
46
45
45
45
25
8
9
23
31
35
39
41
42
44
44
46
47
55
52
54
55
53
52
51
49
48
46
45
45
45
45
45
45
45
45
41
24
17
19
25
31
37
41
42
43
44
44
44
43
45
50
65
74
72
65
63
59
56
52
51
50

