44
45
45
52
77
78
69
66
58
51
50
48
50
51
49
48
47
46
45
47
51
7
41
31
10
15
29
36
40
42
42
42
43
47
59
56
55
53
53
51
51
50
48
47
48
49
49
50
49
50
49
47
49
41
10
25
12
4
21
32
37
41
42
42
43
44
44
48
63
65
59
58
54
53
53
51
50
49
49
49
49
48
46
49
26
20
23
5
12
24
32
37
42
44
47
55
52
55
52
51
49
49
48
49
48
47
47
49
49
48
48
49
55
30
16
21
2
18
28
34
39
41
42
40
42
44
45
64
82
74
71
67
61
55
51
51
51
52
52
50
48
46
47
47
50
6
42
38
8
10
25
33
38
40
42
42
45
45
52
58

