55
58
55
51
49
48
49
51
49
49
49
49
47
48
30
1
19
10
1
13
27
36
40
43
45
45
46
49
78
91
76
76
79
75
72
67
58
53
52
49
47
46
45
44
13
42
71
46
10
17
31
37
42
45
45
45
46
46
54
68
60
59
57
55
54
52
54
51
49
48
49
48
48
46
46
41
20
4
0
10
21
27
32
35
41
42
43
45
45
45
51
56
53
54
53
51
49
51
49
49
49
49
49
49
50
50
49
49
47
48
49
29
2
8
3
10
23
33
38
41
43
44
44
45
48
55
54
55
55
52
52
51
52
50
48
49
49
47
46
46
47
32
19
12
17
23
29
33
37
40
43
44
45
45
45
45
49
54
51
54

