54
54
52
51
51
51
49
47
46
46
47
45
45
45
40
27
19
17
21
27
32
36
38
43
44
44
45
49
75
88
77
69
61
53
49
49
49
49
50
51
46
45
44
51
11
25
29
15
7
21
31
36
40
41
42
42
45
51
80
94
82
76
78
74
65
58
52
53
52
49
49
48
46
45
2
67
75
49
20
2
15
30
37
40
42
44
44
45
51
72
64
62
58
54
54
52
54
54
50
49
47
47
50
55
62
67
72
75
37
119
129
70
22
9
26
37
41
43
44
44
45
46
65
114
101
96
86
80
80
77
74
63
58
55
54
56
50
25
52
50
48
33
13
6
21
31
41
44
44
45
46
55
82
78
65
65
62
59
58
59

