56
55
52
50
49
49
48
49
53
7
40
51
34
10
10
23
32
37
42
44
44
46
53
65
61
60
59
54
51
53
51
51
50
51
49
46
46
46
46
44
2
4
5
21
32
36
40
42
43
44
45
49
59
58
55
56
52
54
55
50
49
49
50
50
49
49
49
49
46
46
45
27
10
3
6
12
27
33
37
40
41
41
41
42
45
45
46
54
67
65
59
60
54
51
51
50
49
49
49
49
47
45
45
45
39
7
3
12
24
36
41
42
44
44
45
45
45
45
45
46
46
48
49
48
49
50
49
48
47
48
48
46
47
46
45
46
50
33
17
17
25
33
39
41
42
43
43
44
44
49
55
51
55
51
49
49
48
49
47
48

