47
47
46
48
50
12
6
2
16
26
33
34
41
43
43
44
44
43
45
71
93
83
78
76
67
64
63
56
52
49
48
47
46
47
51
10
52
50
23
0
14
25
32
37
41
41
42
44
49
78
85
68
59
51
51
50
48
48
47
46
46
45
44
44
45
23
25
29
0
15
25
32
37
40
42
46
67
66
58
55
51
51
50
50
49
48
46
45
45
45
45
45
45
45
26
2
1
10
17
25
30
37
40
41
42
44
49
59
55
55
53
49
49
49
48
48
47
46
47
45
45
45
45
35
21
4
13
23
31
34
38
39
41
41
42
44
46
50
50
52
53
51
51
50
46
46
48
50
51
50
51
53
49
46
45
46
49
17
10
10

