9
21
29
34
37
38
41
40
43
44
47
72
85
77
73
71
64
59
56
56
56
55
52
49
45
45
42
23
54
41
16
5
19
31
37
39
41
41
41
44
63
76
66
60
55
52
53
56
59
57
55
55
55
54
54
50
49
54
7
51
49
18
5
21
29
36
40
41
41
42
42
44
58
84
74
70
64
59
62
62
63
65
59
56
51
46
44
43
40
38
57
38
10
10
24
31
36
38
42
43
45
54
74
67
67
63
55
51
55
51
51
52
52
51
50
45
45
45
45
5
32
32
12
9
21
29
35
38
40
41
41
44
45
52
64
61
64
59
54
52
50
46
45
48
49
50
55
54
49
49
54
45
36
57
34
8
18
31
36
40

