41
41
42
42
45
45
51
82
92
84
80
72
64
59
55
54
54
55
54
50
45
44
48
19
33
55
40
16
7
24
32
37
40
41
41
42
44
45
56
65
63
64
59
59
55
58
59
51
50
51
51
52
51
47
47
49
28
30
42
25
3
15
29
35
38
41
42
42
43
44
45
49
62
60
60
62
62
62
56
54
55
52
52
52
50
49
46
45
42
2
22
16
0
13
25
34
38
41
42
43
44
44
45
56
58
58
59
57
55
51
51
50
51
51
50
51
49
48
48
45
45
41
9
23
15
0
12
22
33
37
40
41
42
42
44
45
51
52
54
54
52
51
49
48
48
49
49
48
48
47
45
46
46
16
4
10
19
27
33
37

