40
42
43
44
45
48
55
54
55
52
51
50
51
52
50
50
49
47
45
45
45
46
45
45
45
36
14
3
7
14
23
29
33
37
41
42
42
44
44
45
52
54
53
51
50
49
49
49
48
49
49
47
46
46
48
47
46
45
45
45
32
12
9
13
19
26
31
34
40
41
42
43
44
44
45
44
46
51
51
53
54
52
49
49
48
46
46
47
48
48
49
48
46
45
45
45
45
23
1
1
8
22
32
35
37
40
40
41
42
48
53
51
51
49
48
48
49
48
45
45
45
45
47
50
58
69
78
85
96
114
53
127
97
42
3
23
32
37
37
34
33
37
41
52
98
98
97
106
118
120
118
127
126
115
91
74
74
69
225
245

