141
94
42
4
18
27
31
33
37
38
37
53
98
88
80
85
75
67
62
64
59
52
59
72
70
60
53
59
83
176
160
100
32
3
20
29
32
33
34
41
70
94
85
86
88
89
88
77
67
63
61
59
59
59
59
54
69
34
131
121
72
27
3
25
33
37
39
40
41
42
47
88
92
77
75
72
66
62
60
59
55
55
54
51
51
49
51
26
72
90
53
17
7
22
32
35
41
41
42
43
43
43
46
64
63
59
55
53
55
53
50
54
55
52
50
50
52
51
53
51
62
7
41
32
0
21
32
37
39
40
43
44
43
43
44
60
84
76
59
70
58
47
45
44
45
46
45
45
45
44
44
44
36
2
13
0
11
22
30
34

