57
59
63
66
68
65
54
49
49
56
98
70
28
1
25
34
37
39
41
40
41
42
50
92
79
70
65
59
56
57
59
55
53
52
50
51
51
51
49
49
46
49
25
65
49
17
8
21
32
37
39
41
41
41
42
44
61
69
62
58
55
49
48
52
56
52
52
50
51
50
52
55
52
46
44
52
9
42
37
13
8
23
33
37
40
41
41
41
42
46
67
64
68
66
59
55
55
55
52
50
51
52
50
44
43
43
25
10
10
9
23
31
36
37
41
42
42
44
49
85
99
82
74
60
58
55
53
55
52
53
51
45
42
46
44
31
59
38
3
18
29
36
39
40
41
41
43
44
58
78
72
70
64
58
54
50
49
49
50
52

