48
46
46
45
45
43
52
11
54
40
13
13
28
34
37
40
41
41
42
44
46
67
72
65
60
55
53
52
48
45
44
45
45
46
46
46
46
45
44
44
49
4
25
21
2
22
31
37
39
40
40
40
42
44
49
73
74
72
72
64
63
60
60
64
64
67
69
67
66
59
72
47
165
147
84
27
10
29
35
38
41
41
42
42
45
46
49
75
93
87
83
70
65
58
56
54
51
50
49
46
47
45
45
46
8
33
19
2
17
31
37
38
41
41
41
43
44
52
51
49
49
51
49
51
51
52
48
46
47
48
49
49
48
46
45
44
44
44
44
40
19
17
25
33
36
38
41
41
42
42
42
44
44
45
56
64
59
59
59
56

