50
45
42
42
47
27
53
29
1
16
25
35
39
40
41
41
41
42
44
64
72
68
72
66
63
60
53
51
49
51
52
59
65
74
80
75
84
9
114
109
60
17
8
25
33
37
42
86
245
428
515
537
503
363
238
181
182
264
362
378
353
313
185
137
288
313
298
279
272
264
203
160
87
42
12
10
23
44
133
383
470
424
373
353
331
155
35
177
270
299
273
207
111
45
4
13
23
28
82
240
269
285
312
330
324
268
197
44
111
259
288
252
159
83
29
1
13
21
23
29
31
31
31
32
36
54
47
44
41
44
38
37
39
46
47
38
37
36
33
37
36
5
16
0
15
23
27
30
31
31
32
31
34
34
39
45
39
41
41
37

