45
45
38
1
10
20
19
22
21
23
27
30
31
33
37
58
75
75
63
56
55
55
52
54
53
52
48
47
46
45
44
44
44
43
23
2
29
18
4
5
12
23
31
39
62
82
75
67
59
53
50
49
49
48
48
48
46
45
45
45
47
32
27
5
2
4
11
17
22
27
30
33
36
42
59
74
72
60
55
51
50
49
48
47
46
46
46
46
45
45
45
45
44
25
0
11
17
25
28
29
31
33
34
36
37
40
44
61
69
67
59
55
52
51
50
47
46
46
46
46
45
45
45
45
41
12
7
11
24
26
25
29
33
37
39
42
51
78
78
72
58
52
50
49
49
49
49
48
46
45
45
44
44
44
44
42
34
30
5
5

