3
9
15
21
29
37
46
74
78
72
63
55
51
49
48
47
47
46
45
45
44
44
44
44
38
5
29
17
4
11
22
29
37
41
43
54
93
89
79
75
67
56
59
59
55
51
48
49
48
45
44
44
40
78
89
52
19
6
21
32
36
42
45
55
98
103
93
85
70
65
60
58
55
52
50
49
48
45
51
37
44
77
42
53
35
8
11
23
33
38
41
44
46
72
77
71
65
59
56
54
49
49
48
49
49
49
48
49
49
47
50
27
52
33
2
12
0
15
32
39
42
45
46
65
108
101
85
67
59
55
51
51
51
51
49
47
45
48
31
36
1
47
25
2
13
27
36
40
42
43
46
62
77
77
72
67
62
56
54
50

