49
49
48
48
47
46
46
47
39
38
21
15
6
6
4
15
21
26
31
35
39
42
45
65
78
78
73
67
61
59
55
52
50
49
49
49
48
48
47
46
48
29
32
11
24
18
8
0
14
21
27
32
37
41
43
44
48
64
81
80
72
67
59
58
54
51
49
49
50
50
49
48
46
46
33
29
12
17
11
3
5
19
25
30
34
38
41
44
45
53
69
69
72
66
58
54
51
49
48
47
47
48
48
47
46
46
45
45
45
32
31
30
20
21
23
25
27
29
30
31
34
37
40
55
65
64
65
64
59
53
50
49
48
48
48
47
46
46
45
45
41
10
25
10
14
16
12
12
17
21
27
31
38
42
46
65
71
72
69
61

