54
50
49
49
48
48
47
47
46
46
45
45
45
34
4
24
19
20
21
22
25
27
29
31
33
38
47
63
66
64
60
56
52
49
48
48
48
47
47
46
46
45
45
45
45
21
23
5
5
1
11
19
26
31
35
38
41
54
74
74
65
59
55
52
51
49
46
46
45
45
45
45
45
45
45
45
42
21
17
8
4
10
20
27
31
33
37
37
41
44
63
77
74
70
65
60
63
62
54
49
48
47
47
48
46
45
45
45
40
28
5
22
23
10
1
12
24
31
37
41
42
45
55
76
72
65
64
55
52
51
51
49
47
46
45
45
45
45
45
45
45
45
44
14
13
9
1
1
14
21
27
31
36
38
43
62
77
75
64
60

