49
47
48
47
46
45
44
45
45
36
0
3
29
33
14
2
23
33
39
42
45
55
85
78
69
59
54
50
49
48
47
46
46
45
45
45
45
45
45
45
44
19
2
4
10
15
19
23
27
34
40
54
75
91
77
63
62
54
51
48
47
46
45
45
45
45
45
44
45
44
9
9
4
3
14
20
25
29
32
35
38
41
48
67
74
70
68
63
59
59
50
47
48
48
48
49
49
49
47
45
45
44
40
0
67
46
8
13
29
37
41
41
44
43
49
84
92
81
69
67
57
55
51
49
48
48
45
45
44
44
44
45
32
4
27
35
36
37
37
38
38
37
38
38
38
38
47
58
70
67
58
52
49
47
46
45
45
45
44
44

