44
44
44
44
6
27
34
33
26
10
11
15
18
22
26
32
64
83
70
60
55
52
50
49
48
46
46
44
44
44
44
44
44
44
44
41
12
8
17
23
21
21
27
29
30
32
35
49
70
77
65
55
52
48
46
45
46
45
44
44
44
44
44
44
44
44
27
16
27
26
8
3
10
13
23
31
37
64
82
75
65
59
52
50
47
45
45
45
45
44
44
44
44
44
44
21
26
31
29
28
26
21
16
12
15
19
29
52
82
78
72
67
55
51
50
49
48
46
45
45
44
44
44
44
44
40
20
9
27
19
3
10
17
24
31
34
40
47
85
88
80
70
64
58
54
52
50
48
48
47
47
47
45
45
45
43
37
41
65
36

