7
10
27
34
38
41
43
44
49
86
93
75
67
60
51
51
49
48
47
46
45
45
45
45
45
45
42
24
0
31
37
12
6
22
29
38
43
49
83
82
72
62
59
54
49
47
46
45
45
45
45
45
45
45
45
45
21
15
26
25
29
29
29
31
31
32
33
38
64
78
80
61
55
53
51
49
47
45
45
45
45
45
45
45
44
44
44
25
21
21
8
3
10
17
21
25
29
32
37
43
72
83
75
72
60
55
52
50
48
46
45
45
44
45
45
44
44
44
44
15
20
32
33
32
27
10
6
10
15
21
29
36
58
96
98
91
78
64
59
54
49
48
46
45
45
45
45
44
45
25
10
50
71
41
11
9
28
34
38
41

