42
44
55
87
76
65
59
55
52
52
51
50
46
45
45
45
45
45
45
45
45
45
38
7
15
32
34
34
34
34
34
33
33
33
33
49
88
77
69
57
51
50
50
49
47
45
45
45
45
44
44
44
44
44
19
30
32
31
31
29
25
23
13
11
13
19
36
79
91
77
63
57
50
47
46
45
45
45
45
44
45
44
44
43
37
17
14
4
7
3
7
19
28
34
40
43
57
80
80
72
69
56
50
48
47
46
46
45
45
45
45
45
44
44
44
42
14
29
33
33
33
32
32
30
29
25
23
27
50
80
82
74
62
55
50
47
45
44
44
45
45
45
45
45
44
44
36
22
7
8
17
4
7
15
23
29
33
41
65
69

