56
52
49
46
46
46
46
46
46
45
45
46
27
10
0
9
6
10
15
26
31
33
37
40
42
45
64
69
62
59
52
50
49
47
47
46
45
45
45
45
45
45
45
45
45
29
17
31
27
25
26
31
33
33
35
38
40
46
74
72
63
55
51
49
47
46
45
45
45
45
45
45
46
45
46
49
19
8
8
13
2
10
27
33
37
40
41
42
48
70
67
62
55
51
49
47
46
46
46
47
45
45
45
45
45
45
45
38
17
17
16
10
14
23
29
33
37
40
42
51
69
71
64
56
53
49
49
48
46
45
45
45
45
45
45
45
45
45
45
45
41
16
25
29
31
32
33
33
32
32
32
32
34
37
60
105
95
86
79
70

