62
55
49
47
46
44
44
44
44
43
44
43
36
121
98
62
17
9
23
32
37
41
43
52
83
75
65
57
54
50
48
48
47
46
46
46
45
46
46
48
45
45
54
19
20
32
17
2
21
31
33
37
39
41
42
45
64
67
62
57
51
50
49
48
48
46
46
46
46
46
45
45
46
29
1
10
25
31
33
31
31
32
34
38
50
77
72
64
58
54
49
48
46
46
46
46
45
48
45
45
45
42
33
26
9
10
11
14
21
27
32
37
41
42
51
77
76
72
64
61
54
51
49
47
46
45
46
45
45
45
45
45
45
34
12
45
45
19
8
25
32
37
41
42
44
53
78
74
67
59
56
52
50
49
47
47
47
48
46
46

