46
45
45
46
12
1
12
5
3
11
23
28
33
37
40
42
46
70
81
79
70
67
64
62
58
58
54
49
49
46
46
47
46
45
45
25
36
57
32
8
10
21
33
40
41
43
45
45
46
55
79
77
67
64
70
75
73
85
85
85
88
89
88
93
97
82
183
165
93
33
2
22
31
38
42
43
44
45
51
99
125
102
91
82
77
69
64
62
55
51
49
55
25
114
139
78
27
4
25
34
37
41
42
45
48
56
102
134
117
111
111
125
106
91
80
69
57
52
52
39
124
215
181
110
48
8
15
27
39
44
45
46
48
47
49
59
93
78
75
71
68
67
65
65
63
54
54
51
52
48
70
39
53
80
56
21
6
23
34
39

