187
181
160
106
31
124
144
108
55
4
19
28
32
33
33
33
34
39
74
122
121
116
108
103
104
100
95
106
103
110
119
124
93
63
154
166
133
82
29
5
23
32
60
168
321
388
342
272
187
122
91
69
6
129
281
309
237
133
50
6
13
27
33
37
72
88
75
70
62
55
50
53
63
76
86
85
90
90
76
81
91
109
238
188
104
44
4
16
27
31
32
35
37
37
47
83
93
85
74
67
55
55
51
52
53
49
45
52
48
38
36
16
62
65
41
15
5
21
31
33
36
37
37
37
38
38
50
70
67
74
73
67
62
51
55
54
45
46
49
43
54
52
25
29
44
32
16
2
17
25
31
33
35
37
39
38
39
40
45
60

