46
45
44
42
41
40
40
40
33
15
11
21
27
31
33
34
36
37
37
39
47
67
83
65
58
55
42
45
44
42
49
41
44
40
42
44
36
32
18
16
17
20
25
30
31
33
33
35
43
70
89
76
64
60
60
52
41
45
47
44
44
45
44
44
46
33
18
10
2
12
21
26
29
32
35
34
37
48
72
98
110
96
74
58
58
55
50
42
44
44
44
43
42
45
21
91
159
119
48
5
17
29
33
36
37
39
41
42
64
104
93
80
65
58
48
44
43
50
52
48
42
42
45
37
0
21
36
21
1
17
31
37
38
41
67
93
87
74
60
52
65
50
53
56
56
45
41
41
41
41
40
26
14
34
37
37
38
38
38
39

