40
40
41
45
65
80
75
58
52
45
40
41
40
40
40
40
40
40
40
40
40
40
40
33
30
33
35
37
37
38
38
38
40
42
43
46
59
72
56
51
42
42
40
39
40
40
43
42
44
40
40
39
40
39
37
31
29
31
32
34
36
37
38
38
39
39
41
45
85
70
63
60
63
45
52
50
51
45
40
40
38
39
39
38
38
33
29
32
34
36
37
37
37
38
38
38
39
41
46
69
70
77
62
50
46
46
43
44
41
40
45
40
38
38
38
31
17
24
10
10
19
25
30
33
35
37
37
40
45
61
74
83
68
64
51
54
55
47
51
49
42
43
47
48
46
41
38
25
1
17
10
2
17
23
28
31
33
35
37
37

