36
37
37
38
42
78
134
119
98
79
71
64
65
55
47
51
51
49
47
46
31
95
183
159
90
29
6
23
31
33
38
40
41
70
119
99
86
74
64
67
73
70
74
69
77
47
42
45
34
64
155
126
63
17
17
31
35
37
38
39
40
40
44
67
93
95
93
78
69
58
55
52
43
43
44
44
41
41
41
41
39
16
17
8
2
11
19
29
33
34
36
37
37
38
40
44
51
64
75
70
62
62
60
55
51
45
42
41
42
41
41
41
40
40
6
19
4
7
18
25
31
35
37
37
38
39
40
41
41
46
51
62
72
66
62
53
51
48
45
44
44
42
42
42
41
41
41
40
0
11
0
10
20
27
33
36
37
38
40
40

