29
36
39
41
42
46
92
102
88
69
58
54
54
55
54
54
51
48
44
44
44
44
43
34
111
71
23
10
29
36
39
41
43
56
86
75
65
58
57
55
62
55
55
52
58
55
45
44
49
21
63
43
9
14
29
36
41
42
43
44
45
54
82
79
67
48
47
52
51
55
52
51
49
48
45
52
45
45
45
44
40
20
10
14
20
27
31
35
38
40
41
41
44
52
64
86
64
55
55
46
49
48
48
49
47
46
45
45
44
44
44
44
44
37
33
31
31
34
37
39
41
41
42
42
44
49
56
83
70
55
58
49
46
46
49
48
48
45
45
44
43
43
43
42
4
19
7
7
19
26
31
35
37
41
43
43
44
52
66
86

