44
42
42
41
41
19
19
11
1
19
28
32
34
37
37
38
40
41
42
45
50
56
71
76
65
67
51
52
62
62
62
67
45
42
41
41
41
37
16
23
32
34
37
39
40
41
41
41
42
42
42
44
46
50
65
86
86
64
55
45
44
48
52
45
47
45
44
41
40
34
14
19
31
35
37
39
40
40
41
41
41
41
41
42
45
49
62
77
70
62
58
54
50
50
51
45
44
42
43
41
41
37
38
31
33
36
37
37
38
39
40
40
40
40
41
41
41
43
45
51
60
62
59
59
51
48
48
41
40
41
41
41
40
40
40
38
35
26
29
11
10
23
29
31
33
35
37
38
41
48
56
68
56
62
56
52
44
45
46
45

