47
46
45
40
40
41
23
1
78
49
10
10
26
32
34
35
36
37
40
62
72
67
59
59
50
46
52
49
48
45
44
43
42
42
41
40
40
40
39
25
19
23
26
29
31
34
36
37
37
39
46
50
55
59
51
44
45
51
44
52
49
41
40
40
40
40
40
40
40
38
15
8
4
13
22
27
31
33
36
37
38
41
49
55
67
58
56
51
42
46
46
46
46
46
43
41
40
41
40
41
41
31
21
5
10
18
25
29
31
33
34
37
39
41
45
46
51
54
58
51
50
48
46
42
45
45
47
44
42
42
41
41
41
40
39
33
31
33
34
34
34
36
36
37
37
39
48
58
77
85
67
56
54
56
55
45
41
41
42
41

