64
59
55
47
50
50
52
45
44
44
42
41
36
0
38
36
19
4
15
27
32
37
39
41
41
42
50
65
64
64
65
67
62
58
55
48
49
42
45
45
45
44
42
42
42
41
34
10
4
13
18
23
28
31
33
35
37
37
38
47
64
91
82
67
59
49
46
44
44
45
47
46
45
45
42
42
42
41
23
20
21
25
25
11
21
29
33
36
37
40
53
73
72
65
65
51
53
47
43
42
42
42
42
42
41
41
41
41
41
38
27
17
25
29
31
33
35
37
38
40
41
44
51
63
72
59
55
51
44
47
46
45
44
45
42
41
41
41
40
32
34
25
21
24
28
32
34
36
37
38
39
40
45
55
66
64
55
49
49
46

