44
41
42
42
42
41
41
41
41
40
38
37
33
32
33
34
36
37
37
37
38
38
41
50
67
69
59
54
55
46
45
44
43
42
42
41
41
41
41
41
38
31
20
21
27
31
32
34
37
37
38
41
50
65
67
59
51
47
46
45
45
41
41
44
41
41
41
41
41
41
41
29
18
23
27
31
33
36
37
39
40
41
42
49
61
69
67
64
55
41
41
40
40
40
40
40
40
40
40
40
40
40
40
37
23
27
31
32
33
34
35
37
37
39
41
48
67
86
96
70
65
46
45
43
44
45
44
41
41
37
33
4
15
26
12
4
21
37
71
70
67
52
59
51
48
45
42
41
41
41
41
41
41
43
33
30
15
31
15
0

