49
43
46
45
47
46
45
44
42
41
41
41
40
14
0
9
19
24
27
31
34
36
37
38
44
58
79
72
62
53
51
49
45
45
44
44
42
42
42
41
41
41
29
15
6
3
8
15
23
28
31
34
37
38
40
54
68
64
60
54
51
46
45
43
44
44
44
43
42
42
42
41
42
41
36
3
9
1
8
19
26
31
34
37
39
41
52
70
64
60
54
50
48
43
41
41
41
41
41
41
41
41
41
41
41
41
41
2
0
5
15
27
31
33
35
37
38
40
42
48
52
54
62
56
49
49
45
47
44
44
44
44
44
42
42
42
42
41
25
2
2
5
19
29
33
36
38
40
41
41
43
47
50
52
56
53
46
45
45
45

