42
43
44
45
51
70
75
78
75
71
58
54
49
49
49
50
46
46
44
44
43
41
9
98
85
37
0
27
37
39
41
42
44
44
45
50
72
74
72
70
64
57
51
49
44
49
45
44
45
44
45
43
43
43
42
69
75
37
4
23
33
38
41
43
44
44
46
59
67
67
65
63
61
51
47
46
45
47
46
44
44
44
44
43
43
44
33
55
45
9
15
28
34
38
41
42
43
45
45
46
54
67
67
65
63
50
50
48
47
45
48
47
46
46
44
44
44
38
11
60
12
25
34
38
41
42
43
44
44
45
52
68
70
70
64
59
51
52
49
44
47
45
47
45
45
45
45
44
44
23
35
27
2
27
34
38
41
42
44
44

