45
45
45
45
47
49
56
72
67
57
55
61
52
48
54
54
47
44
45
45
45
44
44
43
43
21
31
9
21
29
33
37
41
42
42
44
44
44
48
58
86
77
69
58
56
54
49
50
47
50
45
44
46
46
43
43
43
20
93
67
10
14
29
37
41
44
44
45
45
53
70
70
67
59
56
55
50
46
45
52
45
45
48
45
44
44
44
44
43
21
1
11
25
32
37
39
42
44
44
45
53
72
83
67
59
52
49
50
46
45
44
44
44
44
43
44
44
44
44
3
36
8
22
29
33
36
39
41
43
44
44
46
51
75
80
70
58
48
46
46
49
49
49
48
45
44
44
44
40
27
70
41
8
25
31
36
38
41
42
43

