45
54
68
71
67
60
55
51
47
48
45
45
45
45
44
45
44
44
44
43
29
4
10
21
33
38
40
42
43
44
44
45
49
56
72
71
64
59
56
50
49
47
45
44
43
44
45
45
40
15
42
29
0
21
32
37
41
42
43
44
50
72
78
83
71
59
54
56
52
50
48
45
45
45
42
42
42
42
42
29
2
2
12
23
31
36
39
41
42
44
44
44
46
51
59
65
75
64
55
52
52
51
43
42
42
42
42
42
42
42
42
41
1
21
29
33
37
40
41
42
43
44
45
47
51
67
64
60
56
52
48
48
43
42
43
43
43
43
43
42
42
42
21
36
9
25
33
36
37
40
41
42
42
46
52
67
63
56
54
51

