51
49
45
44
45
45
44
43
42
42
41
35
16
39
12
15
28
36
38
38
40
41
41
42
44
52
61
65
66
65
60
56
51
47
44
45
45
45
45
43
41
41
41
41
41
29
12
7
19
30
33
36
38
39
41
41
42
44
44
46
55
72
88
80
65
56
51
46
49
50
51
50
48
46
45
44
31
41
55
19
10
27
34
38
41
41
42
43
42
45
54
67
66
61
55
55
55
45
45
42
41
48
51
49
45
41
41
41
41
4
5
5
20
32
37
39
41
42
42
43
44
44
45
49
64
75
67
60
48
50
46
48
50
45
41
41
41
41
41
41
38
25
6
31
3
22
32
34
37
38
40
41
41
42
44
49
62
71
69
62

