57
51
51
43
47
46
41
41
41
41
41
41
41
41
21
4
25
36
38
40
41
41
42
42
48
62
59
55
54
53
52
49
48
45
45
45
45
44
43
40
25
31
12
6
22
31
37
40
41
42
43
43
44
51
71
71
66
54
51
45
50
48
47
45
41
41
41
41
41
41
41
41
4
29
5
21
29
32
34
37
38
41
42
49
64
65
61
55
50
46
46
44
42
42
44
45
45
41
41
41
41
41
41
27
6
11
15
25
33
37
38
40
41
42
46
54
65
72
63
57
52
49
48
48
47
45
41
41
41
41
41
41
37
0
11
6
9
21
27
33
37
39
40
41
45
57
70
73
64
56
55
50
50
47
46
45
42
42
41
41

