42
42
42
46
51
64
62
55
50
46
45
44
42
41
44
42
42
41
41
41
41
41
41
0
25
33
34
38
40
41
41
42
42
42
43
45
62
73
64
59
55
54
49
42
41
40
40
40
40
40
40
40
40
40
21
0
29
32
36
38
39
41
41
42
42
42
45
60
78
67
59
55
49
49
44
40
40
40
40
40
40
40
40
1
14
25
30
33
37
39
41
41
42
42
46
80
70
60
57
51
48
47
46
45
43
41
40
40
42
41
40
40
40
6
17
21
27
32
35
37
39
41
41
41
42
48
57
59
56
49
45
42
46
46
46
43
42
41
42
41
41
44
42
14
21
6
15
6
27
34
38
40
41
41
42
50
70
72
64
64

