60
51
49
48
46
44
44
43
41
41
40
40
40
17
3
3
10
25
33
36
39
41
41
41
41
42
45
61
80
70
59
55
49
45
44
42
41
41
41
41
41
41
40
40
40
15
32
5
11
27
33
36
38
40
41
42
42
42
46
67
75
59
56
49
46
44
41
41
42
42
41
42
41
40
40
40
35
29
0
23
27
34
37
38
40
41
41
42
48
67
64
60
56
54
49
52
46
40
41
41
42
40
40
41
40
40
10
10
19
25
31
35
40
41
41
42
42
44
48
75
63
55
52
50
49
48
47
44
42
40
40
41
41
40
25
33
2
8
18
27
32
36
39
41
41
41
45
59
71
68
60
54
52
49
48
43
46
45
45
44

