45
45
40
39
47
74
31
5
23
33
37
39
40
41
42
50
69
67
64
55
49
46
44
47
46
54
48
44
42
45
41
40
40
40
21
11
20
27
32
35
38
40
41
41
42
43
47
72
83
74
63
55
46
42
41
41
41
40
40
40
40
40
40
37
29
19
7
17
29
35
38
40
41
41
41
42
43
45
64
72
67
60
54
52
48
41
40
40
39
40
39
39
40
39
39
40
7
19
25
30
36
38
40
41
41
41
42
42
44
63
70
60
55
51
50
48
44
45
45
46
45
40
39
39
36
33
8
9
19
27
32
37
40
40
41
41
41
45
58
69
61
55
49
49
50
41
40
40
39
39
38
39
39
39
39
39
39
29
4
27

