41
41
44
57
67
65
60
53
52
43
45
40
39
42
41
41
40
40
40
38
35
8
7
7
17
23
30
34
37
40
41
48
62
57
54
49
42
49
48
45
44
44
44
41
40
40
40
40
41
41
19
14
17
25
31
33
34
37
37
39
40
45
46
60
64
55
50
48
46
44
44
46
41
41
40
41
41
40
40
40
40
12
4
14
29
33
36
38
40
41
41
45
55
67
63
54
50
50
41
40
40
40
40
40
41
40
41
38
23
28
8
24
33
36
37
40
41
41
41
41
42
48
72
70
58
51
46
44
49
41
43
40
40
40
40
40
40
40
40
40
19
1
8
11
15
26
33
37
40
41
41
41
49
66
67
56
55
53
50
48

