346
279
172
67
10
99
198
239
181
132
77
22
8
23
29
34
37
37
49
76
75
77
82
80
85
91
91
86
81
78
66
38
117
134
72
13
14
27
33
35
37
37
38
38
38
41
63
75
66
62
57
55
52
52
50
50
52
52
55
55
56
1
49
44
18
10
25
31
34
37
37
40
40
39
40
40
42
64
83
70
68
61
55
59
59
49
49
51
48
42
40
10
55
56
25
5
25
32
35
37
38
39
40
41
41
41
44
54
50
49
48
48
47
41
54
50
49
45
39
38
38
38
38
30
9
10
21
29
35
37
38
40
40
40
41
41
45
49
53
55
55
54
53
51
49
49
49
49
48
45
41
41
28
5
11
2
12
24
31
35

