55
57
58
55
54
52
50
45
41
6
69
64
24
7
25
34
40
42
42
43
44
44
45
58
64
64
64
62
59
57
55
54
51
49
49
49
45
41
41
41
2
33
17
4
23
33
37
40
41
43
44
44
45
53
57
59
58
57
56
55
55
52
55
54
54
52
48
44
44
19
14
27
10
10
26
36
40
41
42
43
44
44
44
45
45
49
55
55
58
56
54
50
49
48
49
49
49
48
48
45
42
42
34
20
8
8
19
32
38
40
41
42
42
43
44
44
45
45
46
48
51
51
51
51
49
49
51
51
51
47
45
45
47
48
45
43
38
17
0
2
14
26
34
38
40
41
41
44
45
50
59
62
60
59
56
54
50
45
59
43

