762
724
480
302
244
109
65
256
361
376
345
286
215
161
119
40
90
379
550
601
550
475
418
334
245
108
72
245
335
374
371
303
233
140
88
41
7
4
50
196
274
312
352
370
334
280
144
23
127
200
208
188
167
148
98
29
2
7
13
17
19
21
37
55
45
44
44
47
48
58
51
50
14
34
49
24
3
13
19
21
23
25
50
147
228
277
354
361
376
377
307
168
31
119
261
326
290
215
135
72
27
6
1
8
12
20
36
103
202
218
239
260
260
234
187
66
51
131
196
222
185
114
41
8
5
12
17
21
23
25
25
26
27
27
28
29
29
29
29
29
29
29
29
30
31
31
31
31
31
31
31
31
33
40
36
33
33
32
32
32

