187
65
10
68
125
176
211
233
207
138
35
5
54
240
404
478
465
414
387
324
272
222
175
88
52
165
307
410
468
446
299
98
27
1
11
21
30
116
190
198
218
209
197
207
222
259
274
227
54
59
149
218
281
303
236
136
36
3
10
15
19
25
55
136
136
124
123
122
112
85
80
85
83
88
14
208
272
181
63
12
5
12
17
20
23
25
27
29
38
67
80
71
69
59
53
64
59
59
59
57
5
50
80
70
15
8
15
19
22
25
26
27
29
30
32
48
59
53
46
45
44
42
42
41
40
17
9
10
2
17
24
27
27
29
29
30
31
31
31
34
44
40
38
37
36
36
36
35
34
33
33
27
18
18
21
24
27
29
31
31

