266
223
202
83
52
176
309
379
377
301
155
33
0
13
25
40
162
208
209
201
192
188
182
175
171
160
133
31
267
420
404
270
85
25
0
15
23
29
35
95
122
120
114
124
134
138
149
150
153
140
124
100
117
320
316
180
51
7
10
19
25
29
31
32
33
33
34
34
37
43
68
70
69
70
64
63
51
55
51
51
48
19
42
72
34
5
20
26
29
31
32
33
34
34
35
36
36
37
38
48
53
47
46
49
49
49
41
50
45
42
35
13
5
0
19
27
31
32
33
34
34
35
36
37
37
37
37
37
37
38
42
41
41
40
39
39
39
38
38
37
37
37
36
34
35
33
32
33
33
33
34
34
35
36
36
37
37
37
37
38

