62
70
66
56
53
34
48
112
85
17
21
33
38
41
43
45
45
46
46
47
48
55
65
62
67
69
66
64
69
60
64
64
51
50
62
54
33
24
58
39
7
31
37
40
42
43
45
45
45
46
48
56
72
72
65
64
65
65
62
67
68
68
56
61
49
59
30
37
67
44
7
29
36
40
42
44
45
45
45
45
46
48
58
65
63
65
65
64
65
67
64
61
66
65
58
49
0
46
40
3
29
35
38
41
42
43
45
45
45
45
46
47
52
55
55
55
58
58
58
59
57
56
56
55
55
56
55
56
49
45
38
1
11
15
3
17
30
37
40
41
43
44
45
45
47
57
61
62
65
69
70
74
72
63
60
64
64
66
65
75

