70
52
33
49
104
69
3
25
33
37
40
41
42
44
45
45
45
46
52
55
57
60
59
61
62
59
58
60
58
59
53
56
57
59
29
32
56
23
19
33
37
39
41
41
43
45
49
66
61
59
52
51
51
55
48
55
51
55
51
48
43
51
47
31
14
21
4
22
35
39
41
42
42
43
45
48
54
53
54
54
53
52
51
48
51
53
54
49
44
50
50
47
50
58
53
49
34
12
11
5
9
23
33
38
41
42
42
44
44
45
55
75
70
67
64
62
62
67
74
75
70
72
75
78
77
75
70
46
109
161
75
6
25
32
36
38
40
41
42
43
44
45
57
86
74
75
74
79
83
83
91
80
74
75
77
69
58
72
54
16

