41
41
42
43
44
45
50
67
65
69
67
65
67
67
64
62
59
54
59
51
3
47
45
5
25
33
37
39
41
41
42
44
44
44
45
45
45
51
52
55
59
61
60
60
58
56
57
61
57
63
55
52
12
32
36
6
25
33
37
39
41
41
42
42
44
44
44
45
45
47
57
65
63
63
66
67
62
62
65
70
71
72
72
74
70
20
72
91
40
12
29
33
37
39
40
42
43
43
44
44
44
44
45
56
72
77
74
74
70
65
68
72
73
70
75
78
69
63
45
53
116
114
49
10
29
34
37
41
42
42
43
44
44
45
45
46
54
72
93
93
77
70
69
67
67
64
67
61
59
49
44
23
77
114
69
1
25
33
37
40

