55
56
64
70
67
75
88
88
90
93
100
95
80
62
35
131
193
104
7
19
31
35
37
40
41
41
42
44
47
69
70
90
105
122
157
202
238
247
244
213
156
102
54
207
402
416
301
103
3
19
29
35
39
42
46
75
160
159
155
140
160
171
168
160
150
137
121
104
98
10
423
500
340
104
5
19
31
36
40
42
45
65
117
124
131
127
121
118
117
126
127
129
114
101
62
222
363
259
75
1
19
31
37
40
42
44
45
45
46
46
51
77
90
96
98
98
104
101
97
105
109
100
90
77
14
144
191
129
19
19
30
34
38
41
42
44
45
45
45
46
46
46
49
65
80
75
83
80
75
72
67
65
65
67
59
51
40
42
114
67

