66
62
55
52
49
52
61
62
57
55
55
45
40
52
104
46
13
29
34
38
40
41
42
43
43
44
45
54
80
79
72
72
70
63
61
55
52
55
63
65
42
41
41
0
85
68
0
27
34
37
40
41
41
42
45
53
53
51
45
45
49
57
64
86
91
83
67
62
65
70
65
52
54
39
78
50
8
29
34
37
39
40
41
41
42
44
48
72
73
70
67
70
72
72
72
73
67
62
60
61
65
62
59
52
9
112
117
35
16
29
34
37
39
40
41
42
43
44
45
55
55
59
56
54
53
52
51
52
51
51
51
49
48
48
48
43
43
33
17
31
3
29
36
38
40
41
41
42
43
43
44
47
61
63
67
69
64
58
55
59

