63
66
60
58
59
51
45
41
41
17
77
37
15
31
35
38
40
41
41
42
42
44
51
64
63
65
64
58
54
52
55
59
58
56
55
56
52
49
51
46
50
16
87
47
10
29
35
38
40
41
41
41
42
42
44
49
65
59
58
50
50
50
51
49
50
51
51
49
49
48
49
49
48
41
38
13
24
1
27
36
38
40
41
41
41
41
42
43
44
51
75
70
67
60
64
70
75
78
93
93
89
90
78
56
49
24
162
130
31
17
31
35
37
39
40
41
41
44
55
91
86
91
83
78
75
80
85
83
85
86
72
58
55
49
83
228
166
25
16
29
34
38
40
41
42
44
55
72
70
69
67
64
60
54
55
58
57
52
52
50

