46
45
41
42
9
77
55
9
29
34
38
40
41
41
42
42
44
48
58
55
59
54
49
46
47
46
43
43
48
54
58
60
72
83
87
86
83
17
94
64
6
28
33
37
39
41
41
42
42
43
44
45
52
92
103
103
110
109
109
98
77
60
55
56
56
52
23
127
178
93
2
24
31
35
38
40
41
42
42
44
52
82
76
72
82
87
87
87
85
78
75
77
83
78
70
67
83
178
137
25
21
31
34
38
39
40
41
41
42
44
45
49
67
66
67
75
83
91
86
82
80
75
75
77
76
77
72
64
23
157
177
72
7
25
32
36
38
41
42
43
43
45
45
62
88
88
89
94
92
85
80
102
64
41
40
39
38
91
136
77

