41
42
43
44
45
46
62
82
80
82
80
77
75
79
78
84
85
88
75
60
51
2
109
144
82
0
27
33
37
40
41
42
43
43
45
55
72
71
72
72
73
80
75
71
72
72
70
70
68
65
55
34
133
121
27
19
31
36
38
40
41
42
43
44
44
45
47
64
70
63
70
69
64
64
62
58
55
57
58
58
65
62
49
43
11
110
103
27
19
32
37
40
41
42
44
44
44
45
45
47
59
64
66
70
66
60
60
63
61
52
49
58
48
44
43
32
21
56
31
10
31
37
40
41
42
44
44
44
45
45
45
45
47
62
79
90
85
77
64
59
66
75
76
75
78
77
68
63
52
48
70
145
107
17
22
32
37
40
41
42

