43
44
44
44
47
62
68
65
67
58
51
51
50
51
54
57
52
55
45
43
41
39
15
34
1
23
32
38
41
42
42
43
44
44
45
49
81
128
142
137
111
102
92
84
80
75
75
60
42
39
67
220
218
114
13
21
32
37
40
42
43
44
45
45
45
48
64
86
80
83
78
75
71
70
73
74
70
75
72
65
55
49
7
139
212
115
12
22
33
38
41
42
44
45
45
45
46
49
59
64
68
70
68
67
62
58
60
63
56
51
54
50
45
43
41
3
77
46
3
20
29
36
40
41
42
43
44
45
45
46
51
56
63
62
64
64
55
50
51
55
51
59
61
59
59
54
55
23
51
59
19
20
34
38
41
42
43
44
44
45

