46
48
53
75
78
76
78
72
68
63
68
63
64
66
59
51
55
43
45
19
38
44
21
4
27
38
43
45
46
46
47
47
47
47
47
48
62
63
59
54
51
51
53
59
61
55
55
56
51
49
41
41
41
41
40
39
36
29
31
35
39
41
43
44
44
44
45
46
55
65
72
72
68
65
62
55
52
51
50
49
45
43
33
2
32
23
3
26
35
38
41
44
45
46
47
48
49
59
85
106
124
150
175
208
252
252
210
157
131
115
91
51
7
27
88
152
208
198
126
63
9
15
32
40
48
92
173
265
351
356
322
249
197
170
140
100
61
49
37
23
17
20
17
12
29
33
33
33
33
33
33
33
33
32
32
31
32
32
32
32

