55
59
59
57
62
60
49
50
48
15
8
9
0
11
24
31
32
33
35
36
37
37
40
39
38
37
41
51
49
50
52
50
49
49
47
50
49
52
45
45
51
44
45
43
41
34
25
23
21
20
21
23
23
25
30
36
38
36
36
38
50
83
109
99
77
74
69
68
64
65
72
68
63
66
80
37
46
86
83
50
16
1
14
25
31
35
39
38
39
43
77
91
91
91
86
78
74
72
74
73
67
70
69
67
67
55
41
51
121
114
61
16
5
14
23
29
33
36
39
40
49
58
54
56
59
59
60
62
65
64
67
71
72
70
66
65
58
57
38
21
56
58
25
0
10
20
27
32
36
39
40
52
56
56
56
59
63
67
62
68

