79
82
80
70
59
7
95
135
101
54
19
6
23
31
35
33
35
37
37
39
49
52
50
54
55
60
63
67
67
68
70
65
60
60
66
57
46
38
30
31
33
7
58
28
3
17
23
25
31
33
36
41
58
54
56
62
60
63
64
68
69
61
56
59
64
66
71
69
65
51
41
25
31
27
80
47
8
9
14
21
26
29
33
37
38
40
38
47
46
49
55
64
68
64
62
65
70
81
76
68
72
58
55
54
48
45
17
15
31
25
13
0
12
21
29
36
38
38
36
38
42
63
62
64
64
66
65
68
66
70
70
64
70
64
68
65
51
51
5
36
45
33
10
6
19
28
34
37
36
36
37
38
41
53
49
50
55
60
65
69

