103
103
101
98
93
82
67
30
104
154
122
55
10
5
16
25
30
33
37
40
63
69
72
83
93
96
100
97
96
98
96
95
92
90
79
69
69
33
141
160
112
50
5
14
19
27
31
33
37
40
40
58
70
70
74
80
85
89
83
83
83
87
88
78
80
74
59
61
36
116
118
72
26
9
25
29
31
33
34
36
37
40
50
51
54
63
75
80
78
72
72
77
77
79
83
64
57
51
37
14
25
53
27
11
8
19
23
25
29
31
33
36
40
51
53
59
64
70
76
77
72
71
68
74
82
72
76
74
55
51
37
19
70
80
55
11
11
19
25
31
33
36
38
38
40
37
37
38
38
38
41
41
47
47
52
65
75
77
72
74

