85
86
83
83
85
88
75
69
59
43
1
72
101
59
23
4
10
21
28
33
37
39
36
36
38
43
58
55
58
64
70
77
92
103
100
93
93
98
90
70
62
3
78
85
59
27
0
17
27
34
38
36
37
40
70
114
92
86
95
106
123
140
140
121
101
91
3
114
153
124
64
20
1
15
27
31
36
38
45
73
138
190
231
250
228
187
147
114
95
67
5
95
208
221
157
92
41
2
17
25
25
30
33
36
40
39
45
63
82
88
91
86
76
69
71
66
75
72
58
69
75
49
55
4
80
114
93
46
7
10
17
27
31
33
37
40
39
38
41
55
50
50
52
57
59
60
64
61
62
63
49
72
55
64
51
41
21
10
52
37

