98
102
99
86
70
56
46
48
130
117
57
12
7
17
26
31
34
37
39
49
50
53
58
65
70
80
69
72
69
72
72
74
68
64
60
51
46
30
27
60
42
10
10
16
24
29
33
36
39
40
41
50
49
50
55
54
55
54
63
67
74
76
76
77
77
75
64
64
23
58
42
9
13
24
26
32
33
39
46
74
176
281
335
346
301
266
191
114
85
49
38
124
153
158
183
149
83
34
4
13
27
33
41
108
212
302
322
294
259
230
178
128
54
10
80
135
144
150
145
114
53
12
3
14
23
29
32
34
37
51
54
54
55
63
68
66
64
72
70
69
67
85
85
82
55
66
8
98
114
65
25
3
10
20
27
31
33
36
37
34

