42
49
49
54
64
62
72
78
83
68
69
65
75
77
70
69
72
68
51
45
10
72
82
51
16
11
25
27
30
33
35
37
40
40
45
52
55
63
71
74
77
71
75
76
70
83
71
92
72
66
64
54
27
15
98
92
40
6
5
15
25
30
33
37
38
40
42
49
52
57
70
77
72
80
75
75
81
82
80
77
72
67
57
59
31
99
81
34
2
12
21
29
33
36
38
38
41
44
57
59
67
76
79
82
77
74
80
84
80
83
72
61
63
27
88
80
46
12
15
28
31
31
34
37
38
41
51
49
52
56
67
82
82
74
92
74
80
83
88
80
86
60
41
8
45
67
55
32
6
15
27
31
31
34
36
37
38
41
43
47

