49
54
67
73
77
78
75
67
75
72
75
83
78
85
70
49
41
19
56
106
67
21
2
6
15
22
28
33
37
39
38
38
45
46
55
64
64
74
60
59
72
76
64
69
66
72
73
62
62
48
44
31
9
60
59
33
8
10
21
31
35
36
35
37
37
39
48
46
51
58
56
63
81
73
77
82
75
78
64
74
65
83
65
42
38
32
0
87
78
41
6
17
29
29
33
36
37
38
41
41
44
60
66
74
85
86
100
98
105
102
80
96
93
88
90
80
72
75
155
136
97
49
2
19
25
29
34
37
38
41
41
46
56
63
67
72
77
90
93
85
85
88
86
88
95
80
80
65
51
6
67
112
104
57
21
4
10
21
29
34

