39
40
42
50
54
59
70
72
88
88
78
85
72
83
71
70
78
88
84
56
30
17
90
90
52
25
9
9
21
29
33
39
40
40
45
54
56
62
72
75
79
77
55
88
87
56
67
71
69
67
55
47
32
15
78
37
1
6
14
21
27
30
33
36
37
37
37
39
44
45
45
49
55
58
64
69
72
72
70
67
64
63
59
49
46
45
34
34
32
25
13
10
13
17
23
27
29
29
31
33
34
35
38
42
42
43
45
48
54
63
66
67
70
72
51
51
67
53
49
44
40
37
37
37
37
37
37
37
34
15
10
6
6
21
29
32
44
46
51
55
58
64
60
72
71
78
73
64
72
62
70
50
58
64
40
0
55
67
52
25

