43
45
45
52
54
62
56
59
59
62
59
65
77
75
69
56
60
8
29
21
0
15
23
25
29
31
33
37
39
51
58
70
87
101
117
118
122
135
129
136
134
116
86
63
61
145
149
104
50
8
13
21
22
28
31
33
36
39
52
69
79
99
109
122
127
113
105
111
100
85
72
72
72
36
140
145
100
54
14
10
25
33
31
33
37
41
68
80
82
92
109
117
125
134
124
134
106
95
77
95
72
11
111
159
140
107
63
23
3
19
29
35
37
37
36
37
38
41
59
62
67
71
72
75
89
83
80
90
75
77
81
82
70
58
45
31
21
59
52
42
29
11
9
19
23
25
27
29
31
32
35
37
37
41
44
45
49
55
58
60

