64
65
70
68
75
74
49
57
41
38
37
36
34
32
31
28
25
23
24
25
26
27
29
31
33
42
44
45
49
53
52
54
55
62
59
61
42
66
69
55
45
33
33
34
34
34
34
34
9
23
25
8
6
19
28
29
31
33
44
46
51
59
59
69
67
78
74
85
63
41
38
38
37
37
36
36
31
26
17
10
4
6
12
19
27
33
41
45
50
58
65
72
75
75
76
64
72
75
77
69
64
77
64
69
49
40
33
17
82
82
52
26
12
1
10
21
30
33
32
35
38
51
57
63
70
80
89
93
93
93
105
112
110
109
91
77
66
37
81
106
78
63
31
1
14
20
27
33
34
45
76
74
81
88
95
98
106
111
116
121

