122
108
103
80
70
6
119
162
114
59
25
3
14
24
31
37
37
38
45
66
65
76
78
83
92
78
90
88
85
91
89
82
93
59
60
15
114
124
76
32
10
8
21
28
33
37
38
40
37
51
62
64
75
82
85
77
82
83
75
85
67
70
70
54
49
38
29
19
27
27
8
4
9
12
17
21
25
29
34
38
48
64
67
72
80
93
90
72
77
72
82
76
79
77
74
49
37
35
32
25
8
50
49
28
9
3
13
21
25
27
32
34
36
37
50
55
62
67
72
74
72
74
78
69
72
89
68
61
56
37
37
30
15
21
37
23
5
4
14
21
25
29
33
35
37
37
48
51
58
69
77
77
65
78
87
72
59
65
49
60

