67
49
43
25
8
1
1
6
10
11
13
17
21
23
26
30
33
33
33
40
48
51
60
70
65
72
64
93
81
80
85
75
57
67
63
59
47
23
17
10
15
21
18
9
0
6
12
21
27
31
29
33
43
51
58
66
72
62
67
78
80
72
71
57
95
61
89
58
42
37
36
36
36
36
4
45
42
31
13
8
17
20
23
27
29
31
34
44
45
46
51
60
69
75
64
58
64
70
78
81
90
95
98
72
75
45
33
21
2
51
64
32
15
4
9
19
23
27
33
36
36
44
49
58
65
65
78
77
69
88
81
74
78
70
96
89
80
75
48
23
5
21
28
25
19
10
1
10
17
23
29
33
32
32
37
48
55
64
70
78

