49
51
52
45
40
67
15
56
33
2
11
21
29
29
29
33
36
41
59
64
66
78
79
88
77
78
83
98
88
98
91
98
90
84
71
2
133
162
108
37
2
17
23
31
34
37
38
40
43
56
62
80
95
98
95
86
73
70
77
74
82
98
72
67
42
37
31
29
23
17
113
88
38
15
0
15
26
33
38
49
62
65
69
88
86
77
77
80
97
83
59
67
72
40
65
50
43
37
37
36
23
123
124
49
19
9
8
20
29
34
38
47
54
58
67
77
89
83
74
85
67
52
90
72
66
40
54
53
40
23
6
19
21
9
1
7
13
21
27
31
33
37
42
51
55
66
74
84
83
80
62
59
59
59
62
50
56
51
65
38

