96
154
126
52
12
11
25
29
31
36
37
38
50
73
98
120
136
138
131
119
104
109
59
62
90
73
45
38
30
27
5
151
156
99
50
4
13
21
21
25
29
32
36
42
48
54
63
68
68
67
58
76
52
67
56
62
51
63
56
46
56
45
36
25
24
17
10
7
8
10
14
19
27
31
33
32
33
35
40
47
47
52
59
61
56
54
52
51
49
48
41
65
54
51
42
38
38
38
33
34
34
34
34
34
34
34
34
34
34
34
34
36
37
41
45
55
63
55
62
55
50
47
49
51
49
60
52
43
51
38
41
33
29
27
25
23
24
25
25
27
27
29
31
32
33
33
41
54
65
76
80
72
70
72
79
86
86
101
85
72

