14
15
21
25
25
26
29
31
33
40
45
51
64
70
76
76
72
76
65
63
85
53
77
59
70
55
37
36
36
36
37
36
10
69
41
19
2
9
18
25
32
36
44
52
68
83
91
95
93
91
100
67
114
68
69
40
41
45
28
23
13
28
36
20
11
6
0
10
17
23
29
35
45
49
57
66
75
78
82
90
81
93
69
75
58
63
42
44
37
36
34
31
12
27
27
41
41
14
8
23
32
34
39
49
43
47
60
78
88
123
114
85
83
98
105
85
65
79
91
56
41
69
72
51
26
6
8
16
23
29
33
36
44
52
64
80
85
83
68
58
62
72
56
42
57
60
43
36
36
36
37
37
25
19
17
17
16
17
18
22

