26
29
32
46
54
55
57
57
59
62
68
66
61
64
70
55
65
49
37
33
33
30
16
4
19
20
13
4
0
11
19
27
31
39
48
56
68
87
99
91
82
77
62
50
52
52
58
37
36
37
36
37
31
31
23
13
10
10
11
9
9
11
19
27
30
31
38
44
49
58
60
67
66
55
45
73
69
78
45
55
51
41
41
43
46
27
11
45
44
22
0
17
25
33
35
35
34
37
44
49
54
55
65
64
70
69
75
53
51
62
72
67
51
43
42
48
35
31
29
24
21
21
19
19
13
17
19
25
29
36
62
65
80
100
114
117
125
130
117
109
106
105
100
90
67
48
96
209
195
129
62
14
14
27
29
29
33
34
36
40

