46
49
64
88
109
127
141
135
134
129
135
124
117
104
102
85
49
11
141
240
212
129
41
0
12
19
27
31
33
37
38
49
56
69
86
108
114
106
106
108
125
120
108
103
95
63
60
36
80
176
178
117
45
1
16
19
27
31
33
36
38
41
48
52
68
91
108
111
113
106
109
112
119
110
104
83
65
72
51
34
146
179
129
44
0
11
20
27
31
33
37
38
38
41
41
46
59
62
58
52
50
77
62
64
72
63
45
52
55
46
39
10
21
7
9
19
24
29
33
35
37
38
40
41
42
46
50
53
59
50
62
62
45
46
49
56
54
56
55
53
38
40
25
5
10
18
21
25
30
33
35
37
38
38
38
40
41
48
45
58

