61
55
66
52
60
54
50
45
50
66
46
49
49
45
41
27
28
30
29
31
31
32
33
33
33
33
34
34
34
36
44
49
66
91
116
130
127
128
121
110
99
100
106
83
74
70
57
168
186
143
77
25
4
21
30
34
32
33
36
36
37
43
58
72
104
126
140
157
160
148
135
122
121
119
100
71
67
56
128
258
248
168
83
17
13
23
25
31
34
37
48
75
83
119
168
259
379
397
346
301
246
193
154
98
83
100
96
141
175
161
112
8
77
86
172
297
281
291
221
116
62
25
2
4
17
21
15
21
23
27
35
36
36
27
27
33
55
152
315
481
614
594
468
150
26
19
19
19
18
19
19
20
21
21
23
23
24
25
25
25

