183
259
130
17
12
23
29
31
33
34
36
37
39
49
86
94
97
101
103
105
106
122
140
127
121
123
93
77
50
133
52
44
42
37
30
23
15
9
1
3
11
25
37
67
88
111
125
135
143
140
133
130
127
119
111
101
41
134
241
263
197
88
9
16
28
33
35
37
40
58
111
101
93
88
89
96
95
101
98
95
104
106
1
193
259
134
15
12
25
30
33
34
36
38
38
41
62
112
140
115
91
95
95
103
98
106
114
87
68
49
172
204
150
46
7
23
29
33
36
37
38
38
40
40
40
41
45
68
82
73
74
69
55
68
80
78
80
72
67
54
1
58
88
48
4
23
29
33
36
37
38
39
40
40
41
41
42
60
74
72

