38
29
21
9
9
14
26
31
33
35
37
38
39
39
41
48
54
56
59
58
53
50
50
65
83
88
80
70
68
76
65
64
54
9
33
37
0
27
33
33
34
36
37
38
38
39
42
54
69
72
78
92
133
175
203
209
173
135
80
2
17
23
15
12
7
0
7
20
27
31
33
34
36
37
51
61
64
64
59
56
64
76
72
72
78
69
69
75
84
26
9
5
5
8
22
27
31
31
32
33
33
34
40
64
72
72
78
80
72
64
59
70
84
91
90
80
68
17
24
14
10
9
3
12
25
29
31
32
33
33
33
34
34
37
52
60
63
60
49
50
49
48
47
46
45
44
41
41
40
5
44
59
36
3
21
27
31
33
33
34

