114
181
246
289
264
228
208
157
125
120
175
155
2
295
388
446
443
380
206
38
3
17
29
34
37
41
50
73
86
100
108
136
213
267
282
240
181
126
97
16
95
52
49
52
39
9
13
23
28
33
65
81
81
104
137
181
202
211
238
282
250
128
5
72
72
32
25
21
10
8
18
25
28
29
31
33
58
86
83
74
70
65
68
77
69
73
50
55
55
61
173
203
76
6
11
19
24
27
28
29
31
32
32
33
34
42
64
70
58
55
55
56
55
51
49
49
41
38
13
12
41
23
4
10
21
25
29
31
32
32
33
33
34
34
34
35
37
38
40
38
38
40
41
42
40
39
37
36
36
32
33
32
32
33
33
34
34
34
34
35

