600
257
49
146
639
729
720
696
656
576
485
341
14
218
385
577
635
633
453
130
33
8
27
36
41
45
50
59
136
129
155
196
246
246
278
282
259
242
87
176
299
322
262
125
21
10
24
33
37
41
42
44
44
45
45
46
46
46
46
46
47
47
47
47
48
49
75
128
127
132
135
116
100
90
79
70
7
150
140
17
15
27
34
37
40
41
42
42
44
44
45
45
45
45
45
46
45
45
45
45
46
46
46
48
52
59
51
54
62
69
72
73
72
71
56
54
47
23
34
21
23
32
37
40
41
42
43
44
44
45
45
45
45
45
45
45
45
45
45
45
45
45
46
48
48
49
49
48
48
49
49
48
46
45
45
44
38
25
31
40

