36
37
40
42
49
59
72
80
84
77
72
72
71
70
67
62
56
50
48
108
365
193
29
11
27
33
37
40
41
42
44
47
50
49
49
49
49
48
48
48
49
49
49
47
46
46
46
17
11
23
35
38
41
41
42
42
44
44
44
45
45
46
45
45
46
48
47
46
46
46
46
46
46
46
46
45
45
45
35
17
33
39
41
42
42
42
43
44
44
45
51
54
51
52
51
51
49
48
45
45
45
45
45
46
45
45
45
45
6
13
32
37
38
40
41
41
41
44
47
51
51
51
51
48
45
45
45
45
51
49
46
46
46
46
46
49
48
45
45
32
19
12
31
36
38
40
40
41
41
41
42
44
44
44
45
45
45
45
45
46

