45
45
45
45
45
49
49
45
45
45
44
15
20
34
38
40
40
40
41
43
46
49
46
44
45
45
44
45
47
46
49
53
48
45
46
45
46
45
45
31
2
27
36
37
39
40
41
41
41
41
43
46
48
49
50
51
51
52
49
45
47
90
128
157
155
155
133
85
1
189
335
237
34
11
27
34
38
41
41
44
46
89
164
238
280
264
227
192
185
157
152
146
21
124
301
595
572
207
25
17
33
41
44
45
46
49
51
60
64
68
74
71
65
64
69
71
70
75
74
65
59
59
38
178
272
74
3
25
34
39
41
44
44
45
46
48
49
60
69
67
62
57
55
55
55
54
52
55
52
50
53
34
93
1
25
34
39
41
44
45

