48
48
48
48
48
48
48
48
48
48
48
47
45
8
23
36
40
42
44
44
45
48
49
49
49
47
46
48
48
49
49
54
90
107
111
109
114
123
123
101
16
197
496
576
336
66
3
27
37
42
46
49
51
54
67
68
72
77
79
88
163
221
197
185
161
144
130
7
161
379
402
170
72
110
157
16
31
140
338
443
448
428
397
333
274
218
19
77
104
183
185
145
62
11
29
37
42
45
48
50
55
101
106
95
89
101
110
112
121
116
109
97
61
378
496
341
63
5
26
37
41
45
46
49
50
51
51
51
52
53
55
64
59
59
57
56
55
56
54
53
53
52
52
52
50
21
0
29
44
48
49
50
50
50
51
51
51
51
51
51

