45
46
46
46
48
45
45
46
49
49
47
48
48
46
47
19
176
88
9
27
33
37
38
43
152
357
405
483
533
512
469
377
152
27
95
197
263
362
452
507
483
270
54
4
25
33
80
285
444
438
355
265
230
144
17
138
296
392
370
172
23
7
21
31
36
38
41
42
43
44
45
49
50
51
62
87
89
104
187
264
226
136
51
7
135
246
235
60
6
21
31
36
38
40
41
41
41
41
41
42
44
65
83
77
65
61
63
72
91
91
85
77
58
42
119
239
136
6
23
31
37
40
41
42
42
43
43
44
44
44
44
44
44
44
44
44
45
49
49
48
50
51
48
48
48
45
44
44
44
44
44
43
43
34
18
35
41
42
42
42

