32
36
38
40
37
52
58
39
25
18
10
4
2
6
17
15
15
19
23
23
23
21
25
27
25
24
25
26
25
27
25
29
28
27
27
29
28
28
29
29
30
30
29
29
29
29
29
29
30
31
29
29
31
31
29
30
29
32
31
30
31
33
38
42
38
36
35
41
74
104
139
153
170
182
168
147
128
110
52
3
34
72
98
85
69
43
24
10
1
10
17
25
26
26
27
29
29
31
41
73
94
101
122
170
217
234
238
223
224
229
223
208
182
109
6
33
78
131
169
182
166
144
109
72
46
23
6
7
15
23
56
104
130
145
160
170
184
187
186
191
185
171
157
108
22
8
62
119
157
171
154
127
76
41
21
6
3
10
15
19

