201
220
208
170
133
87
48
10
34
170
263
310
297
279
257
239
231
219
187
72
23
93
151
172
187
186
169
121
84
49
21
3
9
28
74
127
177
199
213
214
207
182
171
146
73
5
65
111
129
130
102
83
62
39
19
3
11
15
18
21
21
21
26
27
27
31
51
75
88
91
90
67
61
62
65
60
16
21
39
22
14
7
2
10
14
18
19
25
27
25
25
27
27
27
27
27
31
29
28
29
29
29
29
28
31
31
29
29
31
32
34
42
49
42
37
36
36
37
35
23
15
20
22
23
24
26
27
27
28
29
31
30
29
30
31
30
31
30
32
32
31
31
31
31
31
31
32
32
31
31
31
31
31
31
31
33
32
31
31
32

