31
31
31
33
33
32
32
32
32
31
32
32
33
33
32
32
32
32
32
32
33
33
32
33
34
36
35
34
34
45
89
112
141
175
187
182
142
141
162
188
150
49
25
88
112
129
100
65
38
17
5
11
19
22
25
28
29
30
42
65
72
88
114
145
146
132
121
119
159
192
197
188
177
167
107
6
46
95
144
167
173
139
104
71
36
10
8
37
93
170
208
213
206
202
208
209
187
170
155
125
31
40
112
128
143
136
122
109
93
72
33
10
2
11
20
28
50
64
56
60
66
72
73
74
70
63
68
65
63
12
48
73
59
27
11
0
10
17
21
25
25
31
31
31
31
32
31
32
33
40
45
41
40
41
41
41
41
41
40
38

