91
88
96
95
90
90
72
68
31
238
308
270
188
112
55
9
15
29
36
41
91
145
188
218
232
215
181
162
149
114
95
83
29
31
121
182
222
246
214
149
83
29
10
32
73
148
194
216
209
182
149
119
109
104
80
29
0
75
153
203
215
176
118
46
5
17
32
39
42
45
68
83
80
75
75
77
77
70
67
65
63
63
62
60
50
18
83
98
69
33
7
12
25
37
42
44
45
46
46
48
55
64
55
55
56
58
58
58
56
56
55
53
52
54
40
14
0
0
6
20
31
36
40
42
44
45
45
46
48
48
49
53
55
51
51
50
51
49
49
49
49
49
49
40
32
29
34
36
38
41
43
44
45
45
46
46
46
46
46
46

