2
10
29
37
41
44
45
45
46
46
50
60
63
62
65
63
61
59
57
55
54
55
55
55
55
54
52
50
37
23
58
46
21
0
21
33
39
42
45
45
46
47
49
49
55
57
59
60
60
56
54
51
54
51
55
55
54
55
55
50
49
48
29
14
29
19
0
20
29
35
40
42
44
45
46
48
48
49
53
55
56
59
58
54
51
51
51
52
54
55
55
52
51
52
49
48
44
8
23
14
2
14
27
35
40
42
44
46
46
47
49
49
49
49
51
50
50
51
49
49
50
51
51
51
50
49
48
48
49
30
8
10
21
29
34
38
41
42
44
46
47
47
50
51
51
54
55
53
50
50
49
50
48
49
48
49
49
48
47
47

