37
14
10
12
27
33
36
39
41
42
44
45
46
48
52
52
54
55
54
52
52
51
48
48
50
50
52
54
53
49
51
46
47
42
19
5
11
3
14
21
27
33
37
40
41
45
45
50
60
62
62
66
67
60
58
57
56
56
57
55
53
51
51
50
49
50
11
57
58
35
14
5
19
27
33
37
43
45
45
48
65
67
67
64
55
54
52
52
54
57
59
58
54
54
54
54
53
52
51
85
56
24
2
19
31
37
41
45
46
46
55
67
65
67
64
58
54
54
54
56
55
55
55
55
54
51
49
47
17
38
62
40
4
14
26
34
39
42
44
45
48
49
56
55
59
59
58
56
55
53
51
51
51
51
54
52
52
51
49
49

