50
50
51
51
49
49
40
6
17
10
4
15
24
31
36
42
44
45
46
47
55
58
57
56
52
55
53
52
53
52
53
51
49
50
51
51
49
49
48
23
19
27
12
2
15
25
33
41
43
44
45
46
46
51
58
55
57
56
52
53
54
55
53
51
51
49
50
50
49
48
47
31
3
13
1
10
21
29
34
40
44
45
45
46
46
51
55
54
55
54
51
52
52
52
55
55
50
51
54
51
52
51
51
50
48
41
10
41
33
12
5
17
32
38
41
43
45
45
45
46
52
55
57
61
59
57
56
56
52
51
53
52
52
54
55
54
51
49
48
20
37
50
29
1
21
29
34
38
41
42
44
46
51
55
56
58
58
56
58
51

