59
56
52
55
55
57
56
56
55
52
51
51
50
48
46
25
19
29
4
10
20
28
33
37
41
42
46
47
47
49
57
56
61
61
57
54
55
55
56
54
54
55
52
50
51
49
48
46
21
27
23
9
6
19
29
34
38
43
45
45
46
48
55
56
59
56
52
55
52
55
57
51
50
48
49
49
50
49
49
48
46
21
25
19
1
13
23
29
40
43
44
45
46
47
51
54
52
53
54
55
59
58
52
52
51
53
50
48
47
47
47
47
32
10
10
20
27
31
39
42
42
43
44
44
45
46
49
49
48
49
49
50
49
48
48
48
48
48
48
48
48
48
48
47
46
46
45
38
29
31
33
36
37
38
40
41
44
46
54
53

