56
59
58
55
53
52
51
51
51
52
53
51
50
49
47
45
46
10
51
26
6
10
21
30
34
38
42
45
51
56
58
56
52
52
52
51
51
51
52
53
54
54
53
51
50
48
56
10
62
55
30
5
22
31
37
41
41
42
42
46
58
69
66
68
65
62
65
66
64
69
84
95
96
91
84
70
60
37
100
170
147
93
31
4
23
34
41
43
44
45
48
62
95
82
88
94
94
90
79
80
88
72
80
75
69
59
59
20
166
191
136
75
16
11
27
37
42
45
45
49
50
54
80
77
77
72
70
67
60
60
64
65
64
64
63
59
53
52
36
91
78
42
5
20
31
38
43
45
46
48
49
50
55
69
69
75
73
70
70
62

