52
53
56
55
53
51
51
51
52
54
54
54
55
52
51
49
47
47
47
10
28
10
5
16
25
33
37
41
42
45
46
48
52
52
56
53
52
52
51
51
50
51
51
52
53
53
50
50
49
47
47
46
10
31
15
0
11
23
32
36
40
41
45
46
49
54
53
56
53
56
52
50
50
49
50
51
51
52
50
48
47
47
47
4
25
16
8
21
29
35
40
41
44
45
48
52
62
58
60
59
55
55
55
51
52
53
56
56
57
55
51
49
47
46
46
34
67
43
3
14
25
32
36
39
41
42
46
52
58
57
59
59
56
59
56
54
55
55
56
55
55
55
54
52
48
46
43
16
50
38
13
13
25
31
36
39
41
43
44
47

