48
49
49
49
41
7
37
24
8
24
31
37
41
42
45
46
55
52
54
54
50
50
50
50
51
50
49
49
49
49
49
48
48
48
48
45
11
4
11
21
28
37
41
43
45
46
46
50
59
59
57
55
56
51
51
52
59
51
54
51
54
50
50
51
50
48
46
29
6
12
5
7
18
32
37
40
42
44
44
45
46
48
51
51
55
56
56
54
55
58
55
54
52
53
55
52
49
51
48
48
45
14
23
23
10
4
23
33
37
41
43
44
45
46
48
50
55
52
55
56
55
57
60
53
55
52
50
50
55
55
48
49
46
12
21
27
14
1
14
31
38
41
44
45
45
46
51
56
57
58
55
59
59
57
59
50
49
58
58
49

