29
35
39
42
45
47
48
59
64
65
67
67
61
55
53
64
85
65
61
61
62
60
54
46
34
111
95
55
13
12
25
34
40
42
45
45
49
64
69
63
64
60
55
52
59
80
67
57
55
54
55
51
50
49
38
23
72
65
36
11
16
30
36
41
44
45
47
48
52
58
55
59
59
60
58
72
61
55
54
54
55
50
55
56
55
50
49
45
10
51
35
10
17
31
35
39
42
43
45
45
47
49
50
52
52
55
58
59
59
52
51
52
50
53
52
54
50
49
50
49
49
47
27
10
12
10
24
31
36
39
41
43
44
47
48
51
51
54
52
52
55
52
52
51
53
54
49
48
48
48
48
48
48
37
11
10
15
27
36
39

