41
43
44
45
45
49
50
51
51
54
51
51
52
52
50
49
51
50
48
48
48
46
31
9
11
19
27
33
36
42
44
45
45
46
50
54
55
53
49
49
51
52
54
53
54
48
49
48
51
51
50
52
50
49
29
14
27
11
3
17
28
38
41
43
44
45
45
47
54
52
54
55
52
53
52
56
54
50
49
50
51
53
53
54
56
52
48
46
37
49
72
48
10
11
23
32
37
41
43
44
47
49
59
60
62
60
58
58
53
54
52
53
51
51
56
51
49
48
48
48
3
57
51
12
12
25
32
37
40
42
44
47
53
55
58
58
55
54
56
55
49
53
51
49
52
55
53
51
49
49
46
10
41
38
17
14
28
33
38
41

