42
44
45
45
48
49
51
51
52
52
53
52
51
49
50
50
52
50
50
50
49
49
48
41
11
4
13
24
37
41
43
45
45
45
46
46
49
50
50
51
49
50
50
49
48
48
48
48
48
48
48
48
48
48
48
48
48
37
20
19
29
33
37
40
41
42
44
44
46
46
47
49
49
49
49
50
49
49
49
49
49
49
49
49
49
48
47
46
47
47
38
21
17
27
31
33
36
38
40
41
43
49
51
54
54
55
51
52
55
52
51
49
51
48
47
48
46
46
46
46
17
11
7
4
13
28
36
38
40
42
44
49
64
59
59
56
55
55
52
58
55
51
51
51
49
51
49
47
46
46
42
13
44
29
10
7
23
31
35
37

