40
41
45
57
55
55
53
51
55
49
51
48
54
47
47
46
46
46
48
46
52
49
50
23
50
64
42
10
17
29
34
40
41
42
42
47
67
73
72
77
77
64
63
62
70
72
72
72
74
72
69
62
1
135
171
127
67
21
12
30
37
42
45
45
46
46
49
68
78
74
75
72
70
72
73
66
67
64
67
67
65
60
56
64
32
128
125
80
37
3
26
36
41
45
46
48
48
51
63
70
67
69
67
70
70
67
60
58
63
63
64
61
58
55
40
16
68
66
37
11
7
23
36
40
44
46
47
48
49
55
55
56
56
55
60
61
62
53
50
49
49
49
49
49
49
49
49
49
49
41
24
19
21
26
34
37
39
41
42
44

