45
47
49
48
49
50
58
61
61
63
58
63
62
59
59
61
59
49
53
50
49
49
41
11
17
14
2
13
23
31
36
40
42
45
47
47
48
49
50
56
56
59
56
55
54
55
55
52
54
53
50
49
48
48
46
31
7
4
14
27
32
36
39
41
42
44
45
47
48
50
51
52
55
56
56
55
55
55
52
54
51
55
54
55
55
50
48
47
44
17
23
24
1
17
27
32
37
38
41
42
44
46
47
50
52
54
57
57
59
55
52
51
49
51
51
51
49
48
48
47
44
23
7
5
4
17
31
37
40
42
44
45
46
51
52
54
55
56
50
52
55
60
58
51
49
49
47
47
48
43
27
1
5
3
14
23
29
34
43
47

