45
45
46
46
49
51
51
51
51
51
51
50
51
49
49
51
49
48
48
49
49
49
48
47
41
23
10
11
18
24
29
33
38
42
43
44
45
45
46
51
52
52
52
51
52
52
52
52
54
52
50
55
51
49
50
48
46
45
31
3
5
5
14
22
29
33
41
42
43
44
45
45
45
48
51
50
51
51
54
55
52
47
49
49
48
49
52
59
49
47
55
50
47
41
12
32
27
5
11
27
33
36
39
41
42
44
45
47
52
52
55
54
57
54
52
49
50
51
49
55
47
46
46
49
47
46
44
27
24
23
9
21
27
32
36
38
40
42
49
52
55
55
58
52
54
55
53
53
51
51
49
49
54
51
49
47
36
15
43
30

