10
17
29
33
37
40
41
42
45
49
51
51
51
50
51
50
49
49
48
48
50
52
47
47
47
47
47
47
46
29
10
10
21
31
34
37
38
40
41
41
44
49
50
50
50
50
49
49
49
49
49
49
49
49
50
50
49
46
46
46
46
46
17
2
8
21
27
31
34
37
38
40
42
47
49
51
48
51
51
55
50
54
48
48
52
52
50
52
48
46
46
46
46
10
20
25
9
12
23
31
36
39
41
42
44
46
51
51
54
54
51
52
54
48
48
50
49
48
47
49
49
51
47
46
46
38
16
39
14
6
19
28
34
38
41
42
45
48
58
71
75
80
78
77
72
69
70
69
70
67
64
52
47
49
20
103
128
95
54
5

