47
50
50
51
54
54
52
51
51
49
51
55
55
56
53
55
52
49
47
46
31
17
6
6
16
26
33
36
39
41
45
46
51
51
53
51
50
50
48
48
48
48
48
48
48
51
49
48
48
47
46
23
7
21
29
33
37
39
40
41
42
45
49
50
52
55
50
51
50
50
50
49
52
49
52
57
48
47
46
46
46
46
6
9
6
14
23
29
33
36
38
42
46
50
51
55
55
53
59
60
55
58
54
51
59
56
50
48
46
48
48
45
8
75
55
25
4
13
25
31
36
40
44
46
55
56
60
60
57
59
54
55
55
55
55
52
52
48
47
47
47
41
39
55
19
5
19
29
35
38
41
43
46
51
52
55
53
59
57
56

