53
50
49
52
50
49
49
48
49
49
48
49
48
47
51
47
47
47
45
2
7
0
9
27
33
36
38
41
42
44
45
49
51
52
54
57
54
57
55
51
51
50
48
47
47
47
47
48
46
46
46
46
46
6
23
13
0
12
23
31
35
41
44
45
46
55
72
69
68
62
58
58
59
60
59
55
53
53
52
51
49
50
20
40
50
34
11
8
23
31
36
41
44
45
45
48
56
58
61
59
57
51
51
52
55
58
55
61
50
49
49
47
47
47
0
29
10
3
14
25
31
34
38
40
45
48
59
64
73
93
101
93
77
67
56
55
56
53
55
47
46
46
46
3
117
133
88
41
2
20
29
34
38
41
42
44
46
49
53
54

