111
228
254
240
198
137
51
3
11
28
116
343
339
393
382
260
153
33
33
120
187
222
177
111
42
1
21
33
43
72
181
238
234
228
219
205
196
172
145
93
295
309
225
119
43
1
23
36
41
42
44
45
44
45
46
67
84
77
82
91
106
103
95
92
90
87
80
78
78
32
155
144
90
33
4
25
34
40
41
45
45
45
45
45
45
45
46
55
72
65
71
70
67
72
71
91
74
55
55
55
55
31
36
65
51
23
10
25
34
40
42
44
45
45
46
46
45
48
59
61
59
63
62
59
58
58
58
59
62
59
54
50
10
25
28
9
9
21
31
37
42
44
45
45
45
45
45
45
45
47
51
55
51
52
53
52
52
50
49
48

