56
60
64
62
59
58
55
61
53
51
47
49
14
67
63
37
7
12
25
32
37
41
44
49
54
54
56
55
53
55
54
52
53
53
54
55
55
54
49
45
49
10
21
19
3
13
29
35
38
41
42
43
45
53
51
52
54
57
54
55
56
56
55
53
52
54
55
55
51
49
49
0
34
28
9
10
23
34
40
42
44
45
45
55
68
59
55
52
55
50
50
51
52
51
51
51
48
51
46
45
45
36
4
10
2
15
24
31
34
41
42
44
44
45
45
49
51
51
51
51
49
51
52
51
51
54
47
46
46
45
45
46
41
28
9
11
19
27
33
37
40
41
44
45
45
45
51
52
54
58
59
55
56
51
64
59
59
63
64
60

