24
17
9
23
31
37
40
41
44
45
46
48
54
55
56
59
59
54
58
51
56
54
56
56
56
51
55
48
46
46
23
30
29
11
6
27
34
38
41
43
44
45
45
50
55
55
55
54
50
51
55
58
56
57
55
52
56
52
55
49
46
44
25
15
23
8
9
27
36
38
41
42
43
44
45
50
52
54
56
56
64
64
62
56
57
54
51
58
54
51
49
46
46
39
9
37
25
6
14
31
35
38
41
42
44
44
49
53
55
56
53
54
55
57
59
51
49
51
52
52
55
52
46
46
45
46
36
4
13
2
16
25
31
36
38
41
41
45
49
52
52
55
55
54
62
49
52
51
59
60
50
50
48
45
45
45
41
0
19
11

