17
27
34
39
42
44
45
48
48
49
55
55
57
57
58
55
54
52
52
52
53
51
49
49
49
37
15
6
9
14
21
30
33
32
36
43
48
49
62
70
66
71
72
73
72
65
62
52
55
56
55
53
51
49
49
15
44
58
37
12
7
28
36
40
43
45
45
45
48
53
58
61
64
55
56
55
54
60
54
63
49
51
62
51
50
49
49
41
10
60
40
3
16
27
36
40
42
44
46
48
52
56
59
59
59
51
55
51
54
58
51
49
62
49
58
56
48
48
48
41
0
9
2
12
21
27
33
37
39
41
43
46
48
56
59
63
62
56
61
51
55
51
55
48
48
48
55
52
50
48
46
37
27
43
22
6
23
31
37
41

