42
44
45
46
48
48
49
53
54
58
59
59
55
51
54
55
52
50
54
54
50
51
48
47
47
47
47
19
17
18
1
16
23
30
33
39
43
44
45
50
61
60
60
59
55
55
51
54
53
55
53
51
50
51
49
49
48
16
41
37
12
4
25
36
38
41
42
45
46
47
51
53
57
60
58
64
53
54
55
51
48
47
47
47
47
47
47
47
47
30
7
7
21
28
32
36
38
40
41
42
45
51
51
52
55
56
52
55
56
48
46
47
50
50
51
51
51
49
47
45
37
4
22
13
7
23
30
34
38
40
42
44
47
54
52
52
55
49
48
51
49
51
49
51
51
50
51
54
49
51
49
47
46
37
6
18
8
10
21
29

