34
37
39
41
43
46
51
51
51
52
53
53
49
50
50
51
49
49
50
50
50
49
50
49
47
45
21
15
21
7
21
29
34
37
40
41
42
45
51
53
55
52
53
54
52
55
48
46
56
56
52
51
49
56
53
48
46
46
37
15
31
16
3
15
25
32
36
38
40
43
46
55
58
58
59
54
58
55
51
49
50
50
51
56
54
50
55
51
49
46
46
32
61
64
21
2
16
27
31
34
37
41
45
55
63
64
59
61
64
58
56
55
59
56
51
56
54
54
55
0
44
37
15
7
21
33
39
41
42
44
42
42
48
77
79
80
77
76
72
75
69
64
63
72
80
80
77
75
80
93
192
155
84
29
5
27
38
42
45
46

