46
46
46
51
80
107
95
96
93
91
83
78
73
62
56
53
51
53
9
83
152
135
80
31
0
19
36
42
45
46
48
48
49
55
79
74
73
72
68
70
75
70
72
67
67
53
49
49
49
17
72
78
52
23
2
20
31
37
41
46
48
49
49
55
65
65
69
67
61
60
59
63
64
59
54
57
59
50
50
48
21
55
69
42
1
19
29
36
41
44
46
47
49
49
49
50
50
55
58
62
64
62
60
55
59
63
53
64
59
55
52
50
49
50
47
25
50
39
17
2
20
32
37
41
44
48
48
48
49
49
51
59
58
58
56
59
63
68
51
56
55
49
49
49
52
52
51
50
49
31
3
17
10
5
18
28
35
44
46
46

