76
19
9
25
32
36
37
38
60
69
67
72
71
73
84
91
98
99
114
130
154
170
171
120
8
72
155
158
136
108
51
4
13
33
76
176
297
326
271
197
143
111
64
17
41
114
181
185
142
90
41
2
17
46
131
191
260
280
232
161
112
99
71
2
51
98
119
115
83
46
15
5
23
31
34
37
45
69
77
65
64
54
62
56
55
56
56
52
48
40
9
11
12
8
5
19
27
31
34
36
37
37
37
40
50
54
49
49
46
51
49
46
44
42
42
42
41
41
38
21
12
17
23
27
31
33
35
36
37
37
38
39
38
41
45
44
42
42
42
42
42
43
44
43
42
42
41
41
41
33
26
25
27
29
32
34
35
38
38
38

