98
80
78
21
128
143
95
48
5
17
27
31
31
31
33
49
100
91
93
94
111
149
192
215
187
157
137
114
77
9
112
199
199
169
106
51
7
21
72
220
335
324
253
201
152
106
86
33
59
154
226
245
198
111
39
0
30
140
281
307
253
207
182
164
124
34
31
80
138
187
176
135
85
39
1
21
32
62
109
95
95
88
90
92
103
100
101
124
127
119
63
23
85
126
130
93
45
11
10
22
33
37
38
39
40
49
77
100
90
77
80
71
71
70
69
69
61
57
29
20
41
41
25
10
12
25
30
34
37
37
38
39
39
41
41
50
54
50
52
51
51
45
53
46
51
50
49
50
49
33
21
23
23
25
29
33
34
36
37
38

