98
108
150
192
209
195
150
106
85
32
50
152
208
196
152
91
32
3
23
33
41
49
91
143
159
154
147
116
103
100
93
83
77
67
85
201
196
121
54
9
14
31
40
42
45
45
45
49
70
72
67
61
67
69
60
63
78
59
64
52
59
49
49
27
20
48
32
12
6
21
31
37
41
42
45
46
45
46
50
60
59
63
66
63
60
59
58
55
54
52
50
48
48
33
11
0
4
12
21
29
37
41
42
44
45
45
45
45
45
49
51
50
50
52
54
55
54
53
51
50
50
50
49
48
46
46
38
32
25
27
30
33
36
38
40
44
44
44
45
45
45
48
49
47
46
46
46
46
46
46
48
47
46
46
45
45
45
41
37
37

