40
41
45
50
49
50
50
49
49
46
46
48
48
46
45
45
45
45
45
45
45
45
45
45
45
44
34
22
27
31
33
35
37
38
40
41
42
46
49
51
51
50
49
49
47
47
47
48
48
48
48
47
46
45
45
44
37
7
2
11
23
28
32
34
36
38
40
42
47
50
52
51
55
55
51
50
48
49
49
49
45
45
45
44
44
44
44
44
44
44
44
44
44
44
44
44
44
44
44
44
44
44
45
57
53
49
48
48
48
48
49
48
47
45
44
43
43
43
36
33
33
31
19
10
6
10
15
17
23
29
47
61
56
50
52
52
49
44
44
44
44
44
44
49
46
45
44
41
31
25
14
6
19
28
31
33
33
34
33
36

