29
34
38
41
41
41
42
55
96
95
96
93
86
77
74
73
79
82
78
64
56
55
52
41
67
153
139
88
27
3
21
31
36
39
41
44
45
64
83
80
70
64
61
63
63
62
60
64
55
70
70
61
45
45
10
75
95
64
20
10
27
36
41
42
44
42
45
46
62
96
96
96
86
78
72
69
69
71
53
72
72
49
45
45
23
61
93
78
51
10
12
25
33
38
41
42
42
45
46
50
59
59
62
72
61
60
60
62
55
49
55
56
55
53
49
46
42
16
56
68
41
5
14
26
33
37
40
42
44
45
45
46
49
65
66
73
73
64
59
55
55
54
54
53
51
49
49
41
7
48
34
11
13
29
35
40
42
44
45
47

