88
65
19
9
25
33
37
39
42
44
53
67
65
65
62
60
64
67
63
56
52
56
56
51
67
63
56
20
51
65
36
4
17
29
40
43
45
45
45
45
46
47
63
77
74
80
75
75
74
73
66
77
74
62
46
50
49
46
7
85
98
55
11
11
25
33
40
44
45
45
46
46
47
53
59
59
61
52
60
63
58
54
53
51
50
49
49
48
47
47
46
13
3
1
7
17
25
30
34
39
42
44
45
52
55
55
57
59
58
56
60
54
62
59
57
55
50
49
43
0
35
28
7
10
29
36
39
42
44
44
45
46
46
48
50
50
51
54
56
55
49
48
48
48
48
48
48
47
47
47
47
47
47
46
27
18
27
31
33
37

