8
8
13
20
25
30
33
38
41
42
49
51
53
53
55
51
51
50
50
50
51
50
50
50
49
48
45
45
45
45
28
2
1
8
14
21
25
29
33
34
39
41
42
44
51
55
58
55
53
51
50
52
50
49
49
49
48
46
45
45
45
45
45
24
13
19
25
30
33
36
37
38
41
44
50
56
58
52
51
51
49
48
53
51
49
49
49
46
45
45
45
36
2
6
0
10
24
30
34
37
38
39
44
55
53
54
55
51
49
48
49
48
46
46
46
47
46
49
49
46
45
45
44
15
21
6
3
23
29
33
37
40
41
41
43
45
49
51
55
58
50
52
53
54
50
49
49
50
50
49
46
45
45
44
33
20
20
24
29
31

