33
37
37
38
40
42
46
49
49
49
48
48
48
47
46
46
47
48
49
48
47
47
46
45
45
45
45
45
18
9
11
16
21
26
29
32
36
40
41
41
49
49
49
50
52
55
52
54
49
46
45
45
45
45
45
45
45
45
45
45
45
21
22
25
28
31
32
33
37
41
41
41
41
42
42
44
52
68
85
112
133
116
125
161
167
138
116
108
91
41
28
78
125
136
108
63
21
4
27
36
40
42
44
44
47
77
103
94
93
101
106
108
100
100
108
107
95
88
79
166
143
77
24
8
25
32
40
42
42
43
44
44
55
90
88
82
75
73
64
67
69
66
75
64
55
49
46
21
53
102
90
43
10
13
27
34
37
40
41
44

