45
45
55
60
66
70
67
55
50
60
47
52
56
59
61
56
48
45
41
14
21
32
25
8
6
24
32
36
39
41
42
43
43
45
45
46
50
51
54
59
56
49
50
51
50
50
50
50
49
49
48
45
45
44
41
31
1
1
8
23
29
33
36
38
39
41
41
43
45
45
49
50
51
52
54
52
49
45
45
45
45
45
45
45
45
45
45
45
45
45
34
17
21
27
30
33
36
37
39
40
42
44
46
49
50
49
47
46
45
45
46
51
50
53
51
52
50
48
48
48
34
8
21
1
10
19
27
33
36
38
41
43
44
45
51
53
55
58
56
54
52
51
52
51
51
50
49
48
46
45
45
44
35
6
3
10
19
26
30
33

