41
42
47
52
55
57
58
52
52
50
50
51
51
51
51
51
51
51
48
45
45
45
44
21
8
2
12
21
25
29
33
35
37
38
41
44
49
49
50
51
51
51
49
49
49
49
51
51
50
51
49
46
45
42
23
1
6
17
27
34
37
38
40
41
41
42
42
44
44
47
50
51
55
54
51
50
49
49
49
47
47
50
50
49
49
46
45
31
4
10
7
23
29
32
33
36
37
38
41
45
49
49
50
50
49
47
46
46
46
48
48
49
50
51
49
48
47
45
45
37
2
4
24
25
23
27
31
33
36
40
43
54
54
56
55
51
50
51
53
54
55
52
51
51
49
48
45
45
45
40
30
22
14
17
21
24
29
34
36
37

