40
41
45
46
52
59
63
63
63
59
56
54
52
62
59
59
57
50
51
46
47
49
19
45
59
15
10
23
31
34
37
41
44
45
48
50
50
52
50
51
52
49
50
51
50
51
50
49
49
59
75
101
27
75
75
26
11
28
37
41
44
45
46
46
47
67
115
168
256
342
318
221
128
99
88
98
54
33
154
215
203
142
77
16
15
31
38
42
42
42
45
45
44
45
55
83
85
70
59
48
46
46
46
45
46
45
45
45
51
50
50
29
7
9
3
15
25
32
37
41
42
43
44
44
44
45
47
61
68
72
77
69
55
54
53
51
49
50
51
45
44
44
46
27
5
8
5
20
30
36
39
41
43
44
44
44
44
44
45
62

