74
69
71
70
64
62
58
62
60
58
54
52
49
46
47
10
31
27
15
3
11
22
29
34
37
41
42
43
44
44
44
46
59
60
59
53
49
46
47
49
55
52
50
48
47
48
47
48
45
44
42
28
0
5
2
10
19
27
31
38
41
41
42
43
43
45
55
55
55
51
55
50
48
56
49
51
46
56
56
49
45
64
59
49
45
34
9
34
27
12
3
18
31
35
38
40
41
42
42
45
49
52
57
59
52
55
51
52
50
50
51
51
51
45
44
44
44
44
44
38
7
3
8
21
27
31
33
35
37
39
41
49
51
52
57
47
54
54
54
58
54
52
52
52
50
49
49
46
44
44
43
31
26
35
17
10
21
27
31
35

