33
37
40
41
43
44
48
50
50
52
54
54
52
51
51
51
50
50
49
49
49
48
47
47
47
42
34
40
42
42
44
44
44
44
44
45
44
45
45
47
51
57
58
60
56
52
49
48
47
48
49
49
48
46
46
46
45
46
45
45
45
45
45
45
45
45
44
44
44
44
44
45
46
48
52
55
51
49
46
46
46
46
45
46
45
45
45
45
45
45
45
44
34
36
37
36
36
37
37
38
38
40
40
41
41
41
45
49
49
49
47
45
45
45
45
45
45
45
45
45
45
45
45
45
45
44
33
13
10
15
24
30
33
34
38
40
40
45
47
48
48
48
46
46
45
46
46
46
46
46
45
45
45
45
45
45
35
20
25
31

