37
38
38
40
41
45
46
48
51
50
51
50
48
45
48
45
45
45
44
44
44
44
44
44
44
38
32
28
28
29
31
33
34
36
37
39
40
46
50
54
51
46
45
44
44
44
44
44
44
44
44
44
44
44
44
44
44
44
33
35
37
37
38
38
38
39
40
41
41
44
46
47
51
51
46
44
44
43
44
49
45
44
43
43
43
43
43
43
43
43
43
43
34
27
27
30
31
33
35
37
38
38
40
45
49
58
57
51
47
47
47
46
46
45
48
46
43
42
43
43
42
42
42
1
8
11
17
22
28
32
36
38
40
40
40
41
42
51
58
52
51
51
48
45
44
51
49
44
43
44
45
45
43
42
43
43
23
13
16
12

