1
10
25
31
34
37
37
37
38
41
50
52
55
52
51
51
50
47
50
54
60
83
98
131
203
24
103
112
77
39
9
13
33
40
41
38
42
45
100
277
368
343
405
534
512
388
341
629
779
724
691
679
372
206
329
464
466
493
380
428
517
549
363
197
110
31
6
22
31
8
8
31
41
75
254
563
559
438
290
127
20
98
160
228
235
206
182
162
122
74
17
20
185
459
464
354
467
363
296
138
24
148
251
268
249
193
127
74
31
1
14
27
58
221
395
471
408
339
248
104
6
98
204
223
211
204
173
104
59
21
2
17
21
31
31
31
32
33
55
162
206
211
223
213
203
201
83
21
72
124
139
129
93
75
43
14
4
11
29
31

