37
34
27
25
23
25
24
25
24
24
24
24
26
27
29
30
31
32
32
32
31
29
27
27
27
29
29
31
34
37
35
37
38
40
41
40
40
28
0
89
145
98
2
14
5
34
77
82
64
91
84
51
14
12
27
30
54
269
404
474
597
679
526
444
376
329
413
621
667
702
551
160
67
206
318
216
175
178
169
175
199
185
178
161
154
150
278
292
191
116
42
19
10
18
21
30
38
65
94
136
201
261
325
358
320
282
228
147
49
41
116
159
166
135
112
93
67
34
2
29
24
17
17
15
31
44
56
78
86
95
124
136
151
170
170
157
143
118
103
72
13
19
46
86
104
93
88
83
62
55
49
36
32
28
10
10
12
15
23
26

