27
33
36
47
72
98
119
130
147
150
146
160
154
137
111
72
15
46
72
93
87
75
55
37
31
19
8
1
12
15
27
28
26
29
31
34
36
55
78
99
134
172
187
187
179
174
155
124
86
19
49
101
119
100
79
55
39
25
8
1
15
21
19
21
26
28
31
31
37
40
35
33
33
33
34
40
48
46
48
59
71
91
103
124
130
119
116
105
63
19
12
37
50
47
33
26
18
10
4
14
14
17
21
23
27
27
33
34
34
37
42
45
53
65
74
64
45
34
31
45
83
177
230
198
202
148
56
51
52
49
13
5
7
25
28
27
27
28
27
10
0
16
27
28
29
26
27
27
27
28
11
27
18
59
35
44
41
22
5
6

