25
26
27
29
28
27
27
28
29
29
33
41
59
88
119
157
175
198
204
187
180
182
165
138
116
73
10
41
76
93
102
82
64
51
34
22
11
6
4
12
12
14
19
20
21
24
27
25
24
25
25
26
27
29
29
31
40
54
73
94
128
147
160
166
165
156
154
152
139
124
120
106
81
38
6
31
80
89
91
86
74
59
36
24
16
6
1
5
7
13
17
15
17
20
21
25
26
29
29
27
27
25
27
29
29
27
25
27
18
25
29
30
28
20
29
31
31
31
31
31
31
31
22
20
25
27
29
29
31
42
74
106
146
156
149
149
138
161
165
136
87
51
23
17
23
24
25
25
25
24
7
41
48
64
68
69
63
51
28
12

