3
5
14
21
24
24
27
29
36
64
104
169
215
239
274
300
302
281
240
187
138
92
23
20
45
65
88
101
101
100
92
80
52
33
19
8
1
10
13
19
21
23
25
27
29
39
64
101
123
140
157
170
167
155
131
85
25
10
44
69
77
52
40
29
18
8
3
10
17
20
21
23
25
25
25
26
27
27
27
27
27
28
28
28
29
29
30
31
33
34
33
31
29
27
27
27
27
27
27
29
29
29
29
29
29
29
29
30
31
31
31
31
31
31
31
32
34
41
52
72
94
105
96
82
90
101
101
85
65
34
22
23
27
26
25
24
27
27
27
28
29
29
29
29
29
30
30
29
29
29
29
29
27
23
19
17
17
11
0
5

