41
42
45
49
51
54
52
52
55
53
49
26
2
6
0
14
25
29
31
32
33
33
35
55
113
178
208
227
228
237
230
234
239
237
228
217
222
208
176
129
43
4
72
143
218
244
229
206
170
128
88
44
9
10
36
106
197
259
300
333
334
315
305
276
214
52
27
37
50
53
61
4
23
24
24
25
25
25
25
25
101
148
145
141
113
32
41
112
197
244
251
267
262
249
230
207
155
51
31
68
97
127
147
142
138
125
95
65
47
25
2
12
42
93
138
172
197
209
211
208
193
168
135
63
0
23
43
83
106
111
112
83
60
26
14
10
0
5
10
12
22
33
48
68
95
118
136
148
151
146
129
72
14
17
59
62
55
49
31
18

