164
140
83
14
37
85
93
111
119
111
81
42
6
15
25
36
80
167
244
279
280
307
330
342
324
275
213
168
123
108
67
1
49
112
183
217
171
149
125
93
71
44
14
0
3
73
191
270
290
266
239
218
195
170
140
82
9
28
62
95
92
27
0
2
1
0
2
6
8
10
11
10
9
13
18
23
33
55
98
90
78
75
72
72
67
62
10
56
106
103
87
65
47
29
15
11
9
2
4
17
27
31
37
45
59
91
129
165
176
157
130
117
93
29
10
25
29
36
41
40
32
23
7
2
8
13
18
21
25
28
32
37
52
76
106
129
146
155
164
155
137
103
51
6
36
33
28
25
23
19
17
13
8
2
7
9
13
18
21
23

