6
7
7
9
13
11
10
11
13
16
19
23
32
38
40
40
41
43
45
44
38
37
36
23
10
3
3
4
15
20
21
23
25
26
27
29
31
33
38
42
48
58
62
64
69
72
84
91
90
79
51
21
10
5
2
3
0
3
7
11
17
23
25
25
26
27
29
29
30
31
32
32
32
32
32
33
33
33
34
34
35
34
34
34
35
34
34
35
35
36
36
35
35
33
33
33
33
33
32
33
32
33
33
33
32
33
33
34
36
39
50
65
78
85
85
88
90
80
78
78
75
67
50
15
0
5
12
6
3
10
15
17
19
25
27
26
26
27
28
30
35
38
40
44
46
48
52
63
77
101
132
161
191
193
190
190
168
141
119
77

