32
32
32
31
31
32
31
31
31
31
31
31
31
32
33
70
124
136
152
173
178
174
205
229
254
265
235
202
202
180
138
72
24
4
5
5
3
3
4
6
7
8
10
8
5
38
75
121
161
177
186
170
114
41
54
324
499
622
622
552
463
367
203
31
13
52
96
131
155
178
160
155
142
114
75
39
0
82
275
449
445
330
259
242
194
139
93
7
38
95
119
114
96
88
82
77
69
51
38
33
17
5
7
25
48
64
83
111
139
165
177
167
144
111
48
1
23
50
57
58
58
58
44
38
30
17
3
9
15
19
19
21
23
23
24
25
26
25
25
27
27
27
27
32
36
46
66
85
95
101
101
90
70
41
13
12
32
31
23
17

