29
30
30
34
37
40
41
37
34
48
38
35
38
52
46
53
87
85
114
124
101
17
182
166
19
12
21
25
27
28
29
29
31
34
64
77
83
85
84
91
103
127
150
145
99
63
10
118
379
443
364
120
10
17
27
33
37
114
144
158
175
164
136
111
89
83
12
60
191
299
344
315
242
65
8
23
31
37
41
44
56
95
85
70
70
78
83
86
90
81
65
54
54
41
287
309
122
17
11
27
33
37
40
41
42
43
45
47
55
58
59
59
53
52
53
55
52
52
51
48
48
45
41
21
71
19
20
31
35
38
41
42
43
44
44
45
45
45
45
45
45
46
48
49
47
46
46
46
47
46
46
46
46
46
45
46
45
34
28
37

