43
43
43
44
44
44
44
44
44
44
44
44
43
41
30
31
36
38
40
41
42
42
46
49
47
47
55
69
70
57
46
54
46
44
46
45
44
43
22
38
3
23
32
37
38
40
40
42
45
46
45
44
45
45
45
47
46
45
45
46
46
49
45
44
43
19
1
19
33
37
38
39
40
41
49
50
51
51
55
62
78
96
127
158
161
189
214
203
160
141
96
60
249
452
494
474
320
73
2
27
40
47
98
160
249
296
254
230
196
152
134
116
102
90
104
83
75
49
51
185
293
368
387
414
383
361
233
40
19
41
49
54
59
105
167
162
177
182
175
152
124
86
63
10
438
481
277
52
10
34
45
50
52
55
56
58
58
59
59
59

