52
52
50
50
17
69
65
9
33
42
46
48
49
50
51
51
51
51
51
52
52
58
61
57
56
55
53
51
52
52
54
59
55
52
51
51
34
32
33
23
38
44
46
48
49
49
50
50
51
51
51
51
54
64
65
64
58
52
54
56
62
63
65
64
56
51
50
32
66
83
6
33
40
44
46
48
49
49
49
50
51
52
58
59
59
59
56
52
51
51
51
49
49
49
18
10
9
34
43
45
46
48
48
49
49
51
59
70
65
62
61
56
51
52
52
55
51
51
51
49
48
47
17
93
25
24
38
42
44
46
48
49
49
49
50
50
50
54
55
52
52
51
49
50
49
49
50
49
49
49
49
49
49
41
12
27
40
44
45
46

