268
150
3
125
176
202
242
278
266
238
218
194
149
64
15
2
11
17
20
23
44
178
340
435
460
451
414
370
304
239
155
0
80
116
129
141
174
193
193
179
147
108
70
17
0
8
12
15
17
21
42
145
265
341
350
320
279
223
171
98
10
49
90
91
101
106
100
82
66
51
34
27
22
16
1
10
13
15
17
19
23
50
124
190
229
228
199
179
157
134
114
73
11
31
25
38
49
54
41
36
35
33
25
21
19
15
11
8
0
7
10
10
9
19
32
56
88
119
98
86
85
80
74
61
13
50
60
64
60
23
0
8
11
14
16
17
19
21
21
21
22
23
24
35
49
53
70
99
122
129
119
109
88
67
32
12
42
46
54
59

