42
41
41
33
12
26
34
36
37
37
38
38
39
40
42
55
60
65
66
70
95
98
77
93
111
75
85
131
89
72
89
76
24
393
447
150
17
12
27
33
37
40
41
42
42
42
44
48
52
60
68
86
109
104
159
261
283
243
183
138
106
84
49
202
383
396
206
32
13
28
34
37
41
52
137
186
246
289
281
208
162
142
124
3
82
152
149
189
166
117
19
19
31
36
39
41
42
42
44
45
56
59
65
64
65
72
90
95
93
93
90
88
83
55
90
156
52
10
24
31
34
37
38
40
41
41
42
42
42
42
42
43
44
45
45
46
46
46
46
45
44
44
44
44
44
43
40
29
29
36
38
40
41
41
42
42
42
42
42
42
42
42
43
44
44
44
43
42
42
42
42
42
42
42
42
41
42
42
39
38
40
41
41
41
42
42
42
42
42
42
42
42
42
42
42
42
42
42
42
42
42
42
42
42
42
42
42
42
42
41
41
41
41
41
41
41
41
41
41
41
41
41
41
41
41
42
42
42
42
42
42
42
42
42
42
42
42
42
42
42
42
45
42
42
43
45
52
55
67
80
72
62
60
59
51
48
42
19
21
10
25
33
35
37
38
40
40
40
41
41
42
45
61
70
70
74
63
57
64
63
52
51
56
64
48
42
41
6
90
34
15
29
33
34
37
38
38
39
40
41
44
46
46
46
45
44
45
44
44
47
60
50
46
46
38
5
2
27
35
37
37
37
38
38
41
44
45
46
44
42
42
42
42
43
42
42
41
41
34
25
33
37
38
38
39
39
39
41
42
45
44
43
42
42
43
42
42
42
42
42
41
42
41
41
29
33
37
37
38
40
40
40
41
41
41
41
41
41
41
41
42
42
42
42
42
42
42
42
42
42
42
42
42
42
41
38
38
38
38
39
40
40
40
41
41
42
42
43
42
48
77
45
42
55
52
45
44
52
51
42
41
40
7
5
29
33
34
36
37
37
37
38
38
40
41
41
41
41
41
42
42
51
100
172
197
218
188
159
172
175
160
122
15
4
19
25
17
21
23
25
27
29
81
282
370
371
347
312
282
238
185
143
109
56
9
10
15
19
21
22
23
22
17
110
420
534
570
577
559
414
203
103
49
86
112
149
66
68
81
79
70
51
15
3
66
263
446
453
405
332
274
154
1
33
57
67
40
34
32
25
17
14
9
0
4
7
9
10
10
12
21
85
119
131
140
135
138
155
163
154
93
57
101
116
98
77
49
16
0
4
8
10
10
11
12
12
13
12
13
13
13
13
13
13
14
14
14
14
14
15
16
26
40
45
44
43
45
38
33
32
29
30
3
41
24
3
10
11
13
14
15
15
15
16
17
17
17
17
17
17
17
17
18
18
18
19
19
19
20
19
19
19
19
19
19
20
20
19
19
19
19
18
18
19
19
20
21
21
21
21
21
21
21
21
21
21
21
22
22
22
22
22
22
22
22
22
22
23
23
23
23
23
23
23
23
23
23
23
23
23
23
23
23
24
24
24
24
24
25
25
25
25
25
25
25
25
25
25
25
25
25
25
25
25
25
25
25
25
25
25
26
26
27
27
27
27
27
27
27
27
27
27
27
27
27
27
27
27
27
27
27
27
27
27
27
27
27
27
27
27
27
28
28
29
29
29
29
29
29
29
29
29
29
28
29
28
28
28
29
29
29
29
29
29
29
29
29
29
45
64
86
104
132
124
147
167
169
148
136
100
58
209
265
217
48
1
14
21
25
26
27
28
29
31
37
114
214
223
220
246
229
190
164
122
85
108
31
56
171
274
327
367
285
205
131
23
17
60
180
258
260
238
214
183
145
100
1
45
129
195
258
288
285
187
27
11
21
27
32
36
52
108
119
116
113
124
144
162
181
182
150
38
7
42
102
131
134
130
103
63
30
9
25
31
33
34
35
36
36
37
37
37
37
38
44
70
83
77
74
74
69
59
46
42
40
13
40
51
4
21
27
31
33
34
36
36
37
37
37
37
37
37
38
38
39
38
38
38
38
38
38
38
38
38
38
37
33
33
34
35
37
37
37
37
37
37
37
37
37
37
38
38
38
38
38
38
38
38
38
38
38
38
38
38
38
38
38
38
38
38
38
38
38
38
38
38
38
38
38
38
38
38
38
38
38
37
37
37
37
37
38
38
38
38
37
38
38
38
38
38
38
38
38
38
38
38
38
38
38
38
38
38
38
38
38
38
38
38
38
38
38
38
38
38
38
38
38
38
38
38
38
38
39
38
38
38
38
38
38
38
38
38
38
38
38
38
38
38
38
38
38
38
38
38
38
39
39
39
39
39
39
39
38
38
38
38
38
38
38
38
38
38
38
38
38
38
38
38
38
41
45
39
39
39
39
39
39
39
38
38
36
37
37
38
44
58
60
62
62
60
59
42
75
101
45
44
116
227
208
235
196
150
103
29
169
260
312
300
109
10
11
21
29
33
35
37
40
41
62
76
78
77
121
155
207
238
228
161
130
111
88
23
52
171
295
324
291
173
21
17
29
35
43
108
193
211
223
222
198
170
147
116
47
25
86
135
267
299
250
90
1
19
30
35
39
41
43
45
56
83
83
75
72
72
68
67
64
62
59
55
54
51
47
45
143
28
14
27
33
36
37
40
41
41
41
42
42
43
44
46
55
53
51
48
46
46
46
46
46
45
44
44
39
23
17
32
37
40
41
41
41
42
42
42
43
44
44
44
44
44
44
44
44
43
44
44
44
44
44
44
44
43
43
43
43
43
43
43
43
43
43
43
43
43
43
43
43
43
42
43
43
42
43
42
43
42
42
42
42
43
42
43
42
42
42
42
42
42
42
42
42
42
42
42
42
42
42
43
43
42
42
42
42
42
42
42
42
42
42
42
42
42
42
42
42
42
42
42
42
42
42
42
42
42
42
42
42
42
42
42
42
42
42
42
42
42
42
42
42
41
41
41
41
41
41
42
41
43
42
42
51
68
102
131
162
168
151
122
89
13
217
357
179
35
11
25
31
36
38
39
40
41
41
41
42
44
54
64
66
63
54
50
63
84
59
82
85
46
45
49
54
45
42
31
124
129
11
18
29
33
36
37
40
41
42
49
50
51
49
49
48
46
46
48
45
45
45
44
44
44
36
2
21
33
37
39
40
41
42
42
44
45
44
44
44
44
44
44
44
44
44
44
44
44
44
44
44
44
44
44
44
44
44
43
41
41
41
42
42
42
42
43
44
44
44
44
44
44
43
43
44
44
44
44
44
44
44
44
44
44
45
44
44
44
43
42
42
42
42
42
42
42
42
42
42
42
42
42
42
42
42
42
42
43
42
44
44
44
44
44
44
44
43
42
43
42
42
41
41
41
41
41
41
41
41
45
42
41
42
42
42
55
46
42
44
45
43
43
43
42
42
42
41
37
37
37
38
39
40
41
44
43
42
42
42
42
42
42
42
44
45
52
91
125
164
170
197
207
180
188
140
51
114
13
4
2
0
6
0
21
58
355
518
462
384
332
298
238
211
183
177
170
323
318
340
326
271
115
41
11
13
23
31
32
42
42
35
23
3
9
32
168
307
338
334
325
329
280
56
52
82
48
41
37
35
33
32
31
25
6
14
101
206
272
278
262
235
191
67
56

