64
67
67
65
57
31
30
66
68
52
31
8
18
29
33
38
43
70
93
72
69
70
69
72
72
72
67
65
64
65
65
59
58
8
33
46
39
24
8
6
19
33
37
41
68
91
80
74
70
66
67
66
69
70
66
65
63
62
64
63
57
46
14
51
65
53
29
8
9
25
34
37
40
57
89
98
79
74
72
73
74
77
75
75
65
67
74
63
58
56
23
33
67
72
55
29
7
10
29
36
38
41
64
93
93
74
72
69
72
72
73
72
70
64
64
66
64
60
59
2
41
63
63
43
17
3
17
33
38
39
41
42
44
64
96
96
85
90
95
104
115
126
118
116
114
114
112
18
119
168
164
116
70
30
0
24
33
37
40
48

