78
115
141
139
130
117
114
111
111
105
103
103
98
56
117
172
176
135
82
34
3
14
33
38
41
63
113
135
124
100
96
91
95
100
103
101
98
93
82
74
14
91
129
114
98
63
26
3
19
27
38
41
45
76
122
140
123
101
95
89
89
88
91
93
85
75
72
33
51
109
128
95
56
30
4
17
27
32
40
44
64
100
128
128
106
101
91
91
91
91
86
83
77
59
45
111
114
86
51
24
11
23
31
36
39
40
40
45
45
54
91
117
128
138
166
177
165
135
98
80
63
58
18
33
103
122
111
27
23
10
27
42
51
49
103
148
132
127
91
46
33
37
22
7
4
1
12
7
22
17
23
28
28
29
42
41
37
37
41
36

