44
25
25
17
19
19
13
9
1
3
7
10
11
13
14
15
15
16
17
19
33
46
54
51
43
40
31
27
19
10
21
16
4
10
12
14
15
16
17
17
17
18
18
19
19
19
19
19
19
19
19
20
20
20
20
20
20
21
23
23
24
23
21
21
21
17
14
17
19
19
21
21
21
21
21
21
21
22
22
22
22
23
23
23
23
23
23
23
23
23
23
23
23
23
23
23
23
23
23
23
24
24
24
24
24
24
25
25
25
25
25
25
25
25
25
25
25
25
25
25
25
25
25
25
25
26
25
25
25
25
25
25
25
25
26
26
27
27
27
27
27
27
27
27
27
27
27
27
27
27
28
27
27
27
27
27
27
27
27
27
27
27
28
28
28
28
28
29
29
29
29
29
29
29
29
29
29
29
29
29
29
29
29
29
29
29
29
29
29
29
29
29
30
30
31
30
30
30
30
30
31
31
30
31
30
30
31
31
31
31
31
31
31
31
34
38
43
48
49
52
49
52
85
106
98
135
146
114
91
53
232
239
64
8
10
19
25
27
29
30
31
31
32
37
52
52
55
56
53
55
62
95
108
115
163
164
130
109
89
137
258
194
51
0
16
23
27
29
31
31
32
33
40
58
59
55
51
46
41
39
39
38
38
37
37
36
36
21
76
106
10
12
21
27
29
32
33
33
34
34
35
37
39
40
39
38
37
36
36
36
36
36
36
36
36
25
10
27
32
33
34
34
35
36
36
36
36
36
36
37
37
37
36
36
36
36
36
36
36
36
36
36
36
36
36
29
31
34
36
36
36
37
37
37
37
37
37
37
37
37
37
37
37
36
36
36
36
36
36
36
36
36
36
37
36
37
37
37
37
37
37
37
37
37
37
37
37
37
37
37
37
37
37
37
37
37
37
37
37
37
37
37
37
37
37
37
37
37
37
37
37
37
37
37
37
37
37
37
37
37
37
37
37
37
37
37
37
37
37
37
37
37
38
38
38
38
38
38
38
37
37
37
37
37
37
37
37
37
37
37
37
37
37
37
37
37
37
38
38
38
38
38
38
38
38
38
38
37
37
37
37
37
27
31
34
35
36
37
40
41
45
51
67
78
88
111
161
163
199
224
202
154
126
6
172
299
300
203
58
2
23
32
114
239
346
377
349
292
235
160
116
97
17
112
178
105
78
27
3
8
17
30
145
322
398
386
346
307
272
274
267
197
12
54
49
0
0
6
23
58
114
153
122
48
97
301
631
800
800
753
505
369
17
6
7
8
9
10
11
14
15
16
17
17
16
16
15
15
15
13
12
12
11
10
10
11
12
14
16
17
17
19
19
19
18
19
19
19
17
17
16
13
12
13
13
15
15
15
15
17
18
17
4
99
239
335
376
371
354
261
214
154
138
116
64
11
9
29
17
34
509
724
716
648
550
396
7
10
2
3
95
167
146
187
258
249
218
194
120
59
2
12
50
218
445
625
633
530
475
432
378
329
238
7
160
249
305
322
308
276
268
240
195
124
64
35
3
6
13
18
21
23
25
27
33
54
110
243
296
326
330
310
291
268
222
146
21
85
144
185
189
178
166
139
90
65
46
21
5
6
12
16
17
19
21
21
23
30
50
86
145
190
212
215
228
233
227
202
170
90
0
77
133
138
140
141
125
73
50
37
15
2
5
9
17
19
17
20
23
23
25
27
36
38
29
24
22
19
20
19
22
25
23
24
24
23
25
33
27
33
33
54
86
141
187
220
217
239
238
206
88
15
15
15
15
15
16
16
18
17
17
17
19
19
3
128
136
131
150
117
85
57
25
1
11
17
17
17
17
21
25
41
86
132
164
213
253
264
246
214
177
61
36
83
100
87
103
100
80
58
38
22
6
8
14
17
19
21
22
23
23
27
33
41
56
80
100
108
125
119
119
109
45
3
29
41
26
10
11
19
20
10
2
13
17
19
21
23
23
25
25
27
27
25
26
27
27
27
29
32
33
36
41
41
33
26
25
23
19
20
23
23
25
27
30
34
33
34
39
37
34
29
27
29
25
22
23
22
23
24
24
27
27
27
27
27
28
29
29
31
31
29
29
29
29
29
29
29
29
29
28
29
29
29
29
29
29
30
29
29
30
29
29
29
30
30
29
29
30
31
30
31
31
33
37
37
40
45
55
95
153
205
231
233
242
255
258
250
229
196
171
150
111
21
45
108
171
173
94
88
83
75
67
57
34
20
11
1
21
27
72
187
254
287
308
313
300
260
219
194
182
175
139
41
45
91
109
81
77
83
79
72
72
68
59
56
50
45
34
25
14
13
75
121
166
198
207
199
177
155
131
104
36
30
67
40
33
41
43
33
29
29
29
18
15
23
17
10
8
3
14
21
27
44
65
89
98
100
98
91
90
82
67
13
49
32
15
9
3
3
1
3
5
8
11
15
19
20
21
23
25
25
26
26
27
27
27
27
27
27
27
28
27
28
27
27
28
28
28
28
28
29
28
28
29
29
29
29
29
29
29
30
31
32
30
29
28
29
29
30
32
37
45
59
69
73
78
80
75
59
27
1
5
3
2
9
12
17
21
24
25
26
27
28
28
29
29
29
29
29
29
31
32
35
38
38
38
41
44
45
47
48
49
48
42
2
17
3
17
23
25
27
27
29
29
29
31
38
45
42
41
40
41
42
45
48
50
51
52
49
41
37
30
19
38
15
12
21
25
27
28
29
31
31
31
31
33
40
52
58
56
62
67
68
61
58
58
64
67
63
67
51
33
37
114
86
8
12
20
24
27
29
29
31
32
32
33
37
45
44
44
49
53
55
56
54
44
41
42
49
56
53
57
67
83
86
74
36
109
101
30
8
19
25
27
31
32
33
33
36
40
75
117
122
109
111
103
91
88
93
101
109
115
114
101
12
104
147
140
114
80
32
9
21
27
32
35
53
110
122
124
157
193
205
195
169
132
98
88
29
35
112
159
185
165
125
68
0
19
24
27
29
31
33
34
36
37
55
98
101
86
95
97
106
114
114
101
94
93
90
32
33
88
103
83
69
50
26
6
12
23
29
31
33
34
36
38
51
74
86
80
85
91
103
106
106
96
82
45
7
33
64
62
48
21
3
10
25
30
32
33
33
34
34
35
36
36
37
37
37
37
37
37
37
37
37
37
37
37
37
37
37
37
37
37
37
37
37
37
37
37
37
37
37
37
37
37
37
37
37
37
37
37
37
37
37
37
38
40
40
38
38
37
37
37
37
37
36
36
37
37
37
37
37
37
37
37
37
37
37
37
37
37
37
37
37
37
37
37
37
37
38
38
38
38
37
38
38
38
39
41
42
44
44
44
49
53
60
67
73
70
62
47
43
27
3
11
3
23
31
32
33
35
36
37
37
37
38
41
46
46
49
57
63
64
59
58
62
62
100
160
191
239
234
204
193
43
93
164
157
122
47
4
21
29
32
46
145
257
328
331
341
300
256
226
190
150
127
45
30
77
128
161
201
218
219
198
128
42
37
181
333
405
394
363
366
309
234
201
161
60
6
53
101
150
207
232
240
230
186
135
67
9
14
25
69
170
232
264
280
276
244
222
188
106
21
16
55
101
150
151
162
135
107
68
27
7
17
23
27
29
29
30
30
32
40
70
121
137
112

