269
208
23
50
55
1
0
5
21
54
109
152
127
56
84
281
606
800
800
783
513
412
23
6
7
8
9
10
11
13
15
16
17
17
16
15
15
15
15
14
12
12
11
10
10
11
12
14
16
17
17
19
19
19
18
19
18
19
17
17
17
13
12
13
13
15
15
15
15
17
18
17
7
84
234
327
375
373
361
264
218
157
136
121
70
10
6
29
19
24
465
722
716
659
552
419
33
12
2
2
84
167
146
181
255
255
217
197
127
65
5
10
44
200
430
614
640
537
479
435
382
333
248
26
149
244
301
322
312
277
270
242
199
129
68
37
4
5
12
17
21
23
25
26
32
51
101
235
293
324
331
312
292
270
225
155
31
78
140
182

