119
115
97
91
86
41
42
105
118
87
35
0
15
25
24
25
31
31
27
29
30
31
31
32
32
32
32
33
33
33
36
36
34
34
35
34
34
34
34
34
31
29
29
29
30
31
31
31
32
32
32
33
33
33
33
33
34
33
34
33
33
33
33
33
33
33
33
33
34
33
33
33
34
34
34
34
34
34
33
33
34
34
34
34
34
34
34
35
35
34
34
34
34
34
34
34
34
34
34
34
34
35
36
37
37
37
38
40
38
37
40
42
41
44
50
56
48
26
6
12
26
31
31
33
33
33
34
35
37
47
63
57
65
94
111
104
114
128
119
102
93
99
115
124
121
95
67
87
255
280
187
55
1
14
22
27
31
33
33
34
37
46
77
91
91
98
109
111
109
119
178
255
288
256
176
121
59
25
93
169
209
211
174
121
51
5
21
27
29
31
34
41
85
109
102
93
83
79
76
77
75
75
75
69
21
125
195
135
25
7
17
24
29
31
33
34
34
36
37
41
52
54
51
51
51
50
51
52
55
55
54
51
45
29
15
37
17
16
27
31
32
33
34
35
36
37
37
37
37
37
39
41
40
40
41
42
41
40
39
39
33
29
30
33
34
36
37
37
37
37
37
37
38
38
37
38
38
37
38
38
38
38
38
38
38
37
37
37
38
38
38
38
38
38
39
40
39
39
39
39
38
40
40
41
42
41
40
39
39
37
35
34
35
36
37
37
37
37
37
37
38
41
41
42
47
49
51
56
61
64
62
59
63
55
44
40
32
23
11
7
17
29
32
33
34
36
37
37
39
48
54
49
54
55
56
65
72
95
114
132
157
180
202
202
176
48
116
187
172
95
10
15
24
29
31
33
34
37
45
106
182
154
147
158
183
213
245
237
175
130
108
89
9
124
211
212
218
171
111
49
6
23
45
135
201
283
352
305
265
217
176
155
114
5
77
136
185
198
192
157
106
55
7
17
27
31
33
41
90
106
95
101
105
108
104
93
83
78
70
37
108
193
176
92
17
12
23
27
30
31
33
33
34
36
37
41
57
54
54
53
51
51
52
51
50
48
44
38
12
19
21
5
23
29
31
33
34
35
36
37
37
38
42
41
40
40
40
41
41
40
41
41
42
42
41
40
29
23
23
27
32
33
35
36
37
37
37
39
46
50
49
51
54
58
56
53
52
54
52
36
13
4
5
19
26
30
33
35
36
36
37
37
37
37
37
37
38
38
37
38
37
37
38
38
38
39
42
42
41
41
41
42
44
45
49
50
46
44
36
21
19
27
32
34
35
36
36
37
37
37
38
38
39
44
45
44
46
51
54
56
56
55
55
57
59
60
62
62
60
54
47
28
30
70
32
13
25
31
32
34
36
37
39
51
63
51
51
52
50
55
65
70
80
89
111
145
168
165
136
29
159
149
85
10
18
27
31
32
34
37
52
125
161
169
196
207
192
192
193
176
150
119
49
10
80
111
126
135
133
102
70
33
12
27
33
64
134
162
191
209
226
218
198
167
135
88
8
38
100
120
112
114
113
93
57
7
17
25
29
32
34
36
43
69
77
70
67
69
70
67
60
55
56
59
56
49
11
65
75
54
11
17
27
30
32
33
34
35
36
37
39
46
50
45
45
45
46
46
51
49
48
46
42
41
25
5
0
10
24
31
33
34
34
36
37
37
37
37
37
38
37
37
38
38
38
38
38
38
38
38
39
40
41
41
41
40
38
38
38
36
34
34
34
36
36
37
37
37
37
37
38
38
38
38
38
38
40
40
39
39
38
38
38
38
39
39
39
39
38
37
37
34
33
33
35
37
37
37
38
38
38
38
40
42
41
41
45
48
52
56
58
59
55
50
48
46
55
59
67
42
30
25
12
27
32
34
35
36
37
37
37
37
38
42
56
59
54
54
52
56
70
86
103
145
163
175
195
213
212
203
187
138
7
79
160
198
194
140
55
4
19
27
32
36
74
156
156
202
264
281
264
218
181
139
124
114
109
44
25
93
143
212
243
223
188
116
33
9
24
33
63
130
141
155
162
172
176
176
168
161
135
109
27
21
69
110
138
134
127
109
80
21
13
23
27
31
33
36
42
77
111
104
106
99
98
91
90
93
85
70
60
5
93
133
130
90
21
11
22
29
31
33
34
36
36
37
37
40
52
53
53
54
52
55
58
58
57
56
61
58
52
23
2
18
17
0
18
28
31
33
34
35
36
37
37
37
37
37
37
37
38
39
41
45
42
40
40
39
38
38
38
38
37
35
35
35
34
36
36
36
37
37
37
38
38
39
38
38
38
38
38
37
37
37
37
37
38
38
38
38
38
38
38
38
38
38
38
38
38
38
38
38
38
38
38
38
38
38
38
38
38
38
38
38
38
38
38
38
38
38
38
38
38
38
39
39
38
38
39
39
40
41
42
45
49
44
41
40
39
37
32
31
32
34
36
36
37
37
37
38
41
43
42
47
48
50
55
52
47
50
72
105
147
193
222
228
234
235
202
153
4
149
221
203
103
10
13
23
29
31
33
34
36
38
60
108
160
223
281
326
295
254
188
112
106
150
164
127
13
83
170
212
259
261
209
138
38
18
109
283
374
371
351
334
300
259
215
112
14
37
102
155
221
263
266
229
152
37
3
15
25
38
130
174
191
198
178
157
143
133
131
120
93
45
144
172
181
166
123
67
5
15
23
27
30
31
32
32
33
34
49
70
74
81
86
88
80
75
72
75
77
74
63
33
91
103
83
27
9
19
25
27
29
31
32
33
33
34
34
34
34
34
35
35
36
41
43
41
42
42
42
41
41
38
37
37
29
20
19
23
29
31
32
33
34
34
34
35
35
36
36
36
36
36
36
36
36
36
36
36
37
38
37
37
37
37
36
36
36
36
36
36
36
34
33
34
34
34
34
34
35
36
36
36
37
36
37
37
37
37
37
37
37
37
37
37
37
37
37
37
37
37
37
37
37
37
37
37
37
37
42
50
59
67
88
103
106
108
104
94
67
52
0
37
45
30
6
23
29
31
32
33
33
34
35
36
36
36
37
40
47
46
46
51
55
58
58
56
60
67
72
64
72
80
74
63
51
31
21
63
76
44
0
21
27
31
33
34
36
36
37
38
45
50
49
55
55
53
50
49
44
42
47
50
49
50
48
43
37
34
28
2
12
8
2
18
27
31
33
36
37
37
37
38
42
44
46
49
49
49
51
47
42
41
41
42
44
44
42
41
37
36
25
2
0
11
26
31
33
34
37
37
37
38
38
38
38
40
45
48
50
52
45
40
40
40
40
40
40
40
40
41
42
42
43
42
40
38
35
21
7
11
26
33
35
36
37
37
37
37
38
40
45
59
58
50
50
51
55
70
83
83
98
102
78
80
101
146
134
111
91
64
223
174
41
9
21
27
30
33
34
35
36
37
37
39
42
61
59
52
58
56
55
62
79
77
72
98
108
77
72
98
122
77
56
77
228
132
15
10
23
29
31
34
35
36
37
38
45
58
54
54
51
52
65
64
51
49
51
55
60
69
60
54
42
44
0
61
47
6
25
29
32
34
36
37
37
37
37
37
40
41
41
44
44
41
41
42
45
54
92
130
140
144
150
150
142
115
33
80
109
107
75
23
15
27
31
34
37
85

