31
33
35
36
36
37
37
37
39
42
42
44
48
49
51
55
49
49
55
80
122
161
205
226
227
244
224
185
121
66
182
227
174
56
2
17
25
30
32
33
34
37
41
77
125
182
242
304
316
282
234
157
102
117
162
157
91
24
118
187
229
266
247
184
108
11
39
169
331
381
362
346
324
283
246
189
65
4
59
121
181
238
271
257
208
111
15
8
19
28
59
160
180
195
192
170
155
138
133
129
114
49
95
161
177
179
154
106
39
5
19
25
29
31
31
32
33
33
37
59
70
77
83
88
85
78
74
67
77
77
72
38
65
98
101
65
9
13
21
25
28
30
31
32
33
33
34
34
34
35
35
35
36
37
44
42
41
43
42
42

