51
48
42
43
48
51
48
49
47
41
37
33
25
4
12
5
5
21
28
31
34
36
37
37
37
39
43
44
48
49
49
49
52
45
41
41
42
43
45
44
41
40
37
34
21
0
2
15
28
32
33
35
37
37
38
38
38
38
38
41
46
48
51
51
42
40
40
40
40
40
40
40
40
41
42
42
43
42
39
38
33
17
6
14
29
33
35
36
37
37
37
37
38
40
49
60
55
50
49
51
58
72
85
85
104
95
77
81
116
145
130
105
85
120
225
144
20
12
23
27
31
33
34
36
37
37
37
40
45
64
56
54
58
55
55
64
84
73
74
109
96
74
75
110
112
69
58
135
224
91
6
14
25
29
32
34
36
36
37
39

