19
8
2
13
21
32
34
36
38
38
38
44
62
67
62
56
54
55
55
56
53
51
52
54
57
44
15
5
0
1
7
14
24
29
32
37
39
41
50
65
69
67
63
54
52
53
52
52
52
54
51
49
49
49
47
44
10
19
13
9
1
9
19
27
31
40
53
62
55
52
53
54
54
51
51
51
52
54
55
55
50
51
50
50
31
9
27
21
0
10
20
29
33
36
37
48
65
60
59
62
63
61
60
61
64
64
65
67
70
70
66
66
67
64
56
11
88
83
54
23
2
21
29
34
40
58
88
78
79
80
78
74
75
74
74
74
77
78
82
76
74
77
70
38
106
155
124
67
27
2
23
31
34
39
43
80
116
101
100
94

