14
21
23
22
21
25
26
28
29
41
105
243
346
362
309
275
264
244
193
90
7
38
86
114
131
130
104
93
80
52
31
15
8
1
10
17
19
17
17
19
21
24
25
23
23
27
31
38
54
77
111
140
152
151
146
136
109
77
34
4
53
101
101
82
60
34
15
2
8
17
21
21
21
23
23
24
25
26
29
29
25
30
34
37
41
46
38
29
21
17
19
19
20
23
27
31
31
26
25
25
25
25
26
26
28
27
25
25
26
26
27
27
29
29
29
27
27
27
27
27
29
33
33
33
30
31
30
29
29
30
32
31
29
29
29
28
29
29
32
31
30
28
29
31
31
37
51
69
60
50
51
54
64
69
96
103
162
188
180
143

