31
31
31
33
33
31
31
31
31
31
32
36
34
32
31
31
32
31
33
34
34
33
31
32
32
32
32
33
34
34
32
32
33
32
32
33
36
33
33
32
34
39
51
67
80
80
69
59
56
58
59
58
56
51
52
11
46
59
38
12
9
21
27
26
29
31
31
33
36
34
41
61
77
72
69
74
83
93
98
106
105
101
98
88
73
63
50
14
112
155
131
85
37
8
4
15
23
27
31
34
34
45
68
80
77
75
90
103
108
106
115
112
114
112
115
105
97
91
81
7
118
172
164
135
93
50
19
0
15
27
31
32
30
44
85
121
123
103
101
101
106
109
109
106
96
90
70
8
85
125
123
83
43
18
2
12
21
28
33
34

