33
34
36
37
40
44
56
70
70
64
65
80
77
76
76
77
79
77
77
72
61
51
31
25
39
72
61
27
5
6
16
25
29
33
37
39
62
74
73
80
89
99
98
93
91
88
83
80
84
68
51
36
51
124
119
81
40
8
12
25
27
31
33
36
40
61
63
52
55
58
60
63
64
64
67
69
72
77
75
74
72
69
56
38
1
45
88
60
30
10
2
15
24
31
35
37
41
62
86
81
78
83
82
83
90
93
88
82
83
78
72
58
40
27
25
80
72
44
22
6
8
19
28
34
37
38
36
45
66
77
69
67
69
70
75
81
78
73
65
60
56
55
40
13
25
25
25
14
4
8
19
27
33
37
39
44
65
66
63
69

