70
72
72
73
74
74
72
70
63
51
48
19
11
2
27
23
10
2
8
17
25
31
36
38
44
56
63
56
61
64
64
62
62
63
65
67
67
64
55
48
38
9
5
6
1
11
0
10
14
22
28
32
35
38
40
48
58
62
56
59
64
66
63
63
63
64
66
66
65
59
50
48
25
4
1
4
17
4
7
11
19
25
30
34
38
40
45
57
53
50
51
55
55
58
60
61
55
51
50
49
31
7
7
11
15
17
21
29
34
36
50
62
55
59
59
58
59
60
62
65
67
67
63
58
52
48
42
8
1
23
20
10
2
13
23
31
36
38
47
59
52
56
60
59
62
64
64
64
64
62
60
62
59
54
49
21
4
36
29
14

