1
10
20
29
36
40
56
54
59
64
72
75
69
67
80
91
94
88
83
80
67
51
38
10
82
79
46
23
3
10
21
29
36
38
45
64
61
71
83
88
86
84
87
91
91
88
78
72
67
61
51
42
6
89
123
91
52
19
0
15
29
34
36
34
56
65
78
88
86
103
115
111
127
141
124
111
96
81
14
54
93
98
67
32
8
6
19
27
33
38
39
38
37
56
101
129
124
96
89
91
95
97
95
91
85
75
64
33
31
52
82
70
46
27
10
4
17
26
33
37
40
35
37
38
39
52
83
85
72
77
79
82
85
83
86
85
82
77
70
63
23
42
45
34
30
23
10
3
14
24
32
37
39
36
37
38
38
38
40
41

