56
75
75
75
81
93
104
109
104
100
100
96
97
93
77
54
16
51
88
87
64
36
9
10
16
24
30
33
37
42
43
59
90
106
135
156
167
174
182
186
185
182
170
160
150
116
76
37
10
5
14
34
67
80
82
81
88
75
47
35
41
37
7
40
161
273
330
376
391
343
267
222
182
141
77
17
13
41
68
96
116
103
89
75
58
45
35
25
10
1
15
22
25
25
29
31
32
34
36
42
67
93
105
107
101
83
74
72
45
6
23
32
17
4
1
11
18
23
29
31
33
34
31
32
33
33
33
34
37
39
46
59
72
67
57
54
53
48
46
45
47
41
19
2
0
5
11
14
21
26
29
32
34
35
36
33
36
52
65
74
72
62
63
52
31
19
11
10
13
23
28
27
30
32
33
34
35
36
37
33
34
35
35
36
37
37
37
34
34
35
35
36
36
37
38
34
35
35
35
36
36
38
38
35
34
37
42
50
67
84
97
105
119
144
163
161
145
131
129
133
127
108
81
46
21
7
8
30
48
64
70
78
84
73
47
21
2
16
25
27
27
31
32
35
62
86
78
75
82
93
102
101
103
108
111
117
141
154
154
144
96
40
15
1
18
28
30
44
65
85
90
77
53
27
3
10
15
21
27
29
33
42
64
83
83
75
70
73
80
80
78
77
74
72
69
61
42
24
54
71
67
45
21
0
14
26
31
31
31
33
33
34
36
41
55
70
72
65
60
60
62
63
58
58
59
59
59
56
47
6
21
25
19
10
0
10
19
29
33
33
32
33
34
36
42
65
66
55
55
55
56
58
59
58
57
58
59
60
60
58
55
24
15
25
20
15
7
5
19
27
31
31
33
34
36
39
64
70
59
58
59
62
63
64
60
60
60
60
59
58
38
6
32
27
21
6
7
18
27
34
37
35
34
36
37
42
56
72
65
63
63
65
69
70
69
65
64
63
62
63
58
54
38
4
33
31
29
21
8
9
21
28
29
32
33
35
37
46
64
60
55
58
63
64
66
64
64
65
63
61
61
62
59
53
48
1
31
36
36
17
0
10
17
25
30
33
36
38
43
59
61
56
62
66
67
64
64
64
64
63
62
62
60
59
53
49
8
21
44
40
18
2
7
17
24
30
34
38
41
48
60
55
55
56
59
57
56
55
56
59
62
63
63
62
58
52
48
4
27
23
12
4
1
10
19
27
32
37
39
40
54
70
66
69
75
72
72
72
73
75
75
75
72
64
55
48
14
55
73
58
24
0
10
19
27
32
36
39
40
54
67
64
69
75
76
78
77
77
79
80
80
80
75
78
55
40
2
37
77
73
43
18
0
10
21
28
33
36
40
41
43
56
70
64
60
64
64
64
64
64
66
70
70
72
69
67
64
57
51
8
49
70
54
34
11
6
19
28
36
38
40
39
62
85
85
80
77
75
75
77
80
82
83
77
62
54
32
21
41
45
46
20
0
10
19
27
32
36
40
42
59
72
65
66
72
76
77
75
76
77
83
83
80
76
72
68
59
13
54
104
98
55
21
4
11
23
31
36
40
41
47
74
77
78
90
95
93
98
89
69
65
64
59
56
55
51
49
18
27
83
71
49
28
6
10
22
32
37
41
42
62
75
74
74
75
74
74
75
77
79
80
77
70
61
52
1
31
41
34
21
10
0
10
21
30
38
40
42
58
72
66
70
77
74
75
76
77
80
81
79
75
67
49
19
45
56
51
24
0
17
21
29
33
37
40
46
64
73
67
70
78
80
80
76
74
72
70
70
72
69
56
49
5
36
63
55
31
6
12
25
27
32
36
37
40
42
46
59
67
60
62
67
70
69
69
69
71
72
75
72
58
51
27
5
31
31
26
7
8
19
23
31
34
38
41
42
52
65
62
64
70
74
72
72
72
72
74
74
72
70
67
59
51
31
21
59
58
40
19
5
9
21
29
36
40
42
38
39
41
42
53
70
65
56
55
59
64
70
73
75
78
79
78
80
80
79
73
62
51
6
55
80
77
49
15
6
14
24
31
35
38
42
43
43
61
72
65
69
75
76
78
80
82
84
85
83
78
70
58
44
12
64
95
67
29
2
9
21
29
34
38
42
44
53
72
67
70
76
79
76
75
75
76
77
77
75
72
63
56
22
34
71
70
49
14
8
17
24
31
36
39
42
43
49
67
77
77
84
91
91
88
89
89
89
85
80
72
56
52
7
36
74
78
62
27
1
11
21
29
34
38
42
42
44
49
71
73
70
74
76
75
75
76
79
82
84
85
79
62
50
0
48
74
64
31
7
5
17
27
32
37
42
43
42
55
73
68
75
80
78
80
83
83
85
86
88
82
79
66
55
15
35
82
74
46
23
4
10
23
31
40
42
42
55
72
67
70
74
73
74
75
77
83
82
80
75
67
55
38
19
64
71
40
12
0
14
25
33
38
41
44
52
70
64
64
62
58
56
58
59
60
62
63
64
62
61
62
60
56
33
17
48
45
31
10
6
19
29
39
42
41
44
65
71
65
70
68
67
67
69
71
73
75
74
71
67
59
51
1
45
65
45
19
4
11
23
31
37
42
44
44
62
71
67
75
79
77
75
77
80
82
78
74
68
61
54
40
10
42
70
46
19
1
11
23
31
37
42
44
52
72
68
72
80
83
82
81
83
84
86
82
69
59
51
0
42
51
51
33
4
15
23
27
34
37
40
45
45
67
81
80
90
97
100
97
101
96
93
83
83
83
80
77
69
59
1
45
53
56
58
55
41
23
4
15
30
37
35
37
41
59
98
93
86
91
93
99
103
112
111
100
95
83
70
49
25
71
91
88
65
37
11
7
23
34
40
37
38
42
68
92
77
79
80
85
88
91
91
90
83
75
71
67
59
37
27
82
93
73
41
13
6
22
34
40
41
38
51
77
79
70
64
65
67
67
69
69
69
64
59
58
55
55
30
10
25
17
9
3
6
14
23
31
38
41
40
37
41
41
42
45
51
72
66
62
64
64
64
63
63
64
65
66
65
65
63
62
57
50
37
5
37
41
29
12
0
14
25
33
40
42
42
38
41
41
48
67
71
60
61
64
67
70
72
70
64
60
59
60
62
63
58
51
35
12
58
56
37
14
5
25
35
37
37
40
40
41
43
61
65
58
62
69
73
75
77
74
73
74
74
75
76
66
55
38
6
37
49
41
22
3
14
28
34
33
37
38
40
41
45
44
44
41
45
60
77
75
67
67
72
73
75
77
80
81
78
80
80
78
77
66
50
26
89
106
76
41
14
4
24
34
36
35
39
40
42
55
76
68
70
80
83
86
86
84
84
90
88
86
84
79
72
57
40
22
92
112
86
41
10
5
17
27
33
38
43
45
58
70
64
71
75
73
70
71
72
75
79
81
82
83
75
62
45
21
77
93
59
25
4
9
22
29
37
41
44
56
65
59
65
69
70
70
72
75
77
80
80
80
77
75
66
57
21
27
77
62
34
9
3
15
25
33
38
42
44
42
55
67
61
60
62
62
64
64
66
69
70
70
70
69
68
69
64
55
38
0
44
62
50
25
3
14
30
38
37
38
40
41
42
46
56
64
59
61
67
72
72
72
72
75
79
85
84
85
82
77
62
43
31
95
88
52
18
1
12
25
32
37
43

