101
111
113
111
91
85
83
80
80
80
77
70
16
56
93
92
69
44
0
17
27
33
38
39
40
44
44
44
49
68
89
104
96
81
81
80
80
80
78
70
67
67
64
8
51
73
53
34
12
3
19
27
31
40
41
41
49
78
93
93
72
69
70
70
69
69
68
64
62
63
14
37
55
31
2
13
19
19
29
33
40
42
46
66
84
88
83
69
65
66
66
67
68
69
67
61
58
58
23
9
49
31
19
8
5
20
27
32
39
41
44
51
66
79
80
67
60
62
60
61
63
64
61
59
56
54
53
29
11
46
27
14
0
13
24
31
33
41
41
41
44
54
71
78
67
62
64
64
63
63
62
62
60
60
61
68
70
68
10
29

