45
38
21
3
10
21
35
38
40
41
44
62
88
85
70
69
68
67
65
69
64
63
64
66
64
59
51
0
46
59
45
20
1
14
29
37
39
41
46
64
83
83
65
64
65
64
64
67
70
64
65
69
70
69
67
60
55
6
50
75
67
45
20
6
27
33
37
41
41
41
48
70
86
82
75
77
76
72
70
70
71
70
72
77
78
72
63
33
55
101
101
72
21
5
23
33
37
40
41
44
55
83
97
91
79
77
72
70
71
70
71
70
70
67
63
56
53
21
58
104
86
48
20
3
23
32
37
41
43
45
60
85
83
73
74
70
67
68
70
70
69
70
67
60
57
55
54
15
80
90
48
17
5
23
33
37
40
44
45
67

