83
82
77
76
76
77
75
65
53
0
44
64
65
52
28
4
17
31
31
35
38
41
42
45
58
72
67
72
83
86
80
80
79
79
80
78
77
72
67
57
41
33
87
82
48
17
2
13
25
33
41
42
43
44
64
64
64
71
69
70
72
74
75
75
75
73
64
70
56
48
9
56
53
33
14
3
17
29
38
41
42
39
42
54
70
64
60
65
69
74
77
77
78
75
75
75
74
75
72
61
50
4
69
84
67
36
9
15
31
33
35
39
41
42
52
68
60
61
67
72
74
79
77
77
80
78
82
86
75
85
80
68
54
10
56
82
72
49
27
9
8
20
31
39
43
55
72
77
81
86
88
93
88
88
88
91
97
96
69
79
76
59
17
86
123
95
54
21
3
12
25
33
41
43
44
40
49
71
68
70
73
70
72
71
72
82
81
80
74
68
67
67
65
59
27
38
94
82
47
18
4
25
35
36
37
40
41
42
46
45
51
65
70
67
69
77
82
85
85
88
89
88
88
71
84
74
59
41
10
70
88
67
37
13
6
21
34
40
41
41
63
74
70
77
79
80
82
83
85
83
83
83
79
75
78
77
72
55
21
111
128
93
51
20
10
28
33
33
38
41
56
72
69
74
80
85
89
90
85
87
88
88
91
92
88
77
64
44
31
114
124
93
39
7
5
18
29
36
41
43
52
70
65
74
86
88
85
85
90
90
91
88
89
85
63
59
51
10
77
93
64
42
18
3
19
29
40
43
43
60
69
65
75
76
74
74
75
86
89
88
83
85
77
63
27
68
114
75
33
9
9
23
32
40
43
49
64
60
60
66
70
72
70
74
77
79
79
85
83
77
64
55
7
67
87
55
23
3
13
26
34
42
44
42
51
67
63
71
73
76
77
79
80
77
76
77
80
77
75
70
72
56
7
70
91
70
44
16
7
26
36
35
37
40
41
44
46
64
64
64
72
77
81
78
77
78
80
83
82
79
77
75
65
55
9
75
98
62
33
10
6
20
31
39
42
44
49
66
61
64
72
70
72
72
72
73
72
73
72
70
70
70
71
63
37
34
82
83
55
23
0
19
33
40
37
40
42
59
67
59
61
64
70
73
76
78
78
77
72
72
75
70
66
55
31
41
85
72
40
4
17
26
29
36
39
41
45
55
65
59
63
65
67
72
72
75
77
81
88
95
85
74
85
67
44
17
49
50
41
27
9
7
19
34
40
41
37
41
43
64
83
75
81
88
93
98
101
93
77
88
83
79
76
72
62
51
3
64
112
99
69
25
3
13
22
31
36
40
45
45
51
67
70
75
85
91
83
83
83
86
88
93
91
88
85
75
59
22
42
108
92
59
28
9
8
20
29
35
42
44
41
39
41
42
50
71
64
60
64
72
79
83
83
83
83
83
84
86
85
79
65
51
5
65
89
74
46
14
10
25
27
33
37
40
41
44
45
41
44
62
74
72
72
77
80
82
83
83
82
80
77
76
75
74
65
53
5
71
95
77
41
14
5
23
34
40
37
40
41
42
55
74
65
70
80
85
86
90
90
93
93
87
85
83
81
74
64
41
31
89
108
75
33
9
4
19
29
36
42
44
51
70
66
73
83
85
80
78
79
81
83
83
81
77
76
72
67
55
3
72
100
88
55
23
1
16
33
40
40
38
41
44
62
75
67
75
82
84
93
93
93
93
90
89
93
93
85
72
57
2
75
122
101
62
18
8
19
26
33
37
41
45
47
64
75
74
85
91
90
89
94
98
93
92
92
86
83
71
55
10
52
97
76
51
31
11
5
19
31
40
43
39
40
41
49
74
74
72
80
83
86
86
88
83
83
83
83
85
83
78
72
59
5
83
120
104
65
19
5
14
23
32
37
40
44
48
65
75
73
82
91
88
87
86
85
85
83
83
78
77
64
42
39
100
103
54
21
5
10
23
31
37
42
45
44
62
72
72
83
83
82
77
72
70
65
62
58
55
54
50
17
17
33
20
6
2
8
17
25
33
40
42
42
39
46
66
85
96
91
80
82
84
91
88
84
80
80
80
77
75
65
44
40
114
127
93
49
17
11
29
31
34
37
41
45
51
69
66
70
83
89
91
86
93
96
95
98
101
92
83
71
56
1
72
93
69
48
27
2
13
19
25
37
42
44
73
91
88
100
95
95
99
101
101
96
91
85
84
72
52
17
101
122
80
42
19
0
15
26
37
41
41
38
41
46
74
86
79
83
82
83
84
83
82
82
84
80
78
77
72
58
20
51
109
95
63
29
3
18
31
32
35
38
40
41
45
58
70
65
70
82
85
83
81
80
77
78
79
77
72
69
59
52
10
48
82
70
34
10
3
15
25
33
40
42
44
41
55
70
64
67
68
67
66
62
65
68
69
67
67
69
68
67
60
54
21
31
65
61
41
15
3
25
35
37
37
40
41
43
59
62
59
64
70
71
74
72
70
70
71
72
72
70
69
69
68
64
56
8
49
72
68
46
18
3
17
33
40
38
38
41
41
45
58
64
58
58
65
70
72
72
72
70
72
75
78
80
81
80
75
70
62
49
5
65
95
83
52
21
2
23
34
33
36
39
41
44
55
73
69
75
88
90
93
91
89
93
92
95
93
88
82
81
72
58
6
62
121
101
64
41
15
4
19
31
40
42
41
40
58
77
74
85
86
84
83
83
83
82
83
82
77
78
77
78
75
60
15
54
100
98
73
43
14
9
27
36
34
37
40
41
50
70
63
64
72
77
78
77
75
76
79
82
86
85
77
80
68
65
49
12
86
103
72
31
8
3
17
28
35
41
43
49
65
68
70
80
83
78
77
80
82
83
80
86
79
62
70
55
25
33
91
70
39
18
1
14
27
37
41
43
41
59
72
69
78
83
85
85
86
87
92
91
87
84
78
72
59
40
25
80
91
72
40
10
8
27
37
40
37
40
41
43
69
69
70
75
80
83
84
83
81
80
79
75
81
72
77
64
55
3
74
100
78
34
6
11
20
29
34
39
44
44
49
67
63
70
77
78
76
78
80
79
82
77
75
72
77
70
59
41
35
85
83
56
30
5
12
27
38
41
41
39
42
55
73
64
67
72
72
72
72
77
80
79
82
83
82
80
75
59
49
10
41
60
59
46
26
1
19
23
29
34
37
40
45
44
42
45
68
72
70
77
79
78
80
84
91
90
88
81
78
80
80
72
58
27
23
60
72
65
44
24
3
19
31
36
34
38
40
41
43
49
66
63
64
75
82
83
77
74
77
80
86
88
84
81
74
65
53
24
43
82
83
44
15
3
10
22
31
36
42
43
42
40
51
65
72
65
65
72
78
83
85
87
90
88
83
83
83
82
78
64
45
21
86
101
83
49
18
4
23
33
33
36
39
41
44
66
69
66
74
80
78
78
73
72
74
75
82
87
86
80
77
75
62
29
51
101
83
56
34
14
5
19
30
40
42
41
39
48
77
87
78
83
85
89
91
91
96
96
95
91
86
76
64
10
41
77
88
72
38
13
8
28
37
37
36
40
41
68
86
75
83
85
86
87
90
88
85
80
83
83
86
77
62
31
58
106
100
70
34
2
19
27
31
36
38
41
46
55
69
62
67
72
77
85
86
85
93
98
95
92
90
78
70
56
6
77
110

