88
41
11
1
16
27
34
40
42
59
68
62
69
75
79
72
73
72
70
70
67
65
63
60
56
37
21
74
60
25
3
8
21
29
36
42
44
52
60
54
56
59
62
61
56
61
67
71
72
70
62
70
68
64
59
52
13
32
60
49
25
2
16
31
37
36
37
40
41
44
48
62
59
61
71
77
80
75
77
77
76
75
77
73
74
70
66
61
49
12
70
68
45
27
8
7
20
31
39
42
39
39
41
46
70
63
63
68
72
77
78
77
75
72
72
72
74
77
72
70
65
59
49
9
73
87
65
29
7
4
17
27
34
41
42
44
50
68
65
75
81
80
80
88
89
90
90
87
79
77
80
86
70
55
14
73
86
83
60
29
4
17
31
37
34
37
40
41
58
75
70
78
88
92
93
97
95
96
98
103
100
98
90
80
64
51
20
109
143
98
52
25
7
10
22
32
40
42
38
40
57
76
70
72
75
78
81
85
86
90
89
84
85
86
86
86
78
61
27
44
85
101
84
46
13
8
15
25
32
37
41
42
45
50
72
70
77
88
83
81
83
83
83
82
80
74
69
67
58
49
4
70
72
52
33
14
2
15
28
38
41
41
44
65
67
66
77
78
79
82
84
86
87
85
78
77
73
64
52
11
54
60
53
39
19
3
11
25
37
41
41
37
41
44
67
83
69
72
77
81
85
87
85
85
78
85
81
79
69
49
12
63
78
64
36
12
6
27
36
37
36
39
40
41
48
64
66
66
80
90
90
88
85
83
88
91
90
88
83
77
65
46
23
91
102
77
32
7
4
17
27
33
39
41
43
40
51
73
69
80
83
83
83
85
87
85
85
82
82
80
74
69
51
22
80
86
67
36
11
7
24
34
40
37
38
40
41
49
68
60
63
72
77
80
82
78
82
85
84
83
78
75
70
60
50
29
29
72
70
44
21
7
9
21
31
39
42
40
45
64
61
62
65
66
72
73
75
72
72
74
75
75
80
80
75
67
51
5
64
85
67
37
6
14
21
29
34
38
44
45
59
65
60
67
76
80
81
83
87
88
88
87
86
82
78
65
60
41
29
77
82
67
41
19
1
17
33
40
38
37
40
41
61
78
70
77
85
89
91
93
92
90
90
91
91
90
83
63
47
32
97
114
88
50
11
12
23
27
34
37
40
45
47
56
60
59
68
75
85
83
88
88
88
90
91
88
79
67
62
46
25
91
90
61
33
12
6
21
32
40
42
41
59
73
67
71
68
68
71
73
74
74
77
75
75
75
78
76
70
58
30
49
93
91
60
29
0
20
27
30
35
38
41
55
64
59
69
77
83
85
80
80
83
87
87
84
86
82
76
59
19
59
99
77
41
17
3
13
25
33
41
43
41
56
70
66
75
77
77
80
83
83
85
85
82
80
75
72
66
54
7
52
75
73
48
21
0
19
32
37
34
38
40
42
59
67
63
72
82
86
89
85
80
79
86
80
82
81
77
72
62
54
4
75
102
70
35
14
0
14
27
36
41
42
37
40
42
61
70
64
70
75
80
83
83
80
75
74
75
75
73
67
59
50
7
55
77
64
37
5
15
23
29
34
37
40
44
46
55
64
60
67
74
75
70
71
74
77
78
83
81
78
74
72
69
59
37
10
44
62
59
42
20
2
19
32
34
34
38
40
41
53
71
65
72
83
85
87
86
85
86
90
94
93
93
88
84
67
58
21
67
124
110
70
37
12
6
21
34
40
43
55
75
70
75
82
83
85
90
91
90
89
91
82
83
72
56
10
67
80
74
55
28
9
10
27
36
40
37
40
55
73
67
72
72
76
82
88
90
86
78
77
76
77
72
70
57
45
10
52
64
61
41
12
7
14
23
31
35
40
41
44
45
63
60
61
69
70
71
74
75
75
77
77
70
69
65
65
56
49
9
53
54
44
24
7
10
23
35
41
37
38
40
49
72
60
63
62
60
63
69
79
82
88
85
95
97
99
98
83
59
25
45
85
92
69
25
0
9
18
27
34
38
42
44
48
74
72
81
94
91
92
96
100
103
100
97
91
85
77
64
51
9
77
101
93
70
36
12
8
26
36
40
39
64
77
83
93
95
97
98
100
98
98
93
86
79
65
49
17
83
96
65
34
17
0
15
27
36
41
42
41
60
69
69
82
81
81
83
86
88
91
91
84
82
78
75
72
58
2
59
83
82
57
31
8
13
28
36
33
37
38
40
44
47
65
60
60
68
75
80
78
77
78
83
90
90
83
75
73
65
54
25
32
59
45
35
23
7
7
18
31
36
37
35
38
39
41
49
59
64
57
60
67
69
68
64
63
59
59
62
61
60
59
59
62
62
58
45
5
39
48
37
21
3
10
22
34
39
37
37
39
40
41
58
73
67
68
77
83
85
83
83
85
85
85
85
81
77
69
59
34
19
63
72
51
29
14
0
12
22
31
40
41
39
37
40
41
43
65
69
63
67
77
80
83
86
85
85
83
83
83
83
81
75
67
60
41
25
78
82
67
46
27
8
9
22
36
40
42
63
65
65
69
70
72
76
83
85
89
91
90
88
80
75
64
37
45
80
80
64
37
13
6
25
35
40
38
62
91
100
84
83
83
82
83
83
83
83
78
75
72
67
55
21
37
75
88
70
40
14
5
27
36
37
36
42
70
75
69
72
76
79
81
83
83
80
80
83
81
80
76
72
58
31
41
75
86
72
40
10
10
17
27
33
40
68
66
60
64
69
72
74
75
72
70
72
74
78
77
72
69
60
51
19
82
78
49
23
5
10
24
33
40
42
41
62
72
65
63
62
62
65
71
75
77
79
76
75
77
72
72
63
55
23
33
71
70
47
21
7
23
28
31
36
38
41
48
64
58
61
68
73
80
74
75
76
75
80
84
83
80
72
56
50
25
47
87
72
45
23
1
15
28
38
41
42
55
69
66
77
80
80
85
85
86
91
88
86
82
80
83
77
65
48
16
72
108
90
54
22
0
22
34
34
35
38
42
67
67
69
76
86
90
94
85
94
95
91
87
85
81
77
68
54
19
34
88
106
67
29
9
6
19
30
36
41
43
44
66
64
68
77
75
79
87
89
91
91
91
88
85
81
73
61
30
38
83
90
66
36
12
8
29
37
38
36
40
54
77
67
74
78
82
83
88
90
86
85
85
87
90
85
77
60
44
19
74
96
83
51
11
10
18
26
33
37
40
42
45
56
68
65
75
83
78
80
84
85
85
86
88
79
78
72
65
54
13
49
61
67
54
30
10
8
25
34
40
36
38
40
41
45
58
72
68
75
88
90
88
84
85
88
93
91
73
67
65
60
53
25
23
58
55
41
26
12
0
13
25
37
40
39
37
39
45
72
74
69
75
78
82
81
84
88
88
87
87
88
85
74
59
45
13
64
88
80
51
13
8
17
25
32
36
39
42
47
64
67
70
80
88
85
83
88
91
93
97
98
92
88
82
71
54
15
72
82
75
62
38
14
5
24
34
39
36
38
40
41
44
49
67
63
67
75
76
79
79
80
83
84
83
83
80
73
62
54
38
19
70
64
45
26
8
6
19
30
37
41
37
38
40
48
69
59
60
66
74
82
83
80
80
83
83
85
82
78
75
70
59
46
3
54
81
60
34
17
3
10
23

