23
38
72
77
60
17
8
23
32
38
40
41
45
49
76
98
95
84
81
75
70
72
70
67
70
67
64
59
56
50
10
64
83
69
25
1
17
29
36
39
41
45
46
65
92
87
76
77
70
71
71
72
70
67
69
65
59
55
14
45
39
34
19
10
23
31
37
40
41
41
45
45
56
88
101
105
103
86
85
86
80
77
75
77
69
67
64
58
2
89
133
93
56
22
3
22
31
35
42
43
43
49
72
94
101
77
76
73
71
73
78
98
129
89
87
90
55
10
56
66
77
59
33
8
8
29
37
40
45
59
85
99
80
67
66
65
62
63
62
59
55
55
55
54
51
49
10
29
42
35
19
3
13
31
36
38
41
42
42
49

