29
12
3
6
12
14
23
25
21
21
23
25
24
30
27
25
26
27
26
31
31
27
27
27
27
27
34
31
25
26
27
27
27
34
29
25
27
27
27
27
33
29
26
28
32
41
62
101
117
146
170
171
146
134
135
106
62
21
14
49
61
55
55
51
42
33
25
10
8
10
13
19
21
23
27
29
27
27
27
27
27
29
30
27
26
27
27
27
29
30
28
27
29
29
29
29
31
29
28
29
31
31
31
37
31
27
29
29
29
28
30
31
29
29
29
29
30
31
32
31
29
30
31
31
31
33
32
30
30
31
31
32
34
39
38
38
40
40
40
35
31
26
22
23
26
27
29
32
33
31
33
44
59
74
95
124
137
155
179
200

