51
37
15
3
17
29
37
40
36
37
39
42
65
62
60
67
73
78
82
85
83
83
84
84
85
85
77
70
59
50
12
33
63
58
48
33
16
2
17
27
36
40
36
37
39
49
69
56
60
65
75
85
89
91
88
85
85
85
82
79
70
58
50
22
29
67
80
55
28
11
5
19
29
38
40
39
44
67
64
72
80
82
86
87
88
88
88
83
79
77
77
74
63
43
10
68
96
89
62
28
6
23
27
31
34
37
43
49
63
59
71
80
88
90
89
89
90
91
92
91
85
75
61
51
14
48
69
69
57
36
12
7
23
34
39
35
37
38
40
49
65
60
70
81
90
95
96
95
95
96
100
100
93
84
75
61
50
10
41
80

