83
72
55
29
5
14
32
37
37
36
49
70
67
73
81
85
91
94
98
104
103
104
100
99
95
76
50
19
77
104
101
72
37
0
19
25
29
33
37
41
41
48
64
59
67
73
77
77
82
83
85
86
85
77
74
72
67
58
37
27
68
80
69
41
13
8
29
37
36
35
38
44
69
60
64
72
80
85
87
91
88
88
88
92
90
83
69
56
44
6
56
85
71
39
16
2
12
25
32
39
41
39
49
67
59
69
72
77
82
88
92
91
88
84
80
77
75
64
39
31
78
88
66
36
8
16
31
36
33
36
38
41
63
60
62
72
77
82
86
86
86
88
85
82
78
77
69
59
50
5
51
82
67
37
15
1
13
25
32
39

