41
38
38
59
65
64
71
75
80
85
88
88
88
80
80
81
81
80
76
63
53
9
53
100
110
78
28
2
13
24
31
36
42
42
46
67
72
72
84
83
82
86
87
89
89
91
85
82
83
77
65
54
15
28
64
82
75
54
29
4
23
28
30
34
37
40
42
57
61
59
72
80
86
85
85
85
86
88
88
85
80
75
64
55
20
37
67
74
60
39
14
6
21
34
39
37
36
40
58
69
64
69
75
82
89
93
91
86
88
88
88
86
80
63
49
3
55
90
88
60
16
9
17
25
32
37
42
42
59
62
62
74
80
80
86
85
85
87
88
87
78
75
65
55
46
3
41
59
62
48
25
3
14
31
37
36
35
38
39
45

