85
93
90
85
84
82
85
82
79
74
64
54
19
45
83
67
41
21
6
10
22
31
38
41
37
37
49
69
64
72
77
82
83
88
91
91
87
85
85
83
81
67
53
16
55
101
95
64
31
5
24
29
31
35
37
40
45
59
53
59
67
74
82
83
83
85
83
83
78
70
62
59
58
56
52
24
15
48
60
52
33
10
7
27
35
34
34
37
39
44
64
58
64
74
83
93
96
93
93
94
95
95
88
79
69
56
44
3
58
95
77
48
25
7
10
23
32
39
41
37
37
49
70
63
67
72
81
93
97
103
111
101
100
98
93
93
85
67
50
4
72
110
114
93
44
8
10
17
28
33
37
42
45
55
70
66
82
91
92
94

