78
77
70
61
52
13
33
88
93
67
34
6
20
33
33
34
38
41
62
62
56
63
70
77
80
79
80
78
80
83
80
82
74
72
60
51
7
49
69
61
45
25
3
13
27
37
41
38
38
51
69
62
66
70
74
74
77
78
80
77
77
75
80
83
75
65
51
29
25
70
83
70
27
1
14
22
31
35
38
42
44
42
57
64
58
61
64
65
70
73
77
80
83
84
85
84
86
77
70
58
41
1
38
65
71
57
24
4
19
23
31
37
51
67
54
55
58
64
70
77
70
72
71
67
74
76
75
70
62
52
15
21
79
57
25
6
8
22
31
37
41
43
39
50
69
64
72
74
80
85
91
93
95
95
91
88
84
77
64
55

