211
217
227
219
202
184
157
114
48
10
35
69
85
100
117
122
112
109
101
83
60
26
5
35
95
185
267
314
318
343
342
319
284
257
234
208
182
135
45
23
73
106
114
120
134
128
137
140
148
142
127
101
55
12
58
141
223
249
272
288
286
278
266
230
210
188
86
19
52
90
111
118
124
135
135
127
116
111
110
104
75
1
46
98
155
197
227
241
228
220
207
167
91
17
34
83
98
110
120
111
104
98
89
80
72
58
19
10
37
70
106
146
190
196
195
211
217
204
170
91
10
32
67
83
101
94
92
86
78
73
66
46
21
7
7
18
27
35
69
82
91
114
125
122
129
98
32
6
42
60
56
37
30
21
12
4
1
14
21
25

