35
37
40
44
51
64
62
65
77
84
80
80
86
88
89
90
90
86
80
70
56
49
2
47
72
75
63
36
11
9
29
36
37
35
38
39
42
62
59
62
71
77
83
92
92
92
94
95
96
98
95
87
75
64
50
13
75
95
85
62
36
13
7
27
39
41
37
48
109
171
98
65
98
91
86
83
79
73
70
77
78
78
67
56
20
42
93
117
113
80
33
0
17
23
31
35
39
46
67
85
93
98
104
103
92
95
96
94
92
86
82
72
62
52
44
3
64
98
104
86
57
26
1
17
32
38
36
37
39
44
65
55
59
67
72
76
78
79
80
78
75
75
74
72
70
67
59
49
12
34
58
45
29
15
1
14
25
37
41
40

