42
62
62
60
64
64
69
70
72
75
76
73
72
70
64
53
6
38
41
31
19
2
12
24
34
40
41
37
39
45
65
73
65
72
77
79
82
84
83
81
81
83
83
84
80
68
55
27
19
54
70
69
36
10
2
13
24
31
37
41
42
38
41
62
78
74
75
77
80
80
83
84
85
80
77
75
74
72
62
51
28
13
49
70
67
48
10
11
19
25
32
36
39
42
46
58
60
62
72
77
75
77
80
81
85
85
85
80
77
75
72
64
52
17
29
72
83
69
42
13
13
29
31
33
37
39
42
49
62
57
67
74
80
83
82
83
83
85
88
88
85
80
75
65
55
41
14
58
79
75
52
25
2
17
32
38
36
37
40
46

