41
63
64
62
69
75
83
90
87
89
90
89
86
83
81
78
70
59
40
15
66
96
70
38
17
0
14
26
36
40
42
49
64
58
65
68
69
71
70
72
77
81
81
77
72
70
68
62
55
18
31
64
66
49
25
6
23
27
30
34
38
42
45
60
58
64
75
84
87
88
91
93
93
92
91
83
80
72
64
55
36
22
64
86
80
52
23
0
23
34
33
35
38
43
74
70
68
80
83
72
72
73
72
72
72
74
74
70
67
64
58
52
28
23
46
39
37
35
20
3
12
29
36
38
36
39
48
70
61
62
64
70
75
78
80
79
80
83
88
89
85
79
62
53
33
24
74
92
60
27
7
6
19
29
36
40
42
42
64
68

