77
85
81
84
88
90
91
88
86
83
84
84
82
73
59
31
19
59
80
79
61
23
1
12
19
28
33
38
41
46
60
64
64
76
78
75
77
80
84
87
88
85
80
78
76
72
60
49
3
46
83
90
69
38
2
19
27
29
34
37
40
44
59
60
58
69
75
78
77
80
84
86
88
90
87
84
80
74
60
41
34
78
80
63
40
14
6
21
34
40
37
37
50
72
67
75
78
85
91
95
96
95
91
90
85
84
85
80
72
57
37
17
63
93
101
59
26
8
7
19
29
37
40
41
42
64
62
73
78
80
83
88
91
93
91
88
83
84
80
75
63
0
79
109
91
55
21
5
27
37
35
36
38
40
46
62
58
59
69
75

