81
85
85
86
88
89
92
90
88
80
68
55
48
9
28
45
59
56
37
16
3
24
33
37
34
37
39
42
62
58
59
65
74
81
86
87
86
88
88
90
89
86
80
65
54
37
4
32
45
37
30
23
11
4
17
27
37
41
37
37
50
74
76
69
77
83
86
88
91
91
84
82
80
77
73
69
58
8
75
111
103
67
29
7
26
29
32
36
38
44
46
65
64
67
77
86
88
90
92
91
98
101
98
93
86
76
63
53
0
70
99
98
76
42
13
8
29
37
36
35
39
48
74
65
72
82
87
91
93
95
92
91
90
87
82
78
74
62
52
13
33
67
91
63
34
15
1
13
25
32
39
42
38
42
68
70
71
75
83
90

