70
65
72
74
82
85
88
90
89
85
83
84
86
87
83
78
67
55
23
37
81
83
65
45
26
5
11
25
36
41
37
37
46
75
74
72
72
77
82
87
90
91
88
87
86
90
87
80
65
53
31
21
63
88
80
40
13
0
11
21
30
37
40
41
40
62
67
70
78
77
80
85
88
91
93
92
91
88
85
86
83
74
57
48
4
60
122
129
90
34
4
7
19
29
34
41
42
41
45
65
61
62
66
69
74
81
85
88
90
86
83
83
83
83
74
59
49
14
31
67
81
70
31
2
11
18
28
33
37
41
44
44
60
61
59
69
69
72
78
82
85
88
90
88
86
85
80
75
63
52
23
29
78
96
80
51
9
15
23
28

