33
37
41
42
51
62
58
64
73
80
80
81
83
85
89
91
91
86
83
73
62
53
11
40
51
50
42
29
12
4
21
32
31
33
36
38
44
52
64
58
65
76
83
86
85
85
86
88
89
88
83
75
64
54
28
34
75
72
51
31
10
8
21
33
38
40
36
40
58
68
64
70
75
82
85
87
88
88
88
87
88
89
87
83
70
58
12
45
84
102
76
34
8
4
18
28
33
41
42
40
53
70
68
79
81
85
88
88
92
93
91
91
88
85
83
82
69
53
3
59
108
113
82
44
2
19
24
29
34
37
43
44
58
65
63
74
78
78
78
80
83
85
85
84
80
77
73
70
69
59
51
17
40
82
90
72
44
6
16
23

