9
27
34
33
36
38
40
46
60
59
59
69
78
83
83
86
88
88
91
91
90
86
85
68
58
42
16
50
63
64
49
26
3
13
31
38
36
37
46
67
62
62
72
83
91
113
110
113
106
112
102
102
83
68
5
111
138
114
75
37
0
21
27
29
34
37
44
43
52
77
82
81
90
88
88
86
93
93
96
95
91
88
85
81
68
50
1
65
116
129
101
62
14
10
18
25
32
37
42
43
55
66
62
70
77
82
83
85
90
95
97
93
83
72
65
54
45
5
71
85
60
36
13
6
19
29
39
44
51
66
61
66
69
70
73
79
80
83
82
83
82
80
70
66
56
52
11
27
57
68
53
29
3
19
31
36
33
37
38
41

