46
59
59
59
68
75
82
84
83
83
82
80
83
83
80
80
68
57
45
3
39
49
53
48
30
8
10
25
36
40
36
38
40
41
54
67
59
67
73
79
83
88
89
91
91
92
91
85
76
83
62
55
19
29
67
62
50
40
21
2
14
28
36
40
35
37
39
41
62
65
62
68
72
78
85
83
84
88
88
92
91
85
78
85
67
60
42
20
68
77
75
59
31
7
10
29
36
38
35
38
40
46
69
62
68
75
85
92
93
87
80
77
74
75
77
77
75
77
64
54
8
45
72
70
57
37
13
4
19
34
40
38
37
51
70
65
69
72
78
82
85
83
84
78
83
78
81
83
75
64
52
19
42
86
93
70
23
5
15
22

