3
17
27
37
41
37
36
41
56
77
67
68
70
80
97
108
106
111
109
101
94
93
77
62
52
21
40
82
104
94
51
21
5
10
21
30
39
41
39
40
63
64
70
73
82
91
95
98
104
106
107
100
91
84
80
64
54
12
56
102
118
92
53
10
12
19
25
32
36
42
41
49
64
63
67
75
82
83
88
91
93
92
91
84
84
82
70
59
34
20
61
78
76
51
24
2
21
33
33
33
37
38
41
59
62
58
64
72
79
85
86
88
91
93
93
90
84
77
71
59
50
2
54
78
70
49
29
10
8
22
36
40
38
36
41
63
72
65
70
75
83
89
93
97
95
94
93
91
88
83
75
60
54
6
39
74
100
82
36
7

