51
14
36
70
90
67
31
8
4
17
26
33
41
42
41
46
65
60
69
74
77
82
85
90
90
85
85
91
84
84
83
68
59
29
14
62
81
74
49
20
10
27
29
32
36
38
41
42
56
65
63
72
78
83
80
80
83
86
87
85
80
81
79
76
72
59
50
13
12
44
69
69
51
27
3
20
28
29
34
37
39
45
51
62
58
59
67
75
76
77
78
80
83
85
85
80
77
73
70
63
51
8
46
77
84
60
31
4
17
31
37
34
37
39
42
64
63
66
74
83
91
95
93
91
95
93
93
95
90
88
75
56
48
3
59
82
74
55
38
16
2
18
34
39
38
39
60
64
67
72
75
80
82
85
87
85
86
85
83
85

