93
93
90
91
86
78
70
55
27
13
72
96
85
55
25
1
22
33
31
34
37
39
45
53
62
63
72
80
85
88
88
89
88
93
91
91
93
83
78
69
59
41
17
78
107
96
62
29
2
21
33
34
33
37
38
41
59
57
59
68
80
86
91
90
88
87
88
88
88
82
81
78
69
58
37
49
95
96
77
44
14
6
27
36
37
34
38
40
55
64
63
71
80
88
90
91
87
86
88
91
91
91
88
82
67
54
21
29
88
90
71
51
25
2
16
32
38
39
35
40
61
80
72
77
80
90
93
93
95
92
89
88
89
90
90
83
64
41
27
85
121
115
69
21
2
11
23
31
36
42
43
46
69
72
75
89
90
89
93
95

