77
85
89
86
88
90
93
93
91
90
86
76
60
51
3
64
75
72
56
33
9
10
27
36
40
36
41
63
63
64
67
73
78
80
86
91
90
86
85
85
86
85
83
72
56
45
0
59
93
77
46
23
9
7
21
30
38
41
37
37
46
64
62
59
63
68
74
77
80
83
82
82
80
81
83
84
80
75
64
54
19
40
98
97
67
39
15
7
22
34
39
41
46
71
69
73
80
86
93
103
112
108
108
103
101
101
93
80
60
36
33
102
136
119
79
27
0
14
19
29
34
41
42
44
63
72
75
90
100
106
122
118
111
111
119
105
98
103
103
101
98
93
98
111
140
106
72
56
42
33
30
29
27
25
25
25
25
25
25
27

