27
13
98
104
93
47
64
67
49
31
5
5
29
35
36
37
37
37
38
40
41
42
43
44
43
42
42
41
41
41
41
41
41
40
40
39
37
36
33
29
25
19
16
0
2
175
469
495
547
595
593
622
737
800
800
693
595
598
585
436
67
37
136
244
301
416
464
502
475
421
333
264
194
155
138
109
83
29
8
36
72
101
235
432
451
463
454
395
304
229
61
62
164
218
250
262
260
251
208
186
117
44
6
22
74
225
315
349
358
368
307
138
59
138
198
190
154
142
116
67
25
2
5
11
26
114
244
301
294
309
340
321
229
15
77
145
166
167
168
130
86
40
9
0
6
10
12
15
17
17
19
25
52
106
166
215
259
254
208
93

