93
103
110
111
93
10
106
116
65
0
23
30
33
34
37
38
41
42
63
98
104
112
132
161
213
268
280
218
166
154
145
129
122
25
66
177
295
352
340
194
36
3
21
30
37
56
129
136
147
165
182
213
287
395
357
221
112
21
32
110
192
242
242
226
167
48
4
20
29
34
40
64
121
166
141
124
123
125
127
128
118
107
96
46
111
223
251
170
42
5
21
27
32
34
36
38
38
40
41
45
72
103
122
127
135
135
143
146
139
115
116
67
19
98
154
163
107
41
3
23
29
33
34
37
38
39
40
41
41
41
41
42
49
61
75
86
68
44
28
27
25
25
30
37
45
77
124
192
222
237
221
178
106
25
45
100
96
68
41
18

