145
145
141
136
121
94
62
7
64
95
109
114
118
126
121
103
83
55
22
27
59
112
181
226
244
255
244
235
226
218
195
136
65
10
47
82
112
145
171
160
155
141
118
80
23
44
116
171
202
216
220
209
203
192
159
109
11
40
66
70
72
79
83
88
86
79
54
33
17
1
27
55
77
83
80
77
75
70
65
55
51
52
56
59
67
32
33
33
23
11
11
4
5
5
10
12
14
16
18
27
42
51
59
64
67
67
59
53
54
53
52
52
57
54
17
12
4
0
0
1
10
22
31
36
36
36
34
32
27
27
27
28
28
31
34
36
38
43
50
55
65
73
81
89
93
93
93
95
85
64
37
17
5
10
2
0
2
5
8
10

