38
38
40
41
51
70
70
67
67
72
70
68
62
63
64
67
72
91
101
101
97
93
14
66
113
125
91
31
3
21
31
34
37
37
39
40
45
72
96
111
122
114
101
103
103
101
100
95
88
88
85
69
71
199
225
162
79
4
21
29
32
34
37
38
40
41
43
59
93
101
83
85
90
94
91
88
79
74
78
72
36
67
144
145
73
6
19
29
32
36
37
39
40
40
41
42
43
48
68
84
80
73
74
83
87
80
78
75
71
67
63
8
98
135
69
7
25
31
36
37
38
39
40
41
41
42
48
69
83
83
70
77
88
101
117
116
97
77
69
61
33
52
106
133
91
11
19
29
34
37
38
39
41
41
41
42
42
42
43
44

