38
39
41
41
42
43
46
59
64
63
64
57
58
55
54
61
60
61
55
51
52
44
37
28
54
31
16
29
34
38
39
41
41
41
42
44
53
58
59
59
55
51
51
52
55
56
58
58
54
51
51
50
45
42
38
21
32
40
7
25
33
36
37
40
41
41
41
43
45
51
49
49
50
50
50
49
48
46
48
49
49
46
45
47
49
51
58
58
46
15
31
4
29
34
37
39
40
41
41
41
42
42
45
58
74
69
67
59
64
64
71
75
77
77
72
57
75
66
69
55
25
50
95
103
35
15
28
33
37
39
41
41
42
42
45
55
61
62
62
63
64
69
60
64
68
82
96
104
109
106
102
93
80
48
43
103
108
83
52
3

