97
94
113
129
120
122
138
149
126
93
70
73
187
249
164
45
8
25
31
34
37
39
40
41
44
56
62
66
64
69
83
101
108
116
134
145
138
135
136
131
116
45
112
207
253
191
67
5
26
32
36
38
40
41
44
71
111
126
129
160
191
177
157
146
131
120
109
49
28
149
239
253
230
115
6
22
31
36
38
40
41
41
42
45
56
91
109
90
75
65
69
63
62
61
56
67
45
60
58
23
109
117
33
17
29
34
37
38
40
41
41
42
42
43
45
59
63
62
56
52
49
58
56
56
57
43
51
50
47
44
29
31
33
8
30
35
37
40
41
41
41
41
42
42
42
44
46
48
49
49
49
48
49
51
47
54
59
49
51
45

