42
41
37
33
27
11
20
27
33
38
40
41
42
42
42
42
43
44
52
72
76
69
64
63
59
64
66
70
60
66
53
64
65
51
28
83
58
9
27
33
37
38
40
40
41
41
42
43
45
63
98
106
79
72
75
79
75
78
87
75
58
46
40
36
28
34
50
41
27
3
13
21
27
33
38
41
41
42
48
56
64
67
59
52
54
56
55
54
55
54
52
52
41
40
39
38
21
13
21
10
23
27
32
36
39
40
41
41
42
42
44
49
58
63
59
59
57
54
45
45
50
59
71
58
65
70
55
50
21
64
46
8
27
33
36
38
40
41
41
41
42
42
42
44
48
49
50
50
49
49
50
54
56
58
54
51
55
45
53
54

