48
8
12
11
6
28
34
37
38
40
41
41
41
42
42
45
59
61
58
58
58
56
57
62
55
65
59
61
63
67
51
46
39
17
60
41
13
27
33
36
38
39
40
41
41
42
44
55
56
56
55
57
60
61
58
54
63
65
42
54
79
75
59
59
54
62
67
29
84
109
55
8
27
33
35
37
40
41
41
42
45
54
64
55
54
52
51
50
49
46
46
45
49
58
65
64
63
62
61
48
10
46
32
12
29
34
37
38
40
41
41
41
42
45
52
58
59
60
59
54
54
49
49
57
65
55
58
49
51
59
64
48
54
53
9
24
32
35
37
37
39
40
41
41
42
46
62
58
55
54
52
54
62
55
63
49
51
56
67
48

