28
33
38
52
145
216
234
259
261
244
218
204
186
151
34
83
91
136
152
176
172
148
109
55
0
25
33
37
39
45
88
96
109
113
108
140
136
128
124
130
114
129
68
54
4
9
51
60
49
42
41
29
4
21
29
33
36
37
37
39
40
41
49
93
151
177
161
155
129
119
111
91
73
64
52
6
104
172
131
10
5
3
19
26
29
31
33
36
37
38
38
39
40
40
40
40
40
40
40
39
40
42
52
64
74
80
87
90
80
75
65
59
58
45
30
25
4
8
10
12
14
20
25
27
30
33
34
36
37
37
38
38
38
38
38
40
42
42
42
47
51
54
55
55
55
50
45
44
41
38
36
27
14
12
16
19
23
27
31
33

