37
37
38
38
38
39
40
40
41
41
41
41
41
41
41
41
41
41
41
41
40
41
40
40
14
17
31
35
36
36
37
37
40
42
45
54
70
80
103
110
106
108
121
114
103
91
58
72
370
581
610
514
136
2
31
44
121
213
215
200
181
176
177
160
131
63
14
94
85
96
100
99
66
0
31
121
222
254
208
175
165
164
116
25
42
32
49
53
51
34
14
17
33
40
43
45
46
48
58
68
72
70
67
57
51
52
68
93
106
104
93
78
11
249
277
63
3
23
34
40
42
44
45
45
46
46
46
46
47
47
47
47
48
48
47
48
47
46
46
46
47
46
46
46
46
46
46
46
46
45
23
29
41
43
44
45
45
45
45
45

