29
27
27
28
28
31
32
31
30
29
33
34
33
31
32
32
33
33
33
31
41
74
133
191
202
202
217
218
197
160
83
2
51
95
106
91
60
34
18
4
4
11
22
26
25
25
27
29
30
32
32
29
30
34
42
54
107
192
157
155
156
143
119
98
53
21
10
1
13
23
6
16
26
29
12
29
81
53
19
8
5
21
23
27
1
15
26
32
32
32
32
32
32
38
23
21
2
11
15
19
22
28
32
33
29
31
32
33
35
35
30
33
35
38
52
107
151
116
117
117
116
103
88
73
41
11
10
50
59
55
58
48
33
23
12
10
1
0
9
15
9
2
31
25
33
35
34
15
21
34
36
35
35
35
36
36
31
25
25
25

