29
30
31
36
36
34
34
34
35
38
37
36
34
38
67
121
154
164
162
164
155
144
121
74
21
7
19
25
14
9
6
3
8
8
15
21
22
23
25
28
32
33
33
31
31
31
32
35
35
33
32
33
33
36
45
55
72
106
141
156
171
175
168
162
155
142
98
29
2
38
72
83
75
54
43
19
1
5
12
19
18
14
30
31
33
33
31
25
28
33
34
33
33
34
34
35
29
25
25
29
31
35
36
44
72
146
119
115
131
134
135
146
136
108
80
29
5
32
64
70
59
55
47
30
27
19
11
6
0
8
14
23
27
27
25
29
31
33
35
36
33
39
58
82
98
109
112
111
116
124
121
106
83
45
19
0
14
23
22
22

