18
15
12
10
8
1
8
9
12
16
19
24
30
32
31
31
32
32
34
37
37
34
33
34
34
36
39
38
36
34
35
35
36
38
38
37
34
34
35
36
37
37
38
34
34
35
35
35
37
38
35
34
35
36
36
40
39
36
35
36
36
36
40
40
37
35
36
36
36
38
39
38
36
37
40
52
68
77
86
95
101
108
112
111
98
85
72
47
19
12
32
31
36
26
15
9
2
13
25
29
29
31
34
36
42
59
91
127
140
170
161
123
119
130
135
135
141
151
164
167
197
248
313
345
322
271
125
17
2
19
10
23
56
156
158
168
124
70
101
63
54
47
67
75
28
1
19
24
25
6
25
10
32
34
33
33
33
33
33
33

