14
14
10
3
7
20
25
24
27
29
31
33
34
34
31
32
33
34
37
37
37
33
35
35
36
38
39
38
34
35
36
37
37
41
42
42
55
80
96
107
104
104
102
104
100
83
60
41
26
7
10
19
17
17
16
10
6
1
10
14
20
29
33
32
32
34
37
41
52
75
88
98
108
112
116
122
119
114
107
86
54
30
21
0
34
51
53
47
33
23
16
10
1
7
17
25
28
29
28
31
33
36
42
51
51
46
43
42
46
51
45
45
44
44
45
41
26
21
21
21
24
27
30
33
36
38
38
36
36
37
37
37
41
42
44
46
46
43
41
40
39
40
40
40
41
39
33
33
34
32
33
33
33
33
35
36
36
36
39
41

