38
22
15
19
21
21
23
22
21
50
125
177
204
224
238
257
268
274
285
312
336
358
297
196
1
111
162
164
135
72
489
721
535
282
77
171
525
634
651
642
633
555
424
232
29
80
227
334
395
405
390
358
332
218
14
253
462
520
519
496
458
399
304
125
26
130
210
249
260
254
239
238
235
176
56
73
222
334
358
342
332
314
259
140
8
101
164
181
190
182
166
153
128
101
69
19
21
69
140
200
233
256
253
223
193
129
32
21
88
130
124
108
116
116
95
56
33
9
10
19
23
27
29
32
44
70
93
109
123
121
111
106
78
23
14
35
32
31
25
16
7
4
14
21
25
27
29
30
31
31
32
33
40
56
72
83
92
96
88
85

