21
28
32
33
39
62
75
69
59
58
55
49
45
44
45
44
44
45
44
40
41
46
7
23
27
13
10
22
27
31
33
36
36
38
47
64
72
68
62
56
54
49
48
49
49
48
46
45
41
40
42
42
3
25
27
2
12
21
27
32
34
36
38
41
54
72
76
69
62
60
55
51
51
51
51
50
49
46
42
42
46
21
37
49
33
0
19
27
32
34
36
37
48
77
76
65
64
60
57
55
50
49
50
52
52
51
53
52
50
54
37
53
69
45
11
15
26
31
34
37
38
54
85
67
62
58
58
60
65
62
62
67
67
65
67
67
59
55
62
10
101
92
49
2
17
27
33
35
37
38
45
78
88
72
67
64
58
53
52
52

