54
55
58
55
54
59
62
59
56
33
77
93
67
27
7
24
31
33
36
37
40
48
86
92
69
63
60
60
58
63
63
58
57
60
60
57
60
21
77
76
45
6
19
29
33
35
37
38
39
45
77
93
75
64
58
56
55
55
55
55
50
51
53
54
55
52
58
4
51
52
31
3
17
28
33
36
37
38
40
45
71
95
71
64
61
59
59
55
54
52
56
59
64
67
65
60
60
17
78
72
35
1
21
31
34
36
38
40
41
54
102
119
102
86
83
75
72
68
65
67
71
98
88
62
34
87
133
125
79
29
9
26
32
35
38
40
41
41
49
79
98
83
77
75
69
62
60
59
63
62
68
69
63
64
63
61
31
88
112
91

