53
11
17
30
34
37
39
40
41
42
53
98
109
80
72
66
63
58
61
58
57
60
62
63
65
80
23
85
77
41
7
19
29
34
37
38
41
48
95
171
208
214
206
198
189
161
135
83
2
126
222
219
154
59
9
15
29
33
36
38
40
40
41
45
63
84
80
58
55
55
55
53
58
62
62
60
62
63
45
25
61
37
9
8
24
32
36
37
38
41
41
41
45
63
85
97
91
70
67
66
64
63
60
58
52
47
49
1
41
48
33
11
12
26
31
34
37
39
40
41
42
42
43
47
62
77
86
88
73
63
64
64
63
59
58
56
51
48
48
41
22
54
48
29
0
17
27
33
37
38
40
41
42
44
54
74
83
73
66
59

