40
41
42
52
120
119
103
91
82
85
86
93
86
85
82
72
65
69
10
171
183
128
42
5
25
34
38
40
41
42
44
47
72
112
111
95
80
69
68
73
65
72
70
68
61
54
60
17
113
116
77
16
15
29
36
39
41
42
43
44
44
45
56
93
119
98
78
72
67
70
70
71
67
61
59
59
59
14
98
109
62
15
10
29
36
38
41
42
43
44
47
70
106
109
90
75
72
70
70
70
72
68
59
55
57
19
98
114
78
19
14
28
35
39
41
42
44
45
45
56
91
114
94
78
65
61
61
60
59
59
58
52
45
50
8
56
56
34
4
19
29
34
39
41
42
43
45
47
67
101
116
88
74
63
60
62
64
70
72
70

