27
33
38
41
41
41
43
44
55
93
101
80
74
68
63
56
56
50
48
52
51
50
49
53
31
44
64
44
8
17
31
36
39
41
41
44
55
92
94
72
63
59
62
61
58
62
57
55
60
56
54
58
54
54
1
77
75
42
5
20
31
37
40
41
42
43
46
74
104
82
75
70
68
70
64
64
59
61
59
58
56
59
51
44
11
67
99
62
17
13
31
36
38
41
42
42
44
54
84
93
83
75
71
67
64
57
57
56
55
52
61
55
53
45
55
26
88
81
46
0
23
32
37
40
41
42
44
46
68
103
88
77
70
64
63
64
63
65
61
62
64
55
50
51
7
85
86
51
3
23
32
37
40
41
42
46
74
91
80
74

