72
74
72
67
63
69
70
72
72
71
59
60
10
105
106
67
22
14
30
35
38
41
42
42
45
64
97
99
85
72
67
64
63
58
63
65
62
62
58
54
51
56
59
99
80
31
8
25
33
38
41
41
43
44
47
69
101
88
76
70
59
59
62
63
62
67
65
59
62
52
64
16
101
92
41
3
23
33
38
40
41
43
44
52
86
119
101
85
75
64
62
67
64
70
65
65
52
47
45
57
100
87
44
1
25
33
37
41
41
43
44
47
67
95
101
85
76
69
63
62
63
64
65
62
58
57
46
49
9
71
75
48
10
17
29
35
40
41
42
44
46
67
98
119
109
101
93
83
83
86
94
78
79
76
62
58
18
85
108
103

