37
38
42
65
109
109
83
72
69
64
66
60
60
54
54
49
56
61
62
64
98
81
49
10
15
28
33
37
39
40
41
54
93
103
83
67
66
64
55
66
58
64
56
52
45
44
45
36
29
19
25
26
27
29
29
31
31
32
34
39
51
75
90
83
74
67
61
58
58
66
52
55
55
51
42
46
37
70
104
82
31
7
23
31
36
37
39
41
42
58
91
87
75
70
69
59
50
57
56
58
54
52
50
46
56
42
81
60
19
10
27
33
36
38
40
41
41
44
69
88
75
69
66
64
60
60
63
62
58
59
59
53
45
45
27
67
78
49
10
18
31
34
37
39
40
41
47
75
92
78
72
67
59
54
57
59
52
52
57
54

