50
45
44
29
5
19
24
25
29
31
32
32
33
35
37
45
65
85
96
91
77
73
63
64
64
67
65
68
58
59
48
52
11
72
44
6
17
23
27
27
29
31
33
36
39
50
72
92
91
77
71
61
70
69
72
69
60
65
51
47
38
55
0
77
77
3
15
19
22
25
29
32
35
38
42
58
81
88
83
77
67
64
63
60
67
50
56
45
40
37
42
35
31
27
27
29
31
32
33
33
34
35
36
41
55
74
86
84
77
64
56
60
54
51
60
62
49
48
40
35
35
34
23
27
28
29
31
32
32
33
32
33
34
45
64
77
85
72
59
54
55
49
54
55
57
45
42
42
46
55
3
51
45
8
20
24
26
27
29
31

