50
31
100
122
88
27
10
25
33
36
38
40
44
72
108
99
89
81
75
75
69
65
68
68
70
72
67
58
54
60
93
148
119
59
5
19
29
35
37
40
41
42
49
78
111
91
82
71
64
64
67
70
77
89
98
104
45
117
140
96
29
11
27
33
38
45
114
248
278
250
188
176
161
125
114
111
52
12
23
42
60
46
36
34
34
33
28
19
6
13
63
134
196
234
228
206
163
137
112
67
15
6
35
57
74
100
124
91
62
48
38
31
25
7
33
114
167
185
188
173
153
142
126
78
0
41
13
5
12
10
10
14
17
27
25
25
25
25
25
27
31
64
121
143
155
146
140
119
86
37
12
23
0
8
14
19
26
27
27
29

