19
21
23
25
29
49
78
99
111
109
98
82
80
77
72
66
60
23
79
80
4
4
6
8
9
13
15
15
16
19
23
24
25
25
26
28
37
61
79
86
88
78
66
63
65
71
74
75
70
1
93
96
25
2
10
11
11
15
17
21
24
26
32
51
72
79
75
75
72
66
61
59
52
45
36
67
49
0
9
10
12
15
17
22
25
27
27
27
29
29
29
29
33
44
59
71
77
77
75
72
67
67
62
55
48
45
21
49
57
1
6
13
15
17
18
19
22
25
27
27
29
29
29
33
45
62
72
64
60
60
56
56
56
55
49
47
48
49
6
64
64
45
14
5
17
23
26
27
28
29
29
30
31
33
53
79
74
58
58
58

