60
62
64
62
56
54
52
51
49
9
65
60
50
32
7
12
21
25
27
29
29
31
32
33
47
74
64
57
57
55
55
57
60
62
64
69
56
56
4
62
59
41
16
10
21
25
28
29
31
33
45
75
95
78
70
60
56
55
53
52
54
54
50
45
50
13
69
71
52
15
13
21
26
29
31
32
33
34
38
60
81
75
64
63
61
55
52
52
54
52
50
50
47
46
2
46
49
23
3
8
21
27
30
32
33
34
34
36
50
70
72
70
69
65
64
58
54
55
55
58
56
52
52
44
40
17
58
56
8
7
12
17
22
29
32
33
34
34
36
38
51
70
82
83
80
72
64
62
60
62
60
63
64
56
55
49
49
19
66
26

