91
101
88
75
67
63
59
59
55
52
58
52
49
43
27
28
72
72
42
4
12
26
32
34
36
37
37
40
51
70
82
77
70
67
62
62
60
55
56
55
51
49
39
45
31
7
16
13
21
24
23
25
25
27
32
36
37
44
63
77
83
77
72
60
59
57
53
55
55
56
48
42
52
12
67
67
40
1
21
28
32
34
36
37
37
38
39
42
60
88
100
91
74
67
66
65
64
62
62
60
53
50
51
40
45
77
74
40
13
11
27
31
34
36
37
38
50
80
94
80
71
64
62
60
58
58
59
56
52
45
46
33
7
39
10
17
23
24
27
29
30
34
37
44
63
73
75
72
69
63
54
54
52
57
51
47
53
41
50
24

