101
96
93
92
91
101
110
113
114
111
95
52
128
139
116
70
6
21
28
33
40
135
268
303
348
367
348
333
283
166
35
4
25
82
139
182
215
176
139
109
2
245
454
527
519
441
332
135
7
96
192
212
191
174
162
131
67
11
14
48
152
281
265
204
187
164
122
4
74
15
2
7
23
23
23
23
23
23
23
21
21
21
22
34
67
93
103
94
73
59
55
52
51
53
8
72
64
38
1
9
12
14
15
17
21
29
45
70
83
72
58
51
48
47
45
42
45
48
32
19
49
42
21
1
12
21
26
27
29
32
33
41
63
76
69
64
63
63
64
64
62
49
25
1
19
24
13
0
16
24
25
27
29
31
32
36
48
62
72
80

