14
12
17
23
25
27
27
27
27
29
29
31
34
49
65
81
90
72
63
50
44
45
44
43
43
42
41
37
33
25
9
15
15
17
23
24
25
25
25
25
27
30
33
43
62
84
87
78
64
55
49
47
47
46
45
45
41
37
35
20
12
11
18
21
22
23
25
27
27
27
28
31
44
67
90
86
74
63
50
45
45
44
44
44
44
41
37
35
19
17
11
21
23
25
25
27
27
27
27
29
36
57
78
90
73
60
52
46
44
45
46
45
45
45
42
37
36
11
13
16
21
23
24
25
27
27
27
28
29
41
69
84
77
64
58
50
46
43
42
44
44
44
42
37
34
15
13
19
23
23
25
25
27
27
28
31
55
89
88
62

