44
45
44
44
43
40
33
32
15
11
9
13
18
21
23
24
25
27
29
34
59
77
78
69
63
55
50
48
44
45
45
45
45
45
41
34
22
13
12
21
21
23
25
25
26
27
28
29
31
38
55
77
91
77
67
57
48
44
45
47
48
49
50
48
37
32
15
10
20
23
23
25
27
27
27
27
29
30
33
49
78
95
82
64
54
49
45
44
45
45
46
45
44
38
33
21
15
10
15
22
24
25
27
26
27
27
29
38
65
93
106
82
67
58
49
45
44
44
46
44
45
42
36
34
10
11
10
20
23
24
25
26
27
27
27
29
31
37
56
82
94
83
69
56
48
46
44
44
42
44
40
37
34
32
33
19
13
10
21
23

