23
25
25
25
26
29
31
45
69
86
88
69
56
47
45
45
45
43
44
41
37
34
23
8
11
13
21
24
25
25
27
27
27
29
35
55
77
88
76
64
59
48
42
42
42
42
42
42
39
35
34
15
14
12
12
17
23
25
26
26
27
28
29
33
49
72
83
73
60
55
47
44
44
44
44
45
45
42
37
35
27
15
11
17
22
23
25
25
27
27
27
29
32
49
74
91
78
65
60
51
45
44
45
43
43
43
38
33
34
13
14
12
19
22
25
25
27
27
27
29
29
32
41
63
90
93
80
67
58
49
45
45
45
45
43
41
36
32
27
17
10
19
23
25
25
27
27
27
27
29
31
41
67
88
91
72
64
56
47
45

