45
47
46
45
45
42
37
33
15
14
10
17
24
25
27
27
28
29
29
31
47
73
83
67
59
51
46
43
42
42
43
40
37
34
36
11
14
12
14
19
22
25
26
27
29
45
74
93
78
61
59
55
50
48
48
45
38
39
42
42
37
22
13
10
11
21
23
24
25
26
27
27
29
42
69
90
87
62
55
50
46
45
45
46
40
37
33
33
21
17
13
15
20
22
23
24
25
27
30
38
64
91
96
79
64
58
49
47
48
48
46
48
46
41
34
21
11
10
9
21
23
25
25
25
26
27
28
31
44
72
90
93
76
65
57
51
47
46
48
46
47
45
42
34
29
14
9
19
21
23
25
27
27
27
27
27
29
34
56
80

