37
38
17
14
20
21
24
26
27
27
28
29
29
29
35
59
88
89
69
57
51
46
45
46
47
46
46
46
41
37
37
14
15
12
15
21
23
23
25
25
26
27
29
32
42
64
88
95
86
70
58
51
49
50
51
51
49
45
38
37
10
11
14
20
21
23
24
25
26
26
26
27
30
34
50
83
104
95
80
62
54
49
48
46
45
44
43
38
33
33
12
11
10
21
23
23
25
25
26
26
27
28
31
41
63
86
93
78
68
59
51
48
47
49
49
49
45
40
38
10
11
9
19
23
25
25
26
27
27
27
29
39
61
80
92
74
60
52
44
43
43
44
43
44
41
38
35
19
6
10
17
21
21
23
24
25
26
27
28
36

