46
43
43
45
45
45
44
41
35
35
12
13
10
17
21
23
25
25
27
27
29
34
55
70
80
82
65
58
53
50
49
50
49
46
45
41
33
33
14
15
11
11
19
23
23
25
25
26
27
29
32
44
67
84
91
76
69
63
55
52
52
51
49
42
42
40
35
34
10
8
10
21
23
24
25
25
25
25
27
29
34
53
83
114
108
96
77
58
51
48
48
46
45
40
33
33
10
10
11
19
19
22
25
26
27
27
27
28
30
34
47
70
85
81
67
56
46
47
46
45
44
43
42
37
34
25
7
14
20
22
24
25
26
27
27
27
29
44
71
85
72
62
54
49
44
41
41
42
42
43
44
41
35
35
14
13
10
17
23
25

