25
26
27
27
28
31
40
61
77
82
65
57
49
45
43
44
43
44
43
41
37
33
33
15
14
11
14
21
24
25
25
25
27
29
34
55
75
89
76
64
58
47
44
44
44
43
43
43
39
36
37
6
10
15
18
20
23
25
25
27
27
28
29
32
37
55
77
91
85
68
55
45
45
42
42
45
45
43
40
36
29
14
10
18
23
25
25
26
27
27
28
29
37
59
79
84
68
60
52
47
45
48
52
52
55
64
40
40
8
7
17
21
21
21
23
24
25
25
25
26
29
45
70
90
93
72
62
51
47
46
46
46
46
49
45
41
40
17
11
16
19
21
23
23
23
25
25
25
27
29
33
55
85
96
78
63
54
49
48
48

