51
51
50
48
45
42
42
2
10
17
19
20
21
23
23
24
25
25
25
34
62
90
93
73
65
56
51
43
41
43
44
44
38
33
42
6
13
17
19
21
23
23
25
25
25
25
31
52
88
106
101
95
94
88
67
51
45
43
42
41
37
33
25
18
9
17
18
20
23
25
25
27
27
27
27
36
55
74
83
69
63
54
49
46
47
47
49
49
48
44
36
34
17
11
19
19
21
24
25
25
26
27
27
27
31
43
61
78
83
72
64
54
46
42
43
43
42
43
44
38
35
25
14
6
15
19
21
23
24
25
25
25
27
31
50
76
87
80
65
57
48
44
45
44
43
45
46
42
36
36
17
13
15
20
21
23
25
25
26
26

