27
27
30
39
60
86
88
72
72
65
59
60
62
60
61
59
50
49
4
9
13
15
17
19
21
21
23
24
24
24
25
31
55
86
107
101
84
69
64
60
54
45
42
41
40
41
37
32
10
14
19
21
22
23
24
25
25
27
27
27
37
55
70
67
67
57
55
50
50
49
40
37
36
33
35
17
18
11
10
12
14
17
17
18
19
22
29
46
69
83
80
72
65
51
46
48
50
50
54
52
37
34
36
11
11
8
21
21
23
24
25
25
26
26
27
29
43
67
71
67
64
59
50
45
41
41
42
43
43
41
37
38
18
13
19
23
24
25
25
27
27
27
27
29
37
54
60
67
57
50
48
41
41
42
41
42
41
40
36
33

