62
55
49
47
46
42
44
45
43
39
37
19
15
10
20
23
23
25
27
27
29
40
72
81
62
52
48
46
45
45
45
45
44
41
38
38
21
15
12
21
25
26
27
27
28
29
47
73
58
51
49
48
47
48
40
41
42
43
41
42
40
37
29
19
14
14
22
24
26
27
27
29
36
70
88
60
49
45
45
44
44
44
41
40
41
42
40
37
33
19
15
15
23
25
25
26
27
29
31
48
76
77
60
48
39
41
47
51
51
51
49
44
43
45
45
41
43
0
17
21
21
23
24
25
27
27
29
29
38
70
100
88
69
56
49
49
49
50
49
49
45
43
44
43
40
21
9
21
21
23
25
25
27
27
29
29
37
64
88
75

