64
56
49
46
44
49
52
53
55
51
50
48
43
46
6
17
20
21
22
23
25
26
27
27
29
33
56
86
95
72
60
49
45
48
48
49
49
45
41
39
42
43
41
41
12
10
20
22
23
25
25
27
27
28
29
29
36
64
95
94
67
54
48
47
46
48
46
42
43
46
45
42
45
3
10
20
22
23
25
25
27
27
28
29
31
48
72
83
85
69
62
58
49
48
49
49
49
50
50
49
44
45
10
11
17
18
20
21
23
25
26
27
27
29
38
70
95
78
64
54
50
51
52
53
49
46
48
46
41
38
9
9
13
21
23
23
25
26
27
27
31
52
98
101
75
57
49
49
49
49
51
51
44
37
36
21
11
16
22
24

