25
25
26
27
27
27
34
60
88
77
67
58
50
45
45
46
46
46
46
44
37
34
23
15
9
21
23
25
25
26
27
27
27
29
37
62
81
77
65
55
49
44
44
46
45
45
46
45
41
36
29
11
9
17
21
21
23
25
25
25
25
27
32
52
82
95
80
72
63
56
51
50
51
50
49
49
45
37
17
10
13
19
19
21
23
25
25
26
27
27
29
40
64
77
85
74
67
59
55
49
46
44
44
45
46
45
38
39
7
10
18
19
20
21
23
25
25
25
25
27
32
49
72
95
104
110
88
59
48
47
51
49
48
45
42
37
40
8
7
17
18
19
21
23
23
24
25
25
25
27
35
51
75
94
95
75
63
51
49
49

