50
49
46
46
47
47
45
37
33
12
7
17
20
22
23
25
27
27
27
29
45
83
93
65
55
50
48
49
50
50
46
45
46
44
37
38
10
10
12
21
23
25
25
26
27
31
48
74
83
70
62
51
46
47
46
46
48
48
44
40
35
36
13
10
17
21
23
25
25
26
27
28
41
70
83
72
63
52
48
45
43
44
45
45
45
46
45
38
37
13
12
10
20
22
24
25
26
27
27
28
31
49
79
90
72
63
54
51
49
45
46
49
48
43
45
44
37
37
11
7
19
21
23
24
25
26
27
27
28
30
41
72
90
83
67
58
51
48
45
46
48
46
46
46
45
38
35
10
12
10
15
22
24
26
27
27
28
29
31
38

