80
67
56
54
51
49
48
49
50
50
49
44
35
31
12
10
10
19
22
25
26
27
27
29
29
36
59
78
90
83
70
64
58
54
51
51
51
49
46
41
28
12
14
18
19
21
23
23
25
25
25
27
29
31
45
72
88
93
72
61
57
52
49
51
52
52
54
49
40
35
19
10
14
14
17
21
23
25
25
25
26
27
31
52
77
90
80
67
60
53
47
44
44
46
46
45
38
39
8
10
9
11
17
19
19
21
25
34
58
85
85
70
60
49
43
45
45
46
45
44
42
34
34
14
12
10
13
19
23
25
25
25
27
27
33
59
85
72
62
55
50
47
46
44
42
45
44
42
38
41
10
14
12
14
17
18
19
23
25
26

