29
37
65
93
74
60
55
50
45
44
45
44
44
47
45
41
36
18
13
12
11
14
18
19
18
21
26
27
29
41
75
108
93
72
63
59
52
49
52
49
42
42
42
41
36
30
12
10
8
13
21
23
23
25
27
27
28
32
52
83
99
72
59
55
51
51
50
51
47
44
45
47
42
41
7
11
10
12
14
19
23
23
24
26
28
29
37
68
98
98
75
63
55
50
49
49
46
42
39
35
34
13
13
10
12
19
23
25
25
25
25
27
33
55
80
95
78
65
57
49
44
44
44
43
42
41
38
32
31
15
11
10
15
17
19
22
23
25
27
28
34
60
85
76
65
59
51
49
48
44
45
47
47
45
43
37
37
11
11
10

