13
20
23
24
25
26
27
31
52
83
78
59
49
45
45
45
42
44
43
41
39
40
37
36
28
12
13
13
15
19
20
23
23
27
33
52
80
86
67
58
48
42
43
44
44
44
44
41
34
33
21
17
15
14
17
22
25
25
25
27
29
31
48
72
83
68
60
53
47
42
41
40
41
40
40
41
38
33
33
21
19
17
16
18
23
25
25
26
27
29
31
43
63
78
72
62
56
49
45
42
41
42
42
41
42
41
36
34
18
17
14
15
17
23
25
25
27
27
29
36
64
81
66
59
51
48
46
44
41
43
44
42
43
42
40
37
15
12
10
16
20
21
23
25
25
28
33
58
96
72
60
60
59
55
54
48
48
45
44
45

