44
43
45
44
44
46
44
37
33
31
17
15
15
17
23
26
27
27
27
29
32
43
65
80
77
63
54
46
42
42
44
43
43
43
42
38
36
25
12
10
12
17
21
23
24
25
26
28
33
60
89
75
64
55
49
48
47
46
46
46
45
45
47
42
36
32
17
11
15
21
23
25
26
26
27
31
56
95
75
57
51
48
49
49
49
45
45
47
45
42
39
23
14
11
13
19
23
23
23
26
29
37
70
96
73
60
48
44
44
45
44
45
45
42
40
37
39
12
12
12
19
23
25
25
25
26
27
36
60
88
90
72
61
55
47
45
45
46
47
48
48
46
40
37
15
11
9
13
20
23
25
25
25
26
28
31
48
80
91
78

