87
67
60
55
50
50
51
51
49
48
47
42
41
39
4
18
19
21
23
23
23
23
21
24
82
149
207
221
237
218
197
157
116
62
19
17
1
16
17
17
17
15
13
12
13
18
34
74
121
133
124
103
127
156
178
218
451
537
443
368
341
257
185
10
65
104
116
72
43
36
25
6
5
8
10
10
9
6
5
7
3
5
6
10
7
1
5
11
13
15
23
45
59
76
80
80
56
16
11
24
25
20
4
7
12
15
17
23
52
99
136
175
197
175
152
3
78
60
23
6
4
3
0
4
6
6
6
10
12
14
16
17
28
70
127
161
162
145
106
82
0
57
1
6
9
10
10
12
13
13
14
15
17
17
17
18
19
19
19
21

