40
37
37
38
34
21
7
20
23
24
25
26
27
28
29
30
32
45
64
68
63
55
51
50
48
45
41
41
41
39
38
37
41
9
33
17
23
24
26
27
28
29
30
32
43
60
68
59
50
46
45
44
44
38
35
34
36
37
40
37
41
12
7
21
25
25
27
27
28
29
31
31
33
48
72
67
55
51
54
61
69
70
65
67
69
72
72
60
52
19
101
77
9
10
15
23
26
28
29
31
31
32
36
63
75
74
67
64
62
63
61
66
77
80
79
65
63
0
138
146
71
4
14
21
25
27
29
31
33
41
91
109
83
72
70
64
62
64
69
64
61
63
65
64
56
2
34
0
2
5
13
20
25
27
29
31
32
38
70
100

