41
36
44
40
33
34
37
28
16
6
13
21
26
29
29
31
33
56
47
39
34
33
33
33
33
33
34
34
34
34
39
5
5
8
22
27
29
31
31
33
49
55
42
37
34
33
33
33
33
36
35
35
35
36
34
37
13
3
13
25
29
31
32
32
33
33
33
35
47
64
55
50
45
41
42
44
49
51
47
43
38
37
41
2
25
1
17
27
29
31
32
33
33
33
34
40
67
75
67
58
52
55
45
43
48
48
51
49
50
45
37
44
50
48
9
114
104
31
9
23
29
31
32
33
33
36
48
80
75
69
60
50
44
46
47
45
47
51
50
45
52
51
51
56
53
45
10
124
143
65
2
21
27
30
32
34
36
36
37
41

