38
38
41
44
44
44
5
59
41
5
25
29
31
33
35
36
36
41
55
54
50
69
87
89
59
51
59
64
65
59
59
53
48
45
45
40
37
73
151
81
10
20
29
32
33
35
36
38
62
103
109
168
187
174
140
75
50
44
40
37
36
35
34
25
10
23
28
31
33
33
33
34
34
35
38
56
72
67
60
62
72
68
70
69
62
56
40
36
35
34
22
17
23
27
31
32
33
34
34
34
35
35
36
43
65
75
64
49
46
50
53
52
45
37
37
37
38
42
42
45
42
38
35
75
104
39
10
24
28
31
33
34
35
36
35
36
41
60
53
50
49
46
49
55
50
49
53
54
45
40
41
17
38
34
6
23
29
33
34
34

