14
28
33
34
36
37
37
38
38
42
78
108
91
85
98
106
86
80
75
72
75
80
106
96
93
83
62
6
15
27
33
33
33
33
33
33
33
34
34
36
39
72
117
131
101
76
76
74
71
70
76
69
67
72
59
42
7
38
21
7
7
17
25
29
31
32
33
34
34
34
36
56
88
96
91
78
62
59
72
72
65
59
59
51
47
52
57
52
55
45
12
2
9
19
25
29
31
32
32
33
34
42
74
75
69
64
58
58
57
58
49
49
63
75
67
55
55
29
79
73
49
4
19
25
29
31
32
33
33
34
34
34
37
48
54
46
44
48
47
49
59
59
59
58
55
46
45
46
49
46
37
24
67
107
55
3
21
27
29
31

