199
173
171
217
233
217
158
37
10
17
17
17
15
15
15
15
15
19
23
26
28
29
30
31
40
93
152
154
171
178
175
151
168
180
200
226
227
192
244
234
229
197
173
7
8
11
10
10
10
9
7
6
4
4
5
8
11
14
17
19
19
20
20
21
24
67
135
133
115
109
103
89
80
77
63
69
109
118
80
59
18
5
6
7
10
6
1
8
10
12
14
17
17
18
19
19
23
62
122
133
117
109
90
79
76
72
67
64
58
49
40
22
99
3
2
0
1
1
6
10
13
15
17
17
18
19
20
30
63
72
67
42
37
37
39
41
51
37
25
25
31
50
13
2
5
10
13
16
17
18
19
19
19
20
23
36
52
36
27
25

