27
28
29
30
31
31
32
41
83
100
104
91
77
67
67
71
68
70
72
64
51
51
49
0
58
6
15
17
21
21
25
27
29
29
29
30
31
38
88
109
87
57
56
65
60
63
59
58
51
46
47
45
37
8
24
12
2
7
17
23
25
27
28
29
29
30
31
35
76
80
59
50
53
55
55
50
56
50
50
54
57
51
48
41
10
168
151
29
8
18
23
25
27
29
31
31
31
33
49
86
83
81
90
82
66
63
80
88
76
69
62
58
54
55
48
21
218
263
135
16
12
21
25
28
29
31
32
33
34
34
35
39
72
112
109
85
93
78
72
75
78
70
56
48
46
50
51
49
9
281
276
99
4
17
25
29
31
32
33
35

