59
49
18
138
159
65
5
23
27
31
32
33
34
34
34
36
51
81
85
75
62
45
45
52
55
55
59
50
42
45
49
50
50
53
29
7
6
17
25
31
32
33
33
34
35
36
37
51
80
78
77
75
70
74
77
66
59
64
68
64
78
92
92
9
83
5
23
25
27
27
27
27
30
32
33
34
41
93
170
202
220
199
186
192
191
196
191
177
136
0
10
19
21
19
19
17
15
14
18
21
23
25
26
27
29
29
31
52
109
136
130
135
139
117
111
108
99
90
86
65
49
38
28
6
12
16
19
19
19
21
23
25
25
25
27
32
74
99
85
64
58
68
74
75
75
62
49
44
60
64
44
20
78
77
13
4
10
13
17
21

