82
103
99
75
72
93
90
69
7
0
19
23
26
27
27
29
30
31
31
36
72
95
110
136
130
100
80
95
114
100
85
77
70
63
46
50
34
10
17
22
24
25
27
28
29
29
30
37
67
69
49
36
35
37
39
40
55
41
34
36
43
42
34
31
25
0
5
7
12
21
26
28
29
29
31
31
38
51
42
34
34
37
37
37
38
35
37
45
44
38
34
40
5
8
8
23
27
29
30
30
31
31
32
40
70
59
49
41
40
44
44
41
39
46
51
44
34
33
32
9
0
11
21
27
29
31
31
31
32
33
46
85
82
67
67
69
65
60
55
48
46
55
60
58
55
53
44
49
75
32
10
8
21
26
29
31
31
32
32
33

