24
25
25
27
27
28
29
32
70
120
146
143
134
124
125
103
98
98
104
101
62
28
2
10
10
10
10
10
10
14
19
27
33
38
41
46
83
150
209
279
307
269
247
201
80
40
58
27
17
8
12
7
4
3
9
2
8
15
17
19
20
21
21
17
12
27
130
366
500
478
364
37
64
169
232
243
258
239
139
38
6
34
176
520
679
505
348
186
3
175
188
175
144
60
51
51
44
37
33
29
17
5
2
10
23
70
111
93
84
93
105
106
101
103
97
85
69
62
55
99
119
109
88
61
30
0
9
14
17
19
21
21
22
22
23
25
45
101
106
88
58
47
44
42
44
41
37
34
33
34
50
12
101
111
69
21
1
13
18
21

