82
98
29
10
20
24
27
28
29
29
31
42
62
68
78
88
70
56
64
91
78
63
60
44
46
3
29
23
1
17
25
27
29
30
31
31
33
36
35
36
38
38
37
34
33
34
35
36
35
35
33
32
35
19
15
19
25
29
29
31
31
31
31
31
33
33
33
32
32
32
32
32
32
32
34
46
60
56
45
52
46
42
56
12
1
13
25
28
29
31
31
32
32
32
32
33
41
50
55
51
49
45
49
49
44
46
49
36
34
40
41
39
38
40
16
17
9
8
23
29
31
31
32
32
33
33
33
34
40
43
50
65
84
91
92
95
95
80
85
89
85
77
59
46
25
49
7
19
25
27
28
29
31
32
32
32
33
33
33
36

