21
4
21
8
5
4
2
7
62
293
463
470
438
374
423
414
147
62
140
141
44
34
37
34
27
19
9
1
56
249
433
367
281
306
281
110
27
88
46
19
21
23
23
24
19
13
10
8
4
1
0
2
12
11
6
6
6
6
6
6
6
47
44
18
4
1
4
6
32
187
376
389
449
498
434
350
217
41
213
259
240
218
188
166
140
91
55
27
10
5
2
0
0
1
3
4
4
5
5
5
7
29
59
49
41
31
41
68
85
95
91
96
84
25
111
103
72
33
12
5
1
1
3
5
6
7
8
8
8
9
9
10
10
10
16
38
42
42
38
31
27
25
23
23
23
17
35
44
21
2
3
7
9
10
10
11
11
11
12
12

