33
33
34
40
74
87
76
67
63
66
65
67
72
77
70
62
47
48
29
50
11
15
25
29
31
32
33
33
34
36
70
106
125
104
77
64
54
53
54
52
51
49
43
40
17
37
49
20
10
23
27
30
31
33
33
35
62
99
95
78
67
60
53
46
42
47
50
46
45
48
45
42
41
33
41
18
8
23
29
31
33
33
34
34
34
37
55
88
104
87
69
64
63
59
59
49
41
42
23
17
22
1
17
24
29
31
33
33
34
34
34
35
38
62
80
91
88
67
54
51
49
46
45
42
39
35
37
32
22
29
10
13
25
30
32
33
33
34
34
39
77
110
109
85
62
51
46
44
43
43
44
41
38
37
23
17
6
7
19
27

