39
39
40
46
80
91
79
69
63
59
60
63
59
53
49
48
41
43
44
43
38
44
19
101
84
29
13
29
34
37
37
38
40
41
41
43
67
81
74
67
64
60
59
56
53
49
46
49
46
44
40
51
12
77
46
3
23
32
36
37
38
39
40
41
42
53
73
59
57
55
49
52
51
49
45
41
45
44
46
48
44
41
49
25
31
23
6
27
34
36
37
39
40
41
41
45
70
73
70
65
56
51
48
43
42
49
57
44
41
45
41
17
28
0
25
34
37
38
39
40
41
41
43
62
108
101
85
76
61
60
62
60
56
58
57
56
52
54
23
114
111
48
7
27
33
36
37
38
40
41
42
69
129
130
95
79
74
71
72
74

