72
59
54
52
53
54
49
59
121
198
130
37
14
29
34
37
38
40
40
43
59
100
93
78
60
51
58
59
62
59
56
54
51
51
52
61
68
46
129
110
53
2
28
34
37
40
40
41
42
49
102
165
161
136
114
112
109
100
93
85
67
51
33
155
260
223
110
19
16
31
37
39
41
42
42
43
48
88
114
107
89
71
65
67
65
62
61
59
54
57
53
51
55
20
160
139
59
2
27
35
38
40
41
41
42
44
48
77
92
85
67
60
60
60
56
56
59
51
49
44
46
31
64
60
6
25
33
37
40
41
42
42
43
44
51
80
78
80
74
67
56
54
58
53
53
49
47
46
45
45
54
6
63
37
5
27
33
37
40
41

