116
105
91
90
90
90
94
86
86
87
88
77
76
75
25
23
29
36
37
37
37
37
37
37
37
38
54
123
146
112
93
88
82
80
74
69
62
52
48
44
57
32
29
9
17
23
25
28
33
34
36
36
37
38
49
95
129
143
140
130
122
114
101
72
56
51
46
42
1
81
75
3
17
23
25
29
31
33
34
35
35
36
37
60
95
105
100
91
76
67
57
51
52
51
49
46
41
52
30
64
45
8
19
26
31
33
33
34
35
36
36
36
36
38
54
67
76
66
56
55
51
47
46
47
44
45
41
41
36
37
10
54
33
6
15
27
31
33
34
35
35
36
36
36
37
38
51
67
70
64
60
53
50
48
49
48
47
49
42
37

