37
39
55
83
89
80
67
55
45
42
42
41
41
42
38
37
37
47
18
23
3
19
29
33
34
36
36
37
37
38
58
89
83
74
62
60
58
55
51
53
59
62
56
64
60
51
58
72
154
93
15
17
27
31
33
36
36
37
37
38
49
82
85
75
64
57
58
52
48
49
54
49
45
45
47
45
42
42
75
91
41
9
26
31
33
35
37
37
38
38
41
66
98
114
102
86
79
67
48
50
48
45
45
46
45
44
41
45
8
152
121
38
11
27
32
35
37
38
38
40
44
78
90
83
67
61
58
50
45
47
50
47
50
50
46
42
55
36
100
58
0
25
31
34
37
38
38
39
40
45
81
106
98
85
75
67
60
60
65
56

