49
52
52
50
46
41
43
111
155
84
4
21
31
36
38
38
39
40
40
44
71
90
90
83
75
62
64
63
59
59
55
54
46
44
45
54
58
114
69
3
21
32
37
38
39
40
40
41
41
48
89
109
101
82
62
57
60
62
55
53
62
55
52
48
52
38
128
151
64
4
25
33
37
38
40
41
41
41
42
54
99
135
149
129
109
96
90
83
73
67
63
58
57
55
17
183
260
153
54
0
26
35
38
40
41
42
43
51
104
160
168
155
140
125
111
95
83
65
53
55
196
379
282
125
15
19
31
37
40
41
42
43
45
60
119
139
135
124
104
85
75
85
81
76
70
61
67
140
251
166
48
12
31
37
40
42
44
44
45
45

