40
41
42
42
45
72
96
93
96
81
73
74
58
44
42
46
44
45
49
47
41
50
40
98
62
8
23
33
37
39
41
42
42
43
46
77
79
90
85
77
71
72
63
55
51
45
49
57
59
50
44
64
55
114
72
9
22
33
37
38
41
42
42
43
44
45
58
90
83
95
88
82
72
70
70
68
60
55
64
49
47
55
0
112
112
60
8
23
32
36
40
41
42
42
43
44
44
55
80
75
86
78
69
73
67
61
59
60
58
57
48
46
50
17
119
83
14
19
31
36
40
41
42
42
43
49
79
93
96
86
77
73
70
62
64
56
55
59
54
51
42
45
21
116
98
38
11
29
35
38
41
41
42
44
44
48
71
72
80
67

