42
41
41
35
31
24
27
34
37
38
40
40
41
41
45
60
75
85
76
77
72
67
61
59
62
61
62
60
55
49
49
65
72
103
51
6
27
34
37
40
41
41
42
53
88
93
82
67
65
60
55
57
62
65
69
81
95
64
46
92
133
86
26
11
29
34
37
39
41
41
44
67
84
94
75
69
70
73
64
63
64
60
64
58
49
53
47
42
41
74
115
70
10
21
31
35
39
40
41
42
46
71
85
82
73
73
69
58
59
52
57
57
61
59
59
52
59
29
134
89
17
19
32
36
37
40
41
42
43
51
82
83
83
74
69
75
70
67
66
63
63
63
57
51
45
49
83
125
72
10
22
33
36
39
41
41
42
45
62
83

