91
89
77
77
80
69
65
63
60
59
54
54
42
50
4
86
83
40
2
25
34
37
39
41
42
42
44
45
51
75
77
91
80
70
64
62
62
59
56
46
45
55
57
54
52
51
49
99
130
53
0
21
33
37
40
41
42
43
44
52
88
92
96
78
68
67
61
60
63
61
59
55
46
49
27
85
98
42
7
25
33
38
40
41
42
44
46
70
73
83
75
67
59
60
59
60
55
57
54
50
49
49
55
14
102
62
7
17
31
37
40
41
42
43
43
45
69
86
90
92
75
62
58
60
70
59
55
54
54
44
41
44
55
86
45
4
25
33
38
40
41
42
43
49
75
75
90
82
74
66
59
59
59
57
60
57
54
49
44
55

