41
96
63
15
20
32
36
40
41
42
43
44
48
76
78
94
90
82
72
67
63
64
62
63
67
63
50
52
50
23
109
124
64
2
25
33
37
40
41
42
44
48
72
82
76
77
75
74
62
63
61
70
64
56
55
51
45
46
53
70
123
82
11
19
31
37
40
41
42
45
62
78
77
69
67
65
60
55
57
51
47
47
48
46
44
50
4
54
38
2
25
33
37
41
41
42
44
50
74
72
73
69
62
60
58
54
55
53
51
50
53
46
46
41
45
9
50
32
4
26
33
37
41
41
42
44
45
59
78
81
77
70
67
62
59
61
55
55
52
55
55
46
42
54
24
72
48
8
23
33
37
40
41
42
43
44
46
67
88
88

