55
55
53
58
60
50
46
45
5
101
90
37
10
29
35
38
41
42
43
44
45
64
90
91
91
83
82
65
60
62
56
59
52
52
50
46
45
55
58
114
76
9
21
33
38
41
42
42
45
72
72
80
81
76
72
64
63
59
58
58
55
54
51
49
51
42
86
103
41
9
27
35
39
41
42
43
46
77
86
81
67
67
66
54
54
54
54
52
58
49
48
45
48
31
72
70
11
20
32
37
40
41
42
43
49
77
80
86
82
69
63
56
55
53
53
55
54
50
48
46
59
3
93
66
4
25
33
37
40
41
42
43
44
50
82
95
94
86
72
63
59
62
58
55
56
54
48
44
43
46
58
90
55
5
23
33
37
41
41
42

