52
62
54
101
52
3
25
33
38
41
41
42
44
45
56
74
77
88
77
71
64
63
62
60
57
58
56
47
45
45
27
64
77
39
6
26
33
38
41
41
42
44
45
58
77
76
73
64
70
68
64
70
55
54
55
55
53
49
46
47
45
80
48
7
22
34
37
40
42
42
44
44
48
70
74
81
76
68
72
70
62
62
59
58
55
56
54
49
48
54
8
86
82
37
0
27
36
38
41
42
43
44
45
58
87
93
95
80
78
77
69
60
64
59
62
55
49
63
11
112
97
36
9
29
35
39
41
41
43
44
45
67
102
91
76
64
62
65
60
58
56
54
56
56
55
49
49
52
13
99
86
30
12
31
37
38
41
42
48
95

