38
41
42
43
44
45
60
109
135
124
107
93
80
77
70
70
72
67
64
57
56
30
185
190
104
25
20
33
38
41
42
44
44
45
48
80
131
122
105
85
74
65
63
59
53
52
48
44
45
20
98
121
67
11
23
34
38
41
43
44
45
59
70
77
72
73
67
63
55
52
55
55
57
51
51
49
52
27
59
58
17
17
32
38
41
41
43
44
45
45
58
75
72
75
70
66
63
60
51
50
52
54
50
50
54
49
47
59
31
72
41
1
25
36
38
41
42
43
44
45
46
55
76
72
83
80
77
69
62
67
65
65
58
52
50
52
56
12
93
72
20
14
32
37
40
42
42
44
44
46
67
83
85
74
72
67
64
54
55
65

