55
55
49
57
45
46
47
27
83
56
12
21
33
37
41
42
43
44
45
73
103
106
96
93
82
80
78
72
66
61
54
49
51
55
60
36
160
135
55
4
29
35
39
42
42
44
45
72
88
95
86
82
75
73
72
68
70
67
54
65
59
64
101
76
156
114
27
19
36
41
43
45
49
124
301
352
257
242
207
103
36
9
63
88
138
146
81
32
17
54
83
135
263
462
507
430
286
96
21
37
101
144
175
141
131
116
81
30
2
15
28
29
59
224
483
529
681
676
334
41
25
65
70
37
66
34
10
7
13
9
52
72
88
2
17
10
0
63
90
31
13
12
7
17
32
38
41
43
52
52
59
95
197
395
642
797
568
436
187
42

