26
26
26
27
27
26
27
27
27
25
21
21
22
23
25
25
27
28
27
32
36
32
32
32
31
29
31
31
33
59
143
196
249
277
246
258
241
188
30
77
140
184
195
149
65
12
8
17
23
41
156
291
335
274
269
212
212
168
98
138
192
157
109
8
107
191
242
285
289
215
260
213
156
1
326
648
789
711
494
362
287
208
85
13
10
10
10
10
10
10
6
51
63
25
36
45
39
15
11
14
134
182
247
186
253
218
183
68
99
314
413
404
370
338
318
256
109
42
121
154
38
39
201
227
45
1
19
21
21
21
21
21
24
6
78
129
97
4
12
109
76
25
31
112
196
234
212
183
159
131
104
67
29
74
55
36
15
3
3
6

