38
39
40
44
57
54
59
63
67
72
72
68
70
74
76
77
68
60
49
44
36
37
54
42
17
8
25
31
33
36
37
38
39
41
50
59
55
59
61
67
70
69
68
67
67
63
64
59
43
42
8
25
29
14
4
21
31
33
36
37
38
39
39
41
50
56
55
62
64
65
66
65
70
74
70
67
69
68
57
45
45
11
31
45
32
9
16
27
31
34
37
37
38
40
41
48
64
66
70
72
71
65
64
68
74
82
85
85
83
70
51
49
27
75
77
54
10
14
25
32
35
37
37
38
43
62
67
70
70
72
78
80
80
84
88
88
85
83
80
67
50
29
70
101
93
56
10
14
25
32
36
37
38
38
40
47
70
74
77
80

