83
80
78
84
90
86
87
86
80
69
58
48
21
102
111
83
31
3
15
29
33
36
37
38
41
52
69
67
75
75
73
71
73
80
81
79
80
72
56
46
45
7
58
74
59
19
8
21
31
34
37
38
39
40
40
41
45
47
48
49
51
55
55
56
60
65
73
80
84
74
65
63
44
17
10
14
10
1
9
15
23
29
36
37
37
38
39
40
40
41
40
41
46
59
74
85
98
100
99
101
103
98
86
85
82
95
109
79
27
21
71
96
84
55
48
37
14
14
27
32
35
37
38
38
49
82
103
119
131
128
119
109
97
93
92
94
91
74
66
17
96
140
149
128
83
34
5
25
32
35
37
39
40
40
42
50
63
74
85
88

