88
91
85
91
96
97
96
93
90
70
6
66
100
119
96
57
17
15
29
33
37
38
40
41
41
44
58
78
93
100
105
107
93
91
88
84
83
80
72
60
19
58
83
91
78
50
10
17
27
33
37
38
40
41
41
42
45
60
77
80
76
70
70
72
74
78
84
85
83
70
62
60
45
48
88
88
48
11
10
27
33
37
38
40
41
41
42
45
56
72
73
61
61
69
70
72
74
77
73
67
63
56
56
1
41
50
25
4
10
25
33
37
38
40
41
44
58
72
64
68
68
65
65
69
72
75
77
73
64
53
55
23
29
39
34
5
13
23
32
36
38
39
41
41
42
49
67
67
64
68
63
64
66
72
77
82
85
80
73
63

