108
106
109
91
64
40
63
97
110
93
57
10
13
26
33
36
38
39
40
41
41
42
42
42
42
42
42
42
41
41
41
41
41
41
42
46
51
59
67
74
91
106
116
109
109
114
114
114
101
90
79
59
28
4
30
36
34
33
35
31
29
22
2
12
21
30
35
39
53
86
114
124
150
167
163
143
111
93
85
72
72
27
90
123
145
140
103
55
16
12
27
33
36
37
39
40
42
58
79
70
70
78
83
87
98
103
105
111
111
102
94
98
48
67
65
70
77
53
19
10
25
33
36
37
38
40
40
41
49
65
63
58
62
67
72
77
74
72
72
70
62
56
55
8
33
32
25
8
12
27
33
35
37
39
39
40
41
41
43
54

