69
62
60
64
67
69
70
70
64
64
65
65
56
58
5
34
30
21
7
12
27
33
36
37
38
39
40
40
41
41
42
50
63
64
59
61
64
68
70
64
67
70
72
74
74
65
56
31
30
50
45
25
1
21
31
35
37
37
39
40
41
41
41
43
52
69
74
72
74
77
73
75
77
80
83
83
82
72
64
54
23
51
88
82
47
5
15
27
33
37
38
42
71
81
70
74
82
95
98
96
93
95
93
94
95
80
65
19
74
117
112
80
37
0
24
32
35
37
39
40
41
44
58
67
64
64
68
72
72
72
72
80
81
83
83
81
65
51
0
59
71
54
27
2
21
31
33
37
38
39
40
40
41
43
55
68
70
69
72
72

