72
74
78
80
80
78
73
54
53
17
45
64
55
25
6
19
28
33
37
38
39
40
41
45
61
68
67
72
71
65
66
69
72
78
77
72
63
46
50
10
32
48
37
11
14
25
31
35
37
38
40
41
41
41
41
41
41
42
41
42
42
41
41
41
41
44
55
68
73
76
78
80
79
74
71
70
68
67
70
69
67
10
51
68
67
43
10
14
27
33
36
37
38
41
58
84
86
73
72
72
77
85
93
98
101
91
82
75
65
24
69
109
109
62
25
4
25
32
35
37
38
40
43
55
74
80
80
87
83
77
77
79
78
80
79
78
70
55
52
12
80
108
89
54
5
19
30
35
37
39
40
45
65
76
74
80
86
88
88
81

