77
84
77
72
66
53
51
22
61
64
33
10
5
21
31
35
37
39
41
41
50
67
68
62
59
59
64
70
76
73
70
67
59
55
50
44
7
44
52
21
0
12
25
33
36
37
40
41
49
60
55
56
58
57
55
58
66
68
72
71
69
64
60
51
50
6
44
45
12
9
19
29
34
37
38
41
43
56
59
59
60
64
66
65
67
70
70
73
72
74
69
58
46
19
32
46
34
15
10
26
32
35
37
39
40
41
53
55
56
60
60
64
64
67
64
69
70
71
68
70
73
70
65
59
31
53
68
58
21
4
18
29
34
37
38
40
41
44
64
82
77
80
74
71
72
80
87
84
86
93
80
64
51
18
65
95
90
45
9
10

