63
58
58
63
67
66
67
67
64
61
62
63
60
49
48
1
31
42
33
12
7
23
31
37
39
40
40
41
41
49
64
56
58
59
60
62
64
63
60
59
55
49
46
49
7
38
15
10
23
32
36
37
40
41
42
51
74
74
74
75
77
72
72
72
80
83
83
84
72
55
50
9
58
74
63
25
3
17
29
34
37
38
41
45
66
67
72
74
77
78
72
77
85
88
85
83
82
62
50
17
72
75
52
22
9
27
33
36
38
40
41
60
75
70
70
71
77
82
90
85
76
77
77
77
74
61
51
37
83
80
54
19
10
27
34
36
38
41
55
77
75
72
70
75
78
82
85
88
77
73
70
67
59
25
69
80
56
31
5
17

