31
34
37
39
42
56
70
67
74
74
66
69
75
80
80
83
84
77
73
73
67
67
59
115
95
58
27
0
21
31
35
38
40
40
41
45
63
72
64
63
62
67
70
72
75
76
69
67
70
67
59
56
11
49
51
40
14
10
25
33
37
39
39
40
41
49
73
72
65
64
67
72
75
80
81
75
72
74
75
75
58
45
37
59
59
40
13
9
25
32
37
39
39
40
41
42
51
65
58
60
65
68
67
67
66
64
63
63
65
70
69
63
49
25
41
62
46
19
6
24
33
37
37
40
44
64
69
62
59
60
64
67
70
77
80
78
82
82
83
80
76
59
14
66
86
72
45
14
15
30
33
37
39
40
41
42
61
103
109
103

