101
108
109
112
133
134
136
140
109
90
18
152
205
140
80
27
0
12
25
32
36
38
40
41
55
68
69
77
80
74
75
79
80
77
72
66
61
56
49
41
33
65
55
23
5
10
23
32
36
38
40
40
41
54
64
59
63
59
59
60
56
59
57
53
51
51
55
58
51
55
6
44
25
3
10
23
31
35
37
40
41
40
45
65
71
70
74
70
67
72
76
75
80
93
93
84
72
55
41
75
73
51
10
13
23
31
35
37
39
40
41
41
46
69
87
80
76
70
66
67
69
75
78
77
74
67
57
49
15
52
77
69
28
1
15
27
33
37
38
40
41
49
67
68
72
74
75
70
70
72
74
78
72
69
65
56
47
45
27
67

