58
66
74
86
90
85
11
85
79
41
13
5
22
32
34
37
38
40
40
48
83
103
89
88
92
94
104
109
107
96
88
85
79
72
18
114
102
78
48
10
16
29
33
37
39
45
74
90
91
97
93
90
98
104
114
115
116
111
90
69
15
118
150
141
99
36
5
23
31
36
37
39
41
55
81
80
91
93
95
100
90
91
93
91
90
85
74
57
21
117
150
117
60
11
17
31
36
37
40
41
42
52
80
76
83
80
83
85
86
84
80
83
83
80
75
63
45
61
102
101
66
27
4
23
33
37
38
40
41
41
49
69
63
67
70
72
76
83
78
77
76
80
80
78
64
60
7
58
75
62
31
1
19
32
37
37
38
41
41
41

