42
48
62
63
64
67
68
70
68
67
73
73
76
67
52
44
41
21
46
38
17
6
23
33
37
37
39
40
41
41
43
52
62
59
64
67
69
70
70
70
72
73
72
71
67
59
46
45
23
55
55
31
5
21
31
33
37
38
40
41
42
49
59
58
61
63
65
69
66
65
72
78
77
78
78
72
55
51
2
49
63
47
21
10
27
32
36
38
40
41
41
42
44
55
70
66
69
70
67
65
68
72
74
75
77
75
66
51
49
19
64
65
38
5
20
29
33
37
39
40
41
50
68
70
74
80
80
82
80
75
78
80
76
78
75
65
48
27
56
88
78
46
15
10
28
33
36
38
40
41
44
59
63
65
69
72
75
82
80
75

