67
68
70
70
72
72
67
59
52
52
7
49
61
32
5
10
21
31
35
38
40
41
42
51
64
59
62
67
64
66
72
75
76
75
75
73
64
55
48
41
33
63
57
25
6
21
29
34
37
40
40
41
49
64
64
69
71
74
76
71
71
78
78
80
77
76
63
49
46
29
17
59
67
49
11
10
21
31
36
38
40
42
55
62
64
65
67
70
75
69
67
66
74
75
78
85
83
65
43
51
75
67
37
5
21
31
34
37
39
41
46
70
78
72
78
81
83
86
79
72
77
85
83
88
98
66
56
51
94
108
82
43
0
23
31
35
38
40
41
44
61
63
64
69
73
77
72
68
69
72
74
76
75
71
59
51
6
69
78
51

