80
85
84
74
75
79
72
72
70
68
59
49
15
54
75
66
37
6
19
29
33
37
39
40
41
42
53
64
61
65
72
77
75
72
69
65
72
74
72
72
67
49
49
5
47
62
50
29
3
22
29
34
37
39
41
41
44
56
64
63
70
72
75
72
67
64
70
67
72
72
74
62
49
48
19
55
59
40
5
17
27
32
37
38
40
41
42
45
58
67
63
67
70
70
67
65
65
74
74
69
73
56
45
44
19
43
60
46
10
11
22
31
36
38
40
42
49
64
60
67
72
70
76
70
69
74
72
66
67
71
68
59
8
69
70
44
13
14
30
34
36
38
40
41
49
64
59
63
64
70
66
67
67
64
62
67
72
69
51
49

