17
41
51
32
7
14
29
36
37
37
40
41
46
67
60
63
64
66
69
77
65
65
65
74
80
83
75
68
51
51
26
64
65
43
16
9
27
33
36
38
40
41
44
61
58
64
70
75
73
82
70
67
70
77
80
77
77
72
59
27
74
80
59
29
1
24
31
34
37
39
41
59
80
82
92
109
147
198
229
211
199
180
86
23
104
269
256
146
49
0
23
31
36
37
38
40
70
143
218
259
238
204
197
169
107
44
88
104
260
359
388
402
402
409
181
151
238
321
333
311
267
228
176
117
69
36
20
10
5
19
27
33
34
36
37
38
38
38
38
39
42
63
101
132
127
103
89
88
88
85
63
41
107
86
39
1
21
27
30
31

