59
55
0
46
44
16
13
27
31
33
34
36
37
38
39
46
69
73
63
64
64
67
69
72
72
68
70
69
65
55
16
67
51
29
1
22
30
33
34
36
37
37
39
45
69
83
70
65
60
62
64
64
67
67
70
67
64
58
24
51
70
52
19
15
27
32
34
37
37
38
38
39
40
45
62
80
80
69
69
62
62
62
65
62
63
67
67
60
51
36
38
63
59
34
1
23
30
33
37
37
38
39
40
40
44
58
77
76
70
72
70
67
66
70
73
72
74
74
72
62
57
23
89
98
64
16
18
29
32
35
37
38
39
40
41
53
72
71
67
67
69
71
69
66
73
75
80
82
84
80
64
55
17
75
93
75
32
9
26
31

