48
65
66
60
59
59
56
57
59
61
67
67
69
67
65
65
55
45
23
60
50
23
0
19
31
34
37
38
40
49
69
75
70
74
88
101
101
111
124
135
135
122
101
13
97
139
124
76
25
13
25
32
36
37
38
39
39
41
52
78
83
75
73
68
72
80
86
90
92
101
90
83
75
17
96
125
108
44
1
21
31
34
37
37
38
39
40
42
58
83
86
77
70
67
68
70
75
80
83
85
74
67
59
21
62
96
92
48
1
20
30
34
37
38
39
40
41
44
59
75
70
69
67
67
67
72
74
80
87
85
83
69
59
34
37
60
70
54
24
11
27
32
36
38
39
40
41
41
41
48
68
74
67
67
64
64
69
74
75
82

