78
75
65
59
39
37
66
64
34
5
25
32
35
37
38
40
40
41
47
65
70
61
62
65
65
67
73
78
82
90
86
89
83
72
44
55
89
86
54
6
21
29
34
37
38
39
40
41
44
58
78
72
67
67
62
67
69
72
77
78
77
74
63
59
10
49
67
60
28
9
25
32
36
37
38
40
40
41
45
62
77
69
67
65
62
64
64
72
74
74
80
71
64
57
52
7
41
56
51
19
3
21
32
36
37
38
40
41
41
45
62
72
62
62
60
59
62
65
69
70
75
77
70
66
58
20
31
44
41
12
10
23
32
36
37
38
40
41
44
56
71
62
62
62
63
59
62
60
61
61
64
64
59
49
48
23
0
37
33
17

