64
66
64
70
74
74
63
66
72
71
61
59
49
22
65
63
33
2
25
32
36
37
38
40
41
41
43
59
67
62
64
66
65
64
63
66
71
71
81
81
80
77
64
58
49
23
75
85
58
10
14
27
33
37
38
39
40
41
45
61
72
64
64
64
61
62
70
75
80
78
79
64
58
48
50
5
58
72
39
2
19
30
35
37
38
39
40
41
49
69
63
64
69
69
68
67
72
72
73
82
83
77
69
53
48
14
67
78
55
10
15
28
34
37
38
40
41
41
43
56
72
64
65
69
64
66
72
83
76
83
87
81
80
72
55
19
94
121
72
4
22
31
34
37
38
40
41
49
77
77
72
73
75
80
77
80
78
83
85
86

