70
86
83
85
88
79
72
60
51
38
86
90
59
10
19
29
34
37
38
40
40
41
45
65
72
72
75
78
80
76
80
88
93
90
81
76
69
55
16
63
96
86
49
6
21
31
34
37
39
40
41
41
49
70
70
71
75
77
80
81
79
72
75
72
75
74
70
56
25
45
82
79
49
9
20
31
34
37
39
40
42
52
69
59
59
62
57
57
55
58
63
66
72
80
72
70
59
46
34
3
40
48
32
6
21
32
35
37
39
40
41
44
58
67
66
67
70
70
70
62
64
66
75
74
63
66
70
42
43
5
34
47
36
12
14
27
33
37
38
40
40
41
42
45
59
70
65
70
70
69
67
62
64
72
68
69
72
59
62
52

