55
67
62
62
64
65
55
64
62
64
70
69
69
70
63
54
59
14
50
63
36
0
18
29
34
37
38
39
40
43
60
74
70
74
74
67
65
69
74
78
79
70
65
60
49
49
25
57
62
38
2
23
31
34
37
38
40
41
48
70
70
72
72
72
74
75
65
67
64
71
68
67
67
49
36
32
56
57
29
2
25
32
35
37
39
40
41
50
71
67
70
74
77
74
75
68
63
70
75
80
75
83
76
63
56
34
85
88
62
17
17
30
33
36
38
39
40
42
63
72
72
77
83
91
92
83
70
70
72
76
75
80
70
56
7
86
112
91
46
0
25
32
35
37
39
40
40
43
64
80
76
80
82
85
87
77
76
75
85
91

