103
80
80
43
119
122
96
52
4
23
32
35
38
40
41
46
81
120
144
139
142
141
121
104
103
99
98
37
139
175
171
114
45
6
25
32
36
37
38
40
41
47
83
80
83
86
93
101
96
75
84
86
86
80
84
77
27
87
121
119
77
27
10
27
33
37
38
39
41
41
41
42
46
65
70
70
75
78
84
81
70
72
72
69
72
67
65
5
56
64
47
14
14
29
34
37
38
39
40
41
41
42
50
70
72
65
70
74
83
84
83
77
67
63
64
64
34
76
101
63
10
18
29
34
37
38
40
41
41
41
41
44
56
78
79
70
69
72
72
72
72
74
59
57
60
52
48
31
23
63
62
22
4
20
31
36
38
40
41
41

