41
42
48
62
65
66
62
59
61
60
64
69
70
77
74
60
52
54
51
3
49
52
21
1
20
31
36
38
40
41
41
43
54
72
67
69
67
64
62
65
62
62
73
65
66
58
63
51
53
25
19
44
39
28
10
11
29
34
37
40
41
41
42
49
67
72
64
60
60
63
67
64
59
63
63
52
40
47
29
19
29
29
1
17
26
33
37
39
40
41
43
55
70
72
68
70
71
64
64
73
72
78
83
79
75
64
53
55
4
71
96
74
22
7
23
33
36
38
39
41
42
55
74
70
74
78
70
62
63
68
85
63
72
71
67
63
55
60
25
78
75
37
7
17
31
35
37
39
41
60
77
77
83
89
79
73
72
75
81
84

