86
93
80
59
45
56
119
114
70
23
15
29
34
37
39
40
43
65
68
67
70
65
72
80
75
67
63
74
70
65
61
59
53
29
50
79
59
23
10
29
34
37
38
40
42
59
91
77
74
77
87
70
67
76
74
67
72
83
86
90
87
75
36
76
131
129
80
30
8
28
34
37
39
41
41
42
46
72
80
78
83
82
76
72
70
58
64
95
75
86
67
70
43
64
115
112
60
11
18
31
36
38
40
41
41
42
43
49
68
83
80
82
80
75
64
59
60
64
70
79
76
68
55
42
28
22
70
74
45
1
23
32
37
39
41
41
45
60
66
63
67
70
65
67
59
67
78
72
83
72
72
54
53
17
32
61
47
19
9
29

