109
103
101
95
84
87
60
125
118
83
25
10
25
33
37
38
40
41
41
43
58
93
99
103
100
96
101
107
121
122
125
110
102
40
124
155
140
89
24
10
27
33
36
38
40
40
41
54
85
88
94
90
88
87
98
106
107
112
100
77
60
72
122
122
78
25
13
27
33
37
38
40
40
41
41
46
64
74
72
75
75
76
79
78
79
84
86
83
61
60
1
88
108
77
26
10
29
34
37
39
40
41
41
42
42
46
60
68
63
66
67
69
67
71
78
78
83
81
86
68
63
54
34
78
85
60
23
12
29
34
37
39
41
41
41
42
44
51
67
66
64
67
69
66
64
72
74
75
74
74
72
51
52
19
40
64
49
19
11
29

