33
37
40
41
42
45
65
69
64
65
66
76
70
74
73
63
72
59
54
55
56
20
34
59
49
23
7
27
34
37
40
41
41
42
42
45
59
73
63
58
60
62
59
63
65
60
51
60
51
70
72
56
58
37
27
57
56
29
4
25
33
37
40
41
41
42
42
45
59
76
64
65
67
70
70
67
80
64
65
77
75
75
61
59
49
7
56
75
60
30
3
25
34
37
39
41
42
42
43
46
63
72
65
65
70
70
72
70
72
74
75
85
77
72
56
62
22
41
85
86
56
19
16
30
34
38
41
41
42
43
46
61
75
69
70
66
71
67
63
64
57
75
73
57
51
52
44
23
26
49
41
19
12
28
33
38
40
41
42
45

