60
69
67
67
67
67
65
62
59
64
62
67
64
59
60
46
29
21
50
41
16
10
29
36
37
39
41
42
42
44
50
70
83
82
80
80
73
68
62
58
60
64
63
73
65
67
59
19
67
98
85
46
8
19
29
34
38
41
41
42
44
54
75
85
88
85
85
78
85
87
84
85
85
85
95
78
69
26
60
111
129
104
43
1
19
31
37
40
41
42
45
63
85
79
81
80
81
75
77
75
73
77
74
77
64
64
57
20
26
56
75
68
30
3
11
27
35
39
41
42
43
44
46
59
74
74
72
69
66
63
64
69
62
56
55
66
46
43
40
40
30
10
31
21
4
8
21
32
37
40
41
42
44
48
64
67
64
64
63
58

