63
54
60
67
58
58
59
55
45
46
37
29
2
21
10
4
14
26
33
37
40
42
46
60
70
67
64
65
62
61
53
55
54
55
56
50
51
47
31
7
14
7
6
19
32
37
38
40
41
42
44
54
65
69
70
67
68
65
60
55
55
58
63
69
75
69
70
58
56
47
18
30
50
45
17
6
17
27
34
38
40
41
42
44
53
73
84
93
98
92
77
76
81
83
84
84
88
55
58
51
33
24
86
100
77
35
10
7
23
32
37
40
41
42
45
64
78
82
77
76
70
65
66
72
70
72
70
77
65
51
59
53
17
52
93
73
33
8
9
25
34
37
40
42
52
70
75
76
77
77
78
74
74
75
75
77
75
77
62
52

