31
39
81
78
52
25
7
23
31
37
40
41
42
45
62
70
72
69
71
67
72
72
61
64
71
67
70
69
70
64
55
37
15
55
74
55
14
6
17
29
36
38
40
43
57
72
72
73
72
79
73
75
65
65
76
82
82
69
56
58
46
33
60
67
48
9
13
27
34
37
40
41
42
49
69
70
67
74
66
64
62
58
50
58
54
67
64
53
45
50
31
15
28
34
12
5
15
27
34
38
40
41
42
42
45
63
86
98
101
91
83
80
77
78
76
78
57
52
53
29
4
67
80
54
21
4
9
22
32
37
39
41
44
54
79
89
87
85
80
75
80
90
80
77
66
62
59
48
36
25
41
72
51
30
7
7
13
22
31
36

