50
38
6
67
83
59
19
12
27
33
37
40
41
42
44
54
75
80
82
82
85
82
70
67
70
75
77
64
70
44
40
29
16
58
53
34
5
12
21
28
34
38
41
44
59
67
64
63
69
67
67
65
65
72
78
67
75
72
75
61
59
25
61
96
81
37
4
22
31
37
39
41
42
43
48
69
77
75
77
77
69
60
67
70
70
77
74
57
59
49
45
41
34
5
46
34
23
10
2
13
25
33
38
42
54
74
74
78
84
76
62
77
83
72
86
77
72
83
72
68
21
23
67
78
49
21
7
5
18
29
36
40
41
43
48
66
72
76
76
73
63
59
70
75
63
58
63
59
55
60
51
18
38
54
37
10
4
15
28
34

