124
166
122
49
15
106
268
409
422
390
341
305
246
191
178
171
69
55
131
237
289
332
318
346
357
256
149
49
10
71
167
220
279
322
329
292
235
191
111
70
23
56
0
23
25
25
25
26
22
2
24
8
115
104
7
162
229
209
207
210
215
234
48
10
23
23
23
23
23
23
0
154
173
241
239
200
156
81
33
3
38
113
171
147
111
96
86
74
67
67
62
62
49
76
37
15
5
19
21
19
13
9
9
15
21
23
25
29
57
77
80
71
59
51
45
44
43
44
27
8
19
3
8
10
12
14
20
23
24
25
27
27
27
27
27
27
31
41
51
52
45
41
38
37
35
34
34
34
35
29
15
11
15
20
23
25
27
29
31
32

