80
77
75
83
85
93
99
117
121
128
140
56
101
110
110
42
2
15
25
31
86
230
321
342
332
290
245
199
193
178
218
183
180
119
77
51
175
74
11
17
19
20
21
22
23
25
25
26
27
25
26
27
29
47
183
163
135
146
154
138
112
106
101
82
100
56
14
9
12
14
15
16
17
17
19
20
21
24
49
88
135
124
104
91
85
86
93
82
23
62
98
72
31
4
0
2
7
12
15
19
19
19
21
21
21
23
31
64
81
69
60
51
41
36
31
33
34
34
32
32
18
64
82
53
7
8
12
16
18
19
21
22
23
23
23
24
25
25
29
49
67
61
51
51
48
40
37
33
33
31
32
23
38
50
27
0
13
19
21
23

