101
91
78
72
70
62
64
63
64
60
51
45
58
62
42
41
8
23
29
32
33
34
35
36
37
51
90
88
83
83
84
72
63
65
64
61
52
52
59
0
32
17
13
4
15
27
31
33
34
32
32
34
37
45
68
60
54
52
51
49
47
48
46
41
40
41
41
40
36
39
32
37
56
26
10
25
30
32
33
34
34
36
37
37
37
41
67
62
57
52
48
46
47
46
45
42
45
48
49
49
42
46
10
49
37
0
22
29
31
33
34
34
36
36
37
38
51
78
73
70
66
59
55
54
53
49
47
49
48
47
46
45
38
58
82
56
8
20
29
32
33
34
36
37
37
38
40
59
80
72
67
62
59
57
55
56
52
52
54
50

