51
29
87
83
45
5
25
31
33
36
37
38
39
40
40
45
72
67
67
62
58
56
55
53
49
49
50
50
49
46
48
44
51
33
75
51
4
23
31
34
36
37
38
40
40
40
41
52
66
67
63
58
58
52
52
46
46
48
49
49
49
48
44
38
46
14
49
32
3
26
33
35
37
38
39
40
41
44
63
59
64
61
58
54
52
49
49
50
49
45
45
48
50
46
40
48
15
55
33
5
27
33
36
38
39
40
40
41
46
67
65
70
67
62
57
57
52
54
55
53
53
55
53
44
41
49
15
13
3
14
28
34
37
38
40
40
41
41
45
75
83
77
69
62
54
54
52
51
52
54
53
54
54
53
47
51
37
104
85
23

