80
80
80
80
80
80
80
79
72
63
54
41
28
17
6
-3
-11
-19
-26
-31
-35
-38
-36
-26
-10
4
18
30
41
52
63
72
78
80
80
80
80
80
80
80
80
80
80
78
71
61
53
46
41
36
28
21
14
8
0
-6
-12
-17
-21
-26
-29
-32
-33
-29
-23
-16
-7
0
9
17
25
32
38
45
52
57
59
60
60
58
54
51
48
44
40
35
31
28
26
23
20
16
12
7
4
1
-2
-6
-11
-15
-19
-23
-26
-28
-30
-31
-33
-34
-35
-34
-33
-31
-30
-29
-28
-28
-29
-29
-28
-28
-28
-28
-27
-26
-25
-24
-24
-24
-25
-25
-26
-26
-27
-27
-27
-28
-28
-29
-29
-29
-29
-30
-30
-31
-31
-31
-31
-31
-31
-32
