-25
-26
-26
-27
-28
-30
-31
-32
-33
-33
-34
-33
-32
-31
-32
-32
-33
-33
-32
-32
-32
-31
-29
-29
-29
-26
-23
-23
-24
-25
-27
-29
-31
-33
-35
-35
-32
-28
-26
-26
-26
-26
-26
-26
-25
-24
-23
-23
-24
-23
-23
-26
-29
-30
-31
-32
-33
-32
-27
-24
-24
-26
-27
-27
-27
-26
-26
-26
-26
-25
-25
-26
-27
-28
-29
-30
-31
-30
-24
-18
-14
-9
-3
2
8
16
23
31
37
42
41
37
33
26
19
10
3
-3
-9
-14
-19
-23
-25
-27
-28
-29
-30
-30
-31
-32
-30
-26
-23
-21
-20
-20
-20
-20
-19
-19
-18
-18
-19
-21
-21
-20
-21
-23
-25
-26
-28
-29
-30
-31
-32
-32
-33
-31
-28
-28
-28
-28
-28
-29
-28
-28
-27
-27
-27
-26
