17
12
7
3
0
-5
-10
-14
-17
-21
-23
-26
-27
-29
-30
-27
-23
-19
-15
-12
-8
-4
0
6
12
17
21
26
31
36
39
41
42
42
41
40
38
36
32
29
25
21
18
16
14
11
7
5
2
0
-3
-6
-10
-13
-16
-19
-21
-24
-26
-28
-29
-30
-32
-33
-34
-33
-31
-29
-27
-25
-22
-20
-18
-15
-12
-9
-5
-2
0
3
5
6
7
7
7
7
6
4
3
1
0
0
-1
-2
-4
-5
-6
-9
-12
-15
-18
-21
-23
-26
-28
-29
-31
-33
-34
-35
-35
-36
-36
-35
-35
-35
-35
-36
-36
-36
-36
-35
-35
-34
-34
-34
-34
-34
-33
-33
-32
-32
-32
-32
-33
-33
-34
-34
-34
-34
-35
-35
-35
-35
-35
-36
-36
-36
-36
-36
