80
80
80
80
78
71
63
56
50
43
37
29
20
11
2
-5
-13
-20
-26
-32
-36
-38
-35
-29
-20
-10
0
10
21
31
40
49
57
67
74
78
80
80
79
77
73
68
63
58
53
48
44
41
37
31
25
20
15
9
3
-1
-7
-13
-18
-21
-24
-27
-30
-33
-35
-37
-38
-35
-31
-26
-20
-14
-7
0
6
13
19
24
30
34
38
40
39
37
34
31
28
26
24
21
18
14
10
6
3
0
-4
-8
-12
-14
-18
-20
-22
-23
-25
-26
-28
-30
-31
-32
-33
-34
-34
-34
-34
-34
-34
-34
-34
-34
-34
-34
-34
-34
-34
-34
-34
-34
-35
-35
-35
-35
-34
-33
-32
-32
-31
-31
-31
-31
-31
-31
-31
-31
-31
-31
-31
-31
-31
-31
