80
80
80
80
80
80
80
76
65
47
30
16
3
-7
-16
-24
-30
-35
-35
-25
-4
17
42
64
77
80
80
80
80
80
80
80
80
80
80
80
80
80
74
58
41
26
12
1
-6
-13
-19
-24
-27
-30
-32
-33
-33
-32
-30
-29
-29
-29
-29
-30
-30
-28
-26
-24
-22
-21
-18
-17
-18
-19
-20
-21
-22
-23
-23
-25
-26
-26
-25
-25
-24
-24
-25
-26
-26
-25
-24
-23
-22
-20
-19
-18
-17
-16
-14
-14
-15
-16
-16
-17
-19
-19
-19
-19
-19
-20
-20
-20
-21
-22
-22
-22
-22
-22
-22
-22
-22
-22
-23
-23
-23
-23
-23
-23
-23
-23
-23
-23
-24
-25
-24
-24
-24
-24
-25
-26
-26
-27
-28
-29
-30
-30
-31
-31
-31
-31
-31
-30
-29
-28
