-40
-41
-44
-44
-41
-38
-36
-36
-36
-35
-35
-33
-26
-14
2
22
42
61
76
80
80
80
80
80
80
80
80
80
80
76
66
50
34
18
5
-6
-16
-24
-31
-37
-42
-44
-41
-30
-22
-17
-12
-4
7
22
41
61
76
80
80
80
80
80
80
80
80
80
80
80
80
80
80
76
64
50
38
27
15
5
-3
-11
-17
-22
-26
-29
-28
-26
-24
-22
-21
-21
-21
-21
-21
-21
-19
-17
-15
-15
-15
-14
-12
-13
-15
-16
-18
-20
-22
-24
-25
-27
-28
-29
-30
-31
-32
-32
-32
-32
-33
-33
-34
-35
-36
-37
-37
-37
-37
-37
-36
-32
-27
-24
-23
-24
-25
-25
-25
-25
-26
-27
-28
-28
-28
-28
-28
-29
-28
-28
-29
-30
-30
-30
-30
-31
