-45
-50
-44
-38
-36
-38
-42
-45
-47
-50
-53
-57
-62
-65
-66
-59
-53
-53
-54
-55
-54
-51
-47
-44
-43
-42
-42
-44
-49
-50
-47
-39
-24
-4
16
38
60
76
79
80
80
80
80
80
80
80
80
80
80
80
80
80
80
80
80
79
76
65
51
34
17
2
-9
-23
-38
-47
-60
-69
-66
-52
-40
-34
-31
-30
-29
-28
-26
-24
-21
-18
-21
-28
-31
-29
-21
-14
-10
-9
-11
-16
-21
-26
-31
-36
-40
-43
-44
-45
-46
-44
-40
-35
-30
-28
-28
-28
-29
-29
-30
-31
-31
-32
-30
-27
-23
-22
-22
-22
-21
-22
-23
-24
-26
-27
-28
-31
-31
-32
-32
-32
-32
-33
-33
-33
-34
-35
-34
-34
-34
-33
-33
-33
-33
-32
-33
-33
-33
-33
-33
-32
