-12
-11
-10
-7
-2
6
18
30
41
50
57
64
68
68
62
53
44
35
27
21
16
11
6
1
-5
-11
-18
-22
-25
-23
-13
-2
6
16
25
34
42
47
52
55
57
58
56
53
47
39
31
24
18
12
7
2
-1
-7
-13
-18
-23
-27
-27
-27
-27
-28
-27
-21
-13
-4
4
12
18
24
31
37
43
47
48
46
44
39
34
29
24
20
16
13
10
7
4
2
0
-2
-4
-7
-9
-11
-12
-13
-14
-15
-16
-17
-18
-19
-19
-19
-19
-20
-20
-21
-21
-22
-23
-23
-23
-23
-23
-23
-23
-23
-24
-24
-24
-24
-25
-25
-24
-24
-23
-23
-23
-23
-23
-23
-24
-24
-24
-24
-24
-23
-23
-23
-23
-23
-23
-24
-24
-24
-23
-23
-23
-23
