-4
-5
-6
-8
-9
-11
-12
-13
-15
-17
-19
-21
-22
-24
-25
-26
-28
-29
-31
-33
-34
-34
-35
-36
-37
-37
-36
-35
-34
-31
-28
-25
-22
-18
-15
-11
-8
-5
-3
-3
-3
-5
-7
-9
-11
-14
-16
-18
-20
-21
-22
-24
-25
-27
-28
-29
-30
-31
-31
-32
-33
-35
-36
-37
-37
-37
-37
-38
-38
-38
-38
-39
-39
-39
-39
-39
-38
-38
-38
-39
-39
-39
-39
-37
-35
-34
-32
-30
-28
-26
-23
-21
-18
-16
-15
-14
-14
-14
-16
-17
-19
-22
-24
-26
-28
-30
-31
-32
-33
-34
-34
-35
-36
-36
-37
-37
-37
-37
-37
-37
-38
-38
-38
-38
-38
-38
-38
-38
-38
-38
-38
-38
-37
-36
-35
-33
-31
-30
-29
-27
-26
-24
-23
-21
-21
-21
-22
-23
-24
-26
