38
32
24
15
6
-1
-8
-14
-18
-21
-17
-7
2
11
20
30
40
49
56
59
56
49
42
35
28
19
10
2
-4
-10
-16
-20
-23
-23
-17
-10
-5
-3
-2
-1
0
0
-2
-6
-7
-9
-13
-17
-20
-22
-19
-12
-3
6
17
27
36
42
46
45
41
35
30
25
19
12
6
1
0
0
-2
-3
-5
-6
-7
-8
-10
-12
-15
-18
-19
-17
-15
-13
-12
-12
-11
-10
-10
-10
-9
-10
-12
-11
-10
-11
-12
-14
-16
-17
-19
-20
-22
-23
-23
-24
-25
-26
-26
-28
-28
-28
-28
-28
-28
-28
-28
-28
-28
-28
-27
-27
-25
-21
-19
-20
-20
-21
-21
-22
-22
-22
-23
-23
-23
-23
-23
-23
-23
-24
-24
-25
-26
-27
-27
-27
-27
-28
-28
-29
