-33
-34
-35
-36
-37
-38
-39
-40
-40
-41
-41
-41
-41
-41
-41
-41
-42
-41
-40
-38
-36
-33
-30
-26
-23
-20
-17
-13
-9
-6
-2
0
0
0
-1
-4
-8
-11
-14
-16
-17
-19
-20
-21
-22
-23
-23
-21
-21
-20
-21
-22
-24
-26
-27
-28
-28
-28
-29
-29
-30
-31
-33
-34
-36
-36
-37
-38
-38
-38
-39
-39
-39
-39
-40
-40
-40
-40
-40
-40
-39
-38
-36
-34
-32
-30
-26
-23
-19
-16
-12
-9
-8
-6
-7
-7
-9
-12
-15
-17
-19
-21
-23
-24
-26
-28
-29
-30
-31
-32
-33
-34
-35
-35
-36
-37
-38
-38
-39
-39
-39
-39
-39
-39
-39
-40
-41
-41
-41
-41
-41
-41
-41
-41
-40
-40
-40
-40
-40
-39
-37
-36
-35
-33
-33
-32
-32
-33
-33
-33
