79
79
79
79
78
74
70
66
60
54
49
43
33
18
-2
-24
-37
-36
-19
1
22
42
61
76
79
79
79
79
79
80
80
80
80
80
80
80
80
79
79
79
79
79
79
80
80
79
79
76
68
59
51
43
37
32
26
21
15
8
3
1
0
-3
-5
-7
-10
-13
-15
-16
-18
-20
-22
-24
-27
-28
-30
-31
-32
-33
-34
-34
-32
-27
-22
-16
-10
-4
1
6
9
11
11
10
8
5
1
-1
-6
-10
-13
-16
-19
-21
-23
-25
-26
-29
-30
-31
-31
-32
-32
-33
-33
-33
-35
-36
-36
-36
-36
-36
-36
-36
-36
-36
-37
-38
-37
-37
-37
-37
-37
-36
-36
-37
-38
-38
-37
-37
-37
-37
-37
-36
-36
-38
-38
-38
-37
-37
-37
-37
