80
80
80
80
80
80
80
80
80
80
80
79
79
74
65
56
47
37
29
20
8
-2
-11
-17
-22
-21
-10
2
16
31
46
60
73
79
79
80
80
80
80
80
80
80
79
79
74
67
60
54
49
44
38
32
27
22
18
13
8
2
-3
-8
-12
-15
-17
-20
-20
-18
-15
-12
-10
-7
-4
-1
1
6
11
18
26
34
41
48
55
59
60
56
51
47
43
38
33
29
24
18
13
8
4
0
-4
-8
-11
-15
-18
-20
-21
-22
-23
-24
-25
-26
-26
-28
-29
-29
-29
-29
-29
-29
-29
-29
-29
-30
-31
-30
-29
-27
-25
-24
-22
-20
-19
-19
-19
-19
-19
-19
-19
-19
-18
-18
-19
-21
-23
-23
-24
-25
-26
-27
-27
-27
-28
-29
