-2
-5
-9
-13
-16
-19
-21
-23
-25
-26
-26
-26
-26
-25
-23
-22
-20
-19
-17
-15
-14
-13
-12
-12
-12
-13
-15
-16
-18
-20
-22
-23
-25
-26
-27
-28
-29
-30
-31
-32
-33
-33
-33
-34
-34
-35
-35
-35
-35
-36
-36
-36
-35
-35
-36
-35
-35
-35
-35
-35
-35
-35
-35
-36
-36
-36
-36
-36
-36
-36
-36
-35
-34
-34
-33
-31
-29
-28
-26
-24
-22
-20
-18
-16
-13
-11
-9
-6
-5
-4
-3
-3
-4
-5
-6
-8
-9
-11
-14
-16
-19
-21
-23
-25
-26
-27
-28
-29
-30
-31
-31
-32
-32
-32
-33
-33
-33
-33
-34
-34
-34
-34
-34
-34
-34
-34
-35
-35
-34
-34
-35
-35
-34
-34
-34
-33
-33
-32
-31
-31
-30
-29
-29
-28
-27
-27
-27
-26
-26
-26
