2
5
10
15
21
29
39
47
56
64
69
72
72
68
61
53
44
35
26
18
11
5
0
-6
-12
-18
-23
-26
-24
-13
0
7
12
17
24
30
37
42
46
47
44
36
24
13
5
0
-5
-10
-15
-19
-23
-27
-30
-29
-23
-15
-7
0
6
12
19
25
31
36
39
40
39
37
33
27
22
17
12
8
5
2
0
-2
-3
-3
-2
0
-1
-1
-1
-1
-2
-2
-2
-2
-2
-2
-3
-4
-5
-7
-10
-12
-14
-16
-19
-22
-24
-25
-27
-28
-29
-30
-31
-32
-32
-33
-33
-33
-33
-34
-34
-34
-33
-33
-33
-33
-32
-33
-33
-33
-33
-33
-32
-32
-32
-32
-32
-33
-33
-33
-32
-32
-32
-32
-32
-32
-33
-33
-33
-32
-32
-32
-32
-32
