52
45
37
30
23
16
9
4
0
-5
-10
-17
-23
-28
-31
-29
-20
-9
0
7
15
22
29
34
39
43
44
44
43
40
35
30
23
18
14
11
8
5
2
0
-3
-5
-6
-8
-10
-12
-13
-15
-16
-17
-17
-18
-18
-19
-19
-20
-19
-17
-16
-16
-16
-17
-18
-18
-18
-18
-18
-17
-17
-17
-17
-17
-17
-17
-17
-17
-17
-17
-16
-16
-15
-14
-13
-12
-11
-9
-8
-7
-6
-5
-4
-4
-4
-5
-6
-8
-11
-13
-15
-17
-19
-21
-22
-23
-25
-25
-26
-26
-25
-25
-24
-23
-23
-22
-21
-21
-20
-20
-20
-20
-21
-21
-22
-23
-24
-25
-26
-27
-28
-28
-28
-29
-28
-28
-27
-26
-26
-26
-26
-27
-27
-28
-28
-29
-29
-29
-29
-30
-31
-31
