30
38
45
52
58
63
63
59
53
47
42
36
29
22
14
7
1
-4
-8
-9
-6
0
5
6
1
-1
-3
0
7
13
20
26
33
40
48
54
58
57
54
49
46
43
40
36
31
26
20
14
8
3
-1
-5
-8
-11
-13
-14
-15
-15
-15
-16
-17
-14
-10
-5
-1
2
7
12
17
22
28
32
34
34
32
31
31
30
28
25
21
16
13
9
6
2
0
-2
-4
-6
-7
-9
-10
-11
-13
-14
-15
-16
-16
-17
-18
-19
-19
-20
-20
-20
-21
-21
-21
-22
-22
-22
-22
-22
-23
-23
-23
-23
-24
-24
-24
-24
-23
-21
-20
-20
-20
-20
-20
-20
-20
-20
-20
-20
-20
-20
-20
-20
-20
-20
-20
-20
-21
-21
-21
-21
-21
-21
-21
-21
