56
58
58
58
58
57
55
54
51
48
46
44
42
40
36
31
26
19
14
10
5
1
-3
-8
-12
-15
-18
-20
-22
-24
-27
-29
-29
-26
-22
-17
-11
-7
-2
1
6
12
17
21
26
30
32
33
32
31
30
30
28
26
23
19
15
11
6
1
-2
-6
-9
-12
-15
-18
-20
-22
-24
-25
-26
-27
-28
-28
-28
-28
-27
-25
-23
-21
-19
-17
-15
-14
-12
-10
-7
-5
-4
-3
-3
-4
-6
-7
-9
-11
-12
-14
-15
-17
-19
-20
-21
-22
-23
-25
-26
-27
-27
-28
-29
-29
-30
-30
-30
-31
-31
-31
-32
-32
-32
-32
-32
-32
-32
-32
-32
-32
-32
-32
-32
-32
-32
-32
-32
-32
-32
-32
-32
-32
-32
-32
-32
-32
-32
-32
-32
-32
-32
-32
