-11
6
24
40
52
61
70
77
80
80
80
80
80
80
80
80
80
80
80
80
80
80
80
80
80
80
78
71
61
53
46
38
30
23
16
9
3
-1
-6
-9
-12
-15
-17
-19
-20
-22
-23
-23
-21
-21
-21
-21
-22
-22
-22
-23
-23
-23
-22
-21
-20
-17
-14
-12
-12
-12
-12
-13
-14
-16
-17
-18
-19
-19
-20
-21
-22
-22
-21
-19
-19
-19
-20
-21
-22
-22
-22
-22
-22
-21
-20
-19
-19
-19
-18
-18
-18
-18
-17
-17
-18
-19
-19
-19
-19
-19
-19
-19
-19
-21
-21
-20
-20
-20
-20
-20
-20
-20
-21
-21
-21
-21
-21
-21
-21
-21
-20
-21
-22
-22
-23
-23
-23
-23
-22
-23
-24
-25
-26
-26
-26
-27
-27
-28
-28
-28
-29
-29
-29
-28
