-42
-42
-41
-41
-41
-41
-41
-41
-40
-40
-40
-40
-40
-40
-40
-40
-40
-40
-39
-39
-39
-39
-38
-38
-39
-40
-41
-42
-42
-43
-43
-43
-43
-42
-42
-42
-42
-41
-41
-42
-43
-44
-44
-45
-46
-46
-46
-45
-44
-43
-42
-41
-41
-41
-41
-41
-40
-40
-39
-39
-39
-38
-38
-37
-38
-39
-39
-38
-38
-38
-37
-37
-36
-36
-36
-37
-36
-36
-36
-36
-37
-38
-39
-40
-41
-41
-41
-41
-41
-41
-40
-40
-39
-39
-39
-39
-40
-41
-42
-42
-41
-40
-40
-39
-38
-38
-38
-38
-37
-36
-35
-35
-34
-33
-33
-33
-34
-34
-33
-33
-33
-33
-33
-33
-32
-32
-34
-37
-39
-40
-41
-41
-41
-41
-41
-40
-40
-40
-40
-40
-39
-38
-37
-37
-37
-37
-35
-34
-33
-31
