80
80
79
78
75
68
61
53
45
36
27
19
12
7
3
0
-1
-3
-5
-7
-9
-10
-11
-11
-12
-12
-13
-13
-15
-16
-14
-13
-11
-8
-6
-4
-1
0
1
3
6
8
9
10
9
7
4
2
0
0
-1
-2
-4
-5
-6
-8
-9
-9
-10
-10
-11
-11
-11
-11
-13
-14
-14
-14
-14
-14
-15
-15
-14
-15
-16
-16
-16
-16
-16
-16
-15
-15
-16
-17
-17
-17
-17
-17
-17
-17
-16
-17
-18
-18
-17
-17
-17
-17
-17
-17
-18
-19
-19
-19
-19
-19
-19
-19
-19
-20
-21
-20
-20
-19
-19
-19
-18
-18
-19
-20
-20
-20
-21
-21
-21
-22
-22
-22
-22
-21
-19
-18
-18
-18
-19
-19
-20
-20
-20
-20
-21
-21
-23
-24
-24
-25
-25
-25
-25
-25
