24
14
4
-3
-11
-18
-22
-25
-21
-11
-1
4
9
14
19
25
30
35
40
44
43
41
37
32
26
19
9
0
-7
-13
-18
-22
-24
-26
-25
-21
-15
-12
-11
-9
-9
-8
-8
-8
-10
-13
-15
-15
-15
-16
-17
-19
-20
-21
-22
-23
-22
-21
-18
-17
-16
-16
-16
-17
-17
-18
-17
-17
-17
-18
-19
-19
-20
-20
-20
-20
-20
-20
-21
-21
-20
-19
-19
-19
-19
-18
-17
-17
-17
-17
-17
-18
-19
-19
-19
-18
-17
-17
-17
-17
-18
-19
-19
-19
-19
-19
-19
-20
-20
-20
-20
-20
-21
-22
-23
-24
-25
-26
-26
-27
-27
-27
-25
-23
-22
-21
-21
-21
-21
-20
-20
-21
-20
-20
-20
-20
-21
-21
-21
-22
-22
-22
-22
-23
-23
-23
-23
-24
-25
-27
