80
80
80
80
80
80
80
80
80
80
80
78
71
60
51
43
35
25
14
6
0
-8
-14
-19
-23
-27
-27
-20
-8
4
19
33
46
59
71
79
80
80
80
80
80
80
80
80
80
80
80
78
72
64
56
48
41
33
26
17
9
2
-3
-9
-15
-20
-24
-28
-29
-27
-23
-19
-15
-10
-5
0
5
13
21
31
40
49
58
65
71
75
76
73
67
61
54
48
43
38
33
28
23
18
13
6
0
-5
-11
-16
-21
-25
-28
-31
-33
-35
-36
-38
-38
-39
-40
-41
-40
-39
-37
-36
-35
-34
-33
-33
-33
-32
-32
-31
-30
-29
-28
-26
-24
-22
-22
-23
-24
-26
-28
-29
-29
-30
-31
-32
-34
-35
-36
-37
-37
-37
-37
-37
-36
-35
