-29
-29
-29
-30
-30
-30
-30
-30
-30
-29
-29
-29
-29
-30
-30
-30
-30
-30
-29
-29
-29
-29
-29
-29
-30
-30
-31
-30
-30
-30
-31
-30
-30
-31
-31
-31
-31
-32
-31
-31
-31
-31
-31
-31
-31
-31
-30
-30
-30
-30
-30
-30
-30
-30
-30
-30
-30
-30
-31
-31
-31
-30
-30
-30
-30
-30
-30
-30
-30
-31
-31
-30
-30
-30
-29
-29
-28
-27
-27
-26
-25
-23
-22
-21
-20
-18
-16
-14
-12
-11
-9
-8
-7
-7
-7
-7
-9
-11
-14
-17
-19
-20
-22
-23
-25
-25
-26
-27
-27
-28
-28
-28
-28
-28
-28
-28
-29
-28
-28
-27
-26
-25
-25
-24
-24
-23
-23
-23
-23
-22
-22
-21
-21
-20
-20
-21
-22
-24
-24
-25
-26
-26
-26
-27
-27
-27
-28
-28
-27
-27
