-25
-25
-27
-29
-32
-31
-27
-21
-17
-12
-5
0
7
13
20
25
31
38
45
49
47
42
35
28
20
13
4
-3
-12
-19
-25
-29
-25
-13
-3
3
8
14
20
28
37
46
55
63
70
75
78
78
71
59
48
43
40
39
39
38
37
36
36
35
35
33
32
29
25
20
14
8
3
0
-4
-7
-10
-13
-15
-17
-18
-19
-20
-21
-20
-19
-18
-18
-17
-17
-17
-17
-17
-17
-16
-15
-16
-17
-17
-17
-17
-17
-17
-17
-18
-18
-18
-18
-18
-18
-18
-19
-19
-20
-20
-20
-20
-20
-20
-20
-20
-20
-21
-21
-21
-21
-21
-21
-21
-20
-20
-21
-21
-20
-20
-20
-20
-20
-21
-21
-21
-21
-21
-21
-21
-21
-21
-21
-21
-21
-21
-21
-21
-21
