-24
-24
-24
-24
-24
-24
-23
-22
-20
-19
-17
-16
-14
-11
-7
-2
2
6
10
14
19
24
30
37
44
51
57
63
67
69
65
54
42
31
21
15
10
4
0
-6
-13
-18
-23
-26
-26
-17
-4
4
11
19
26
34
42
50
55
55
49
38
27
20
14
8
1
-4
-10
-16
-21
-25
-28
-31
-32
-30
-23
-17
-10
-3
3
10
17
23
29
35
40
41
41
39
35
29
23
18
14
10
7
4
1
-1
-5
-9
-13
-16
-19
-22
-24
-25
-27
-28
-29
-30
-31
-31
-32
-32
-32
-32
-32
-32
-33
-33
-32
-31
-30
-30
-30
-30
-31
-31
-31
-31
-30
-29
-28
-27
-26
-27
-28
-28
-29
-29
-29
-29
-29
-29
-29
-30
-30
-29
-29
-29
-29
-29
