-26
-24
-23
-22
-22
-25
-28
-27
-27
-29
-31
-32
-30
-21
-8
2
12
19
26
33
40
45
45
41
34
27
20
11
2
-6
-14
-20
-24
-25
-18
-7
0
2
6
10
15
19
24
28
33
37
38
36
31
25
19
13
6
-1
-8
-13
-16
-18
-19
-19
-15
-13
-12
-11
-11
-11
-11
-11
-11
-11
-11
-12
-12
-12
-13
-14
-14
-16
-17
-18
-19
-20
-20
-21
-23
-24
-24
-23
-23
-23
-23
-23
-23
-24
-24
-23
-20
-17
-17
-17
-18
-18
-19
-19
-19
-19
-19
-20
-20
-20
-20
-20
-20
-19
-20
-20
-20
-20
-20
-20
-20
-20
-20
-20
-21
-22
-22
-22
-23
-23
-23
-24
-24
-23
-23
-24
-23
-22
-21
-21
-20
-20
-20
-20
-20
-20
-20
-20
-20
-21
