-20
-18
-16
-14
-12
-10
-9
-7
-8
-8
-6
0
10
20
33
47
64
77
80
80
80
80
80
80
80
80
80
80
80
80
74
58
41
25
11
-1
-12
-22
-30
-35
-29
-7
19
41
59
74
79
80
80
80
80
80
80
80
80
80
79
73
60
44
28
12
-3
-17
-28
-37
-43
-44
-33
-9
13
34
53
69
78
80
80
80
80
80
80
80
80
80
80
78
71
61
52
45
40
34
27
19
11
5
0
-6
-11
-16
-19
-22
-25
-28
-30
-31
-33
-34
-35
-35
-34
-33
-32
-32
-32
-33
-33
-34
-35
-35
-35
-35
-34
-32
-29
-28
-27
-27
-27
-27
-27
-27
-28
-29
-29
-29
-29
-29
-29
-28
-28
-28
-29
-29
-29
-28
-28
-28
-28
-28
