80
80
80
80
79
76
69
62
55
49
44
39
35
31
26
19
13
5
0
-5
-10
-14
-17
-20
-22
-25
-26
-23
-19
-14
-7
-1
3
10
17
24
30
35
42
46
50
53
55
54
51
50
49
45
41
38
34
29
25
21
18
14
9
6
3
0
-3
-6
-8
-11
-12
-14
-15
-16
-18
-19
-19
-18
-15
-11
-7
-2
1
4
8
12
16
19
22
24
24
24
24
23
21
18
15
13
10
6
3
0
-4
-8
-12
-16
-19
-22
-24
-25
-27
-28
-29
-30
-31
-32
-32
-33
-33
-33
-33
-34
-34
-34
-34
-35
-35
-35
-35
-34
-34
-34
-33
-31
-31
-30
-30
-30
-30
-30
-30
-30
-30
-30
-31
-31
-31
-32
-32
-32
-32
-31
-31
-31
-31
-31
