3
0
-1
-2
-5
-8
-9
-11
-12
-14
-16
-17
-19
-21
-22
-23
-25
-26
-28
-29
-31
-33
-35
-36
-38
-38
-39
-40
-41
-42
-42
-43
-44
-44
-44
-44
-43
-42
-41
-41
-40
-40
-40
-40
-41
-41
-42
-43
-44
-45
-45
-45
-46
-46
-46
-46
-46
-46
-46
-46
-45
-45
-45
-44
-44
-44
-44
-44
-44
-43
-43
-43
-43
-43
-43
-43
-45
-46
-47
-47
-47
-47
-47
-45
-45
-47
-46
-45
-46
-47
-46
-46
-46
-45
-44
-42
-42
-42
-42
-42
-41
-41
-41
-40
-38
-38
-38
-37
-38
-38
-39
-39
-39
-38
-38
-38
-38
-38
-38
-38
-39
-39
-40
-40
-39
-39
-38
-37
-37
-37
-37
-37
-37
-36
-36
-36
-35
-34
-32
-30
-29
-28
-29
-30
-31
-32
-33
-34
-33
-33
