-27
-26
-26
-26
-26
-26
-26
-25
-25
-24
-24
-25
-25
-25
-24
-23
-21
-18
-15
-11
-8
-5
-2
0
2
4
6
9
11
12
13
13
12
11
9
8
7
6
4
1
-1
-4
-7
-10
-13
-16
-19
-21
-22
-24
-25
-26
-26
-27
-28
-28
-28
-26
-25
-25
-24
-24
-24
-24
-23
-23
-23
-22
-21
-20
-18
-17
-15
-13
-11
-8
-5
-2
0
2
4
7
8
9
9
8
6
4
3
1
0
0
-2
-4
-6
-8
-10
-12
-14
-17
-19
-21
-23
-24
-25
-27
-28
-29
-29
-30
-30
-30
-30
-31
-30
-30
-29
-29
-28
-28
-28
-28
-28
-27
-27
-27
-27
-28
-28
-29
-29
-30
-30
-30
-30
-30
-29
-29
-29
-29
-29
-29
-29
-29
-29
-29
-29
-29
-30
-30
