-42
-43
-43
-44
-45
-45
-45
-44
-44
-43
-43
-42
-41
-41
-41
-40
-40
-40
-39
-39
-39
-39
-40
-41
-41
-41
-41
-41
-41
-41
-41
-41
-41
-41
-42
-42
-42
-42
-42
-42
-42
-42
-42
-43
-43
-43
-43
-43
-43
-43
-43
-43
-43
-44
-44
-44
-44
-44
-44
-44
-43
-43
-43
-44
-44
-44
-43
-43
-43
-42
-42
-42
-42
-43
-43
-43
-43
-42
-42
-41
-41
-40
-40
-40
-39
-39
-38
-38
-38
-38
-39
-40
-42
-43
-43
-43
-43
-43
-42
-42
-41
-41
-41
-41
-41
-41
-40
-40
-40
-39
-39
-39
-39
-40
-40
-39
-39
-39
-39
-39
-38
-39
-41
-41
-41
-40
-39
-38
-38
-37
-36
-35
-35
-34
-34
-33
-33
-33
-34
-36
-37
-39
-39
-39
-39
-38
-38
-37
-35
-34
