-27
-27
-27
-28
-29
-28
-28
-27
-25
-23
-20
-18
-15
-13
-10
-6
-2
1
5
8
12
14
14
12
10
6
2
0
-3
-6
-9
-13
-15
-17
-19
-20
-21
-22
-23
-24
-25
-26
-26
-26
-27
-27
-27
-27
-27
-29
-29
-29
-29
-29
-29
-29
-29
-28
-29
-30
-30
-30
-29
-29
-29
-28
-28
-28
-28
-29
-29
-29
-28
-28
-28
-28
-27
-27
-27
-28
-28
-28
-27
-25
-22
-20
-16
-12
-9
-6
-3
0
0
0
0
-3
-6
-9
-13
-17
-19
-21
-22
-23
-24
-24
-25
-25
-26
-27
-27
-27
-27
-27
-27
-27
-27
-26
-27
-27
-27
-27
-27
-27
-27
-26
-26
-26
-26
-27
-27
-27
-27
-26
-26
-26
-26
-26
-26
-25
-26
-26
-26
-26
-26
-26
-27
-27
-26
-25
