-18
-14
-9
-5
-1
2
6
10
14
18
23
28
32
36
36
32
24
15
7
0
-6
-12
-17
-20
-23
-25
-27
-26
-21
-15
-8
-1
5
12
20
28
36
42
48
52
52
49
43
35
26
19
14
8
2
-3
-9
-15
-19
-22
-25
-27
-29
-30
-31
-32
-33
-33
-33
-32
-31
-30
-29
-27
-25
-22
-19
-16
-12
-8
-3
1
7
12
16
20
22
21
19
16
13
11
8
7
5
3
1
0
-1
-3
-5
-8
-10
-12
-14
-17
-19
-20
-22
-23
-24
-25
-26
-27
-28
-28
-29
-29
-30
-30
-29
-29
-29
-29
-29
-28
-27
-26
-26
-25
-24
-24
-25
-25
-25
-25
-25
-25
-24
-23
-23
-23
-23
-24
-24
-25
-25
-26
-26
-27
-27
-27
-28
-28
-28
-28
