-28
-28
-28
-28
-28
-28
-28
-28
-28
-29
-29
-29
-28
-28
-28
-28
-28
-27
-27
-28
-28
-28
-27
-25
-23
-20
-16
-11
-6
-2
2
7
11
15
19
22
23
24
23
22
19
15
11
6
2
-1
-5
-8
-10
-12
-14
-16
-17
-19
-20
-21
-21
-21
-21
-21
-21
-21
-20
-18
-15
-11
-6
0
4
10
16
22
28
34
40
46
51
54
56
55
55
54
52
50
48
45
41
36
30
24
19
14
8
3
0
-5
-9
-12
-15
-17
-19
-20
-22
-23
-24
-25
-25
-26
-26
-26
-25
-25
-25
-25
-24
-23
-22
-21
-20
-19
-18
-18
-19
-20
-20
-21
-22
-22
-23
-24
-24
-25
-26
-27
-28
-28
-28
-28
-28
-28
-28
-29
-29
-30
-30
-30
-30
-30
-30
-30
