-45
-44
-43
-42
-41
-41
-41
-42
-42
-43
-44
-45
-46
-46
-47
-47
-48
-48
-48
-48
-48
-48
-48
-48
-48
-49
-49
-48
-48
-48
-48
-48
-48
-48
-48
-48
-48
-47
-47
-46
-44
-41
-38
-35
-32
-27
-22
-16
-11
-6
-1
1
4
6
7
6
4
0
-3
-7
-11
-14
-17
-19
-21
-23
-25
-27
-29
-30
-33
-34
-36
-37
-38
-38
-39
-39
-40
-40
-41
-41
-41
-42
-42
-42
-42
-42
-42
-43
-43
-44
-44
-44
-44
-44
-44
-43
-43
-42
-41
-41
-40
-39
-38
-37
-37
-37
-37
-38
-39
-40
-40
-40
-40
-40
-40
-39
-39
-40
-40
-39
-39
-39
-39
-39
-39
-39
-39
-40
-40
-39
-39
-38
-38
-38
-38
-38
-38
-39
-40
-40
-41
-41
-40
-39
-38
-38
-37
-37
