80
80
80
80
80
80
80
80
77
70
61
53
45
38
29
21
11
2
-5
-14
-22
-28
-33
-36
-32
-21
-7
5
19
33
46
58
70
78
80
80
80
80
80
80
77
68
55
47
41
35
29
24
18
12
5
-1
-6
-11
-14
-18
-21
-25
-27
-29
-30
-32
-33
-33
-33
-31
-30
-29
-29
-28
-28
-26
-23
-18
-12
-5
1
7
14
20
25
28
32
33
31
28
26
24
22
19
17
14
10
5
1
-1
-5
-9
-12
-16
-18
-20
-22
-24
-25
-26
-28
-28
-29
-29
-30
-30
-30
-31
-31
-32
-32
-32
-32
-32
-32
-33
-33
-33
-33
-33
-33
-33
-33
-32
-32
-32
-32
-32
-32
-32
-32
-32
-32
-32
-32
-33
-33
-33
-33
-32
-32
-32
-32
-32
