-36
-38
-39
-40
-41
-41
-41
-41
-42
-42
-42
-42
-43
-42
-42
-41
-41
-41
-40
-38
-35
-33
-31
-30
-29
-29
-28
-28
-27
-28
-28
-27
-27
-27
-27
-26
-26
-26
-26
-27
-28
-32
-34
-36
-36
-37
-37
-38
-38
-39
-39
-40
-40
-40
-39
-39
-38
-36
-34
-34
-34
-33
-30
-27
-25
-24
-23
-23
-24
-24
-23
-23
-23
-23
-24
-25
-26
-27
-29
-33
-35
-37
-38
-39
-40
-42
-43
-44
-44
-44
-44
-44
-44
-43
-41
-39
-37
-35
-31
-24
-20
-20
-21
-22
-25
-29
-32
-31
-24
-11
6
27
50
70
79
80
80
80
80
80
80
80
80
80
80
80
80
78
71
60
46
30
15
3
-6
-15
-23
-30
-35
-39
-40
-38
-33
-30
-28
-27
-26
-23
-20
-15
