-29
-29
-29
-30
-30
-30
-30
-30
-30
-30
-30
-30
-31
-30
-30
-31
-31
-31
-30
-30
-31
-31
-31
-32
-32
-32
-32
-33
-33
-34
-35
-35
-35
-36
-36
-36
-36
-36
-36
-37
-37
-37
-37
-37
-37
-36
-37
-37
-36
-35
-31
-26
-22
-19
-17
-14
-12
-9
-7
-6
-4
-3
-2
-2
-4
-7
-10
-13
-16
-19
-22
-25
-28
-31
-33
-35
-37
-38
-39
-40
-40
-41
-42
-42
-42
-41
-41
-40
-38
-37
-37
-37
-37
-37
-36
-34
-33
-31
-29
-27
-25
-22
-20
-18
-16
-14
-12
-12
-13
-14
-16
-18
-20
-22
-24
-25
-26
-27
-28
-28
-28
-29
-29
-30
-30
-31
-31
-32
-33
-33
-34
-35
-35
-36
-36
-37
-38
-38
-38
-38
-39
-39
-39
-39
-39
-40
-40
-40
-40
-39
