-37
-36
-35
-34
-33
-33
-34
-34
-34
-35
-34
-34
-34
-34
-33
-33
-33
-32
-31
-30
-29
-28
-28
-27
-26
-25
-24
-24
-24
-25
-27
-27
-28
-28
-27
-23
-17
-11
-3
3
9
18
27
35
42
50
57
63
69
72
75
75
73
69
64
59
53
48
43
39
35
31
26
22
17
12
6
0
-4
-9
-14
-19
-23
-25
-26
-26
-23
-19
-13
-6
0
5
12
18
26
33
41
50
58
65
72
77
79
78
75
71
66
60
54
48
43
38
33
30
26
22
17
12
7
2
-2
-8
-12
-16
-19
-23
-25
-27
-28
-30
-30
-31
-30
-27
-23
-17
-10
-3
4
11
17
24
30
35
41
47
53
57
59
59
57
54
50
47
44
41
38
35
31
27
