-30
-30
-30
-29
-29
-28
-25
-23
-22
-23
-24
-25
-25
-26
-27
-28
-28
-30
-31
-31
-32
-32
-33
-32
-32
-32
-32
-33
-33
-33
-33
-33
-32
-31
-30
-29
-28
-24
-22
-22
-23
-24
-25
-26
-27
-28
-29
-29
-30
-30
-31
-31
-31
-30
-30
-31
-32
-33
-33
-33
-33
-32
-31
-30
-30
-28
-25
-22
-22
-23
-24
-26
-27
-27
-28
-28
-29
-30
-31
-32
-32
-31
-30
-30
-31
-32
-33
-33
-33
-33
-32
-31
-30
-30
-28
-25
-22
-21
-23
-24
-25
-26
-27
-28
-29
-30
-30
-30
-29
-26
-26
-27
-28
-29
-30
-29
-28
-27
-26
-26
-25
-25
-23
-22
-23
-25
-26
-25
-23
-20
-16
-9
-3
3
10
17
23
29
32
31
29
27
24
20
16
13
9
6
3
0
