-33
-33
-33
-34
-34
-34
-35
-36
-38
-39
-40
-41
-41
-42
-42
-42
-42
-42
-42
-42
-42
-42
-43
-43
-43
-43
-42
-42
-41
-40
-38
-36
-34
-32
-32
-31
-32
-32
-32
-32
-32
-32
-32
-32
-32
-33
-34
-36
-36
-36
-37
-37
-38
-38
-40
-41
-41
-41
-41
-41
-41
-42
-42
-43
-43
-43
-42
-42
-42
-42
-41
-40
-40
-39
-40
-39
-38
-36
-34
-32
-31
-31
-32
-33
-35
-36
-37
-38
-38
-39
-40
-41
-42
-42
-44
-46
-46
-45
-44
-44
-45
-45
-45
-45
-45
-44
-42
-40
-39
-36
-34
-32
-31
-31
-31
-31
-31
-30
-26
-21
-11
3
23
43
62
75
80
80
80
80
80
80
80
80
80
80
80
80
80
76
69
60
51
41
30
18
6
-4
-13
-21
