-31
-31
-30
-30
-29
-28
-27
-26
-26
-25
-26
-29
-32
-34
-35
-35
-33
-31
-29
-27
-25
-23
-22
-21
-21
-21
-23
-25
-29
-32
-33
-33
-33
-33
-33
-33
-33
-33
-33
-33
-32
-32
-32
-32
-31
-32
-34
-35
-34
-32
-29
-26
-25
-25
-24
-24
-24
-24
-24
-25
-26
-30
-32
-35
-38
-39
-38
-38
-38
-38
-38
-39
-39
-38
-37
-36
-35
-35
-34
-31
-29
-29
-30
-31
-28
-21
-16
-8
3
19
35
47
56
65
73
78
79
80
80
80
79
79
79
80
80
80
79
76
68
58
52
48
43
36
28
21
11
0
-10
-19
-25
-24
-15
-2
13
29
45
61
73
79
79
80
80
80
80
80
79
79
79
78
72
61
50
42
36
30
24
15
6
-3
