5
0
-3
-6
-10
-13
-16
-19
-21
-22
-24
-25
-26
-27
-28
-29
-29
-29
-29
-30
-30
-30
-30
-31
-31
-31
-30
-30
-30
-30
-30
-30
-31
-31
-31
-31
-31
-31
-30
-30
-30
-30
-31
-31
-32
-32
-31
-30
-28
-25
-23
-20
-17
-14
-11
-7
-4
-1
1
3
5
7
7
7
6
3
0
-5
-9
-12
-15
-17
-20
-23
-24
-25
-26
-27
-28
-29
-29
-29
-29
-30
-30
-30
-30
-30
-30
-29
-29
-29
-29
-29
-30
-30
-29
-29
-29
-29
-30
-30
-30
-29
-28
-25
-22
-18
-15
-12
-9
-6
-3
-1
0
3
5
7
8
8
5
1
-4
-8
-12
-14
-16
-18
-20
-22
-23
-25
-26
-27
-27
-27
-28
-28
-28
-28
-29
-29
-29
-29
-28
-28
-28
-28
-28
-29
