-31
-32
-31
-30
-30
-30
-30
-31
-31
-31
-30
-30
-30
-29
-28
-26
-23
-21
-22
-22
-23
-24
-25
-25
-26
-27
-28
-28
-29
-30
-30
-29
-29
-29
-29
-30
-30
-30
-29
-29
-28
-28
-27
-25
-22
-22
-23
-23
-24
-25
-26
-27
-28
-29
-30
-31
-32
-32
-33
-34
-33
-32
-31
-31
-32
-32
-32
-31
-31
-31
-30
-30
-29
-29
-26
-23
-23
-23
-24
-25
-26
-27
-28
-29
-30
-30
-31
-31
-32
-32
-30
-29
-29
-29
-30
-30
-30
-30
-29
-29
-28
-28
-26
-22
-21
-22
-23
-25
-27
-29
-29
-30
-31
-32
-34
-34
-35
-34
-33
-30
-30
-31
-32
-33
-32
-32
-32
-31
-31
-30
-29
-28
-26
-22
-19
-20
-23
-25
-28
-31
-34
-35
-33
-27
-23
-23
-24
-24
-23
-23
