-30
-31
-33
-32
-28
-24
-22
-22
-22
-23
-23
-23
-23
-24
-24
-24
-25
-27
-29
-31
-34
-35
-35
-36
-36
-38
-38
-39
-39
-39
-39
-37
-36
-35
-33
-31
-28
-23
-20
-20
-22
-24
-25
-27
-29
-27
-16
0
21
44
64
77
80
80
80
80
80
80
80
80
80
80
80
80
80
80
80
80
80
80
80
80
80
80
80
78
71
63
56
49
42
35
28
19
11
4
-2
-9
-16
-22
-25
-28
-25
-15
-2
10
24
37
50
63
74
79
80
80
80
80
80
80
80
80
77
70
62
54
47
39
30
21
11
1
-6
-13
-19
-24
-27
-30
-30
-28
-26
-25
-23
-22
-19
-16
-10
-3
3
12
20
29
39
48
55
58
55
51
46
41
36
31
