-31
-32
-32
-33
-33
-34
-34
-35
-35
-36
-36
-36
-37
-37
-37
-37
-37
-37
-37
-37
-38
-38
-38
-38
-38
-38
-39
-39
-39
-39
-39
-39
-39
-39
-39
-39
-39
-39
-40
-40
-40
-39
-39
-38
-38
-37
-35
-33
-32
-31
-31
-31
-32
-33
-33
-33
-33
-33
-33
-33
-33
-34
-34
-34
-32
-29
-25
-20
-13
-6
0
5
10
15
20
23
27
30
31
31
30
27
22
18
13
9
5
2
0
-4
-8
-13
-17
-21
-25
-29
-31
-34
-35
-37
-38
-39
-40
-40
-38
-36
-32
-28
-24
-20
-16
-11
-6
-1
2
7
11
14
18
21
22
23
22
20
17
14
10
7
4
1
-1
-3
-7
-11
-15
-19
-23
-27
-29
-32
-33
-35
-35
-36
-37
-38
-38
-38
-38
-39
