-11
-11
-10
-10
-9
-8
-10
-14
-18
-20
-21
-22
-22
-23
-23
-22
-22
-22
-22
-22
-22
-22
-22
-22
-20
-18
-16
-15
-14
-13
-12
-12
-11
-10
-10
-9
-9
-8
-7
-6
-6
-7
-13
-18
-21
-22
-23
-23
-23
-22
-22
-22
-22
-22
-22
-22
-23
-23
-23
-23
-23
-23
-21
-19
-17
-16
-15
-14
-12
-12
-11
-10
-10
-9
-7
-7
-6
-6
-5
-5
-9
-15
-18
-20
-21
-21
-21
-21
-21
-22
-22
-22
-21
-21
-21
-21
-21
-21
-21
-22
-22
-21
-18
-15
-13
-12
-10
-9
-9
-8
-8
-7
-6
-5
-4
-3
-2
-5
-11
-17
-19
-21
-21
-21
-21
-21
-21
-21
-21
-21
-21
-21
-22
-22
-22
-21
-21
-21
-19
-16
-15
-14
-12
-11
-11
-11
-11
-11
-8
-3
