-24
-27
-29
-30
-30
-28
-23
-22
-22
-22
-22
-22
-21
-22
-24
-25
-27
-23
-12
3
16
26
37
51
67
77
80
80
80
80
80
80
80
80
80
80
80
80
80
80
80
80
80
80
80
80
79
74
66
56
46
37
28
19
10
4
1
-2
-8
-13
-16
-19
-21
-23
-26
-28
-29
-30
-32
-33
-33
-34
-35
-35
-36
-36
-36
-35
-35
-33
-29
-25
-21
-17
-11
-5
-1
2
6
10
14
18
21
24
27
29
30
31
30
30
31
33
33
31
28
24
19
14
8
2
-2
-7
-11
-14
-17
-19
-21
-23
-25
-26
-27
-29
-29
-30
-30
-31
-31
-31
-31
-31
-30
-30
-30
-30
-28
-27
-25
-23
-21
-18
-17
-15
-13
-11
-9
-7
-4
-1
1
3
