-28
-27
-26
-26
-27
-27
-24
-23
-24
-25
-27
-29
-30
-31
-31
-30
-27
-26
-28
-29
-29
-29
-29
-28
-27
-26
-24
-25
-25
-23
-21
-22
-23
-26
-28
-29
-28
-28
-28
-28
-28
-26
-24
-25
-26
-27
-26
-25
-23
-22
-21
-20
-21
-25
-26
-24
-25
-27
-28
-28
-28
-27
-25
-24
-23
-21
-20
-19
-20
-20
-21
-20
-17
-11
-3
6
17
28
39
48
56
64
71
72
68
59
51
44
38
32
26
18
10
3
-4
-10
-17
-22
-25
-27
-26
-20
-9
1
10
18
25
30
35
39
42
44
43
40
38
36
36
36
35
30
26
22
18
13
6
0
-4
-7
-9
-9
-10
-11
-10
-6
-2
1
5
8
11
14
17
19
20
20
20
21
23
23
23
23
