-38
-38
-38
-38
-39
-39
-39
-39
-39
-39
-39
-38
-38
-38
-36
-35
-33
-31
-29
-26
-24
-21
-19
-16
-15
-14
-14
-15
-18
-20
-23
-26
-27
-29
-30
-31
-32
-33
-34
-35
-35
-36
-36
-36
-37
-37
-37
-37
-37
-38
-37
-37
-37
-37
-37
-36
-36
-37
-37
-37
-37
-37
-38
-39
-39
-37
-36
-34
-32
-29
-26
-24
-22
-21
-20
-19
-18
-18
-19
-21
-23
-25
-27
-28
-30
-31
-32
-32
-33
-33
-34
-34
-35
-35
-36
-36
-35
-32
-29
-25
-20
-16
-12
-8
-4
0
2
6
9
13
16
18
19
19
17
15
12
9
6
2
0
-3
-6
-9
-12
-15
-18
-21
-23
-25
-27
-28
-30
-31
-32
-33
-34
-34
-33
-30
-28
-24
-21
-17
-14
-10
-7
-3
0
3
