-16
-16
-15
-14
-13
-12
-11
-11
-10
-9
-11
-15
-19
-21
-23
-23
-24
-23
-23
-23
-23
-23
-23
-23
-23
-24
-24
-23
-21
-19
-19
-18
-17
-16
-16
-15
-14
-13
-12
-10
-10
-9
-8
-10
-15
-20
-22
-23
-23
-24
-24
-24
-23
-23
-23
-21
-20
-18
-17
-17
-16
-14
-13
-12
-11
-10
-9
-9
-13
-18
-21
-22
-23
-24
-24
-23
-23
-23
-23
-23
-23
-23
-23
-23
-23
-22
-20
-18
-16
-15
-14
-14
-13
-11
-10
-9
-9
-8
-7
-6
-9
-16
-20
-22
-22
-23
-23
-23
-23
-23
-23
-23
-23
-23
-23
-23
-23
-22
-21
-19
-18
-17
-15
-14
-13
-13
-12
-11
-10
-9
-8
-8
-8
-9
-14
-19
-21
-22
-22
-21
-21
-21
-21
-22
-22
-23
-23
-23
-23
-23
