-35
-35
-34
-34
-33
-33
-33
-33
-33
-33
-34
-34
-34
-34
-33
-33
-33
-33
-33
-33
-33
-33
-33
-34
-35
-36
-36
-37
-37
-37
-37
-37
-37
-37
-36
-37
-37
-38
-38
-38
-38
-38
-38
-37
-37
-36
-36
-36
-36
-35
-35
-35
-34
-34
-34
-34
-34
-34
-35
-36
-37
-37
-37
-37
-37
-37
-37
-37
-37
-38
-38
-38
-38
-37
-36
-36
-37
-38
-38
-38
-38
-38
-37
-37
-36
-37
-37
-37
-37
-36
-36
-35
-35
-35
-34
-35
-35
-35
-34
-34
-34
-34
-34
-34
-34
-34
-34
-34
-35
-36
-38
-40
-41
-42
-42
-42
-42
-42
-42
-42
-41
-41
-41
-41
-40
-40
-40
-41
-43
-43
-43
-42
-41
-40
-40
-39
-38
-38
-37
-36
-35
-34
-33
-32
-32
-32
-32
-32
-32
-33
