-11
-9
-8
-8
-8
-10
-12
-15
-18
-20
-22
-24
-25
-26
-26
-27
-27
-27
-27
-27
-28
-29
-29
-29
-29
-29
-28
-28
-28
-28
-29
-29
-30
-30
-31
-31
-31
-30
-29
-27
-25
-23
-21
-19
-16
-13
-10
-9
-9
-10
-12
-14
-17
-19
-21
-23
-24
-25
-26
-26
-27
-27
-27
-28
-28
-28
-28
-29
-29
-29
-28
-28
-28
-27
-27
-27
-27
-27
-27
-27
-27
-28
-28
-29
-30
-31
-30
-29
-27
-25
-23
-22
-21
-20
-19
-18
-17
-17
-17
-18
-19
-20
-22
-23
-24
-24
-25
-25
-25
-24
-23
-23
-23
-23
-22
-22
-22
-22
-22
-23
-26
-27
-28
-27
-26
-25
-24
-22
-21
-21
-20
-20
-19
-19
-18
-18
-17
-16
-15
-14
-13
-12
-11
-11
-11
-11
-12
-14
-15
-15
