-31
-30
-28
-28
-27
-27
-26
-25
-24
-24
-23
-24
-24
-24
-23
-23
-22
-21
-21
-21
-22
-24
-27
-29
-31
-32
-33
-33
-33
-33
-33
-33
-33
-33
-33
-33
-32
-32
-32
-33
-34
-35
-35
-33
-32
-30
-28
-27
-26
-25
-24
-23
-22
-21
-21
-20
-22
-23
-23
-22
-22
-22
-22
-23
-26
-31
-34
-35
-36
-36
-36
-36
-36
-36
-36
-35
-35
-35
-34
-33
-32
-31
-30
-28
-26
-24
-22
-21
-21
-21
-21
-21
-23
-23
-24
-25
-28
-32
-36
-36
-34
-33
-33
-33
-33
-33
-32
-31
-31
-32
-33
-32
-31
-28
-26
-24
-25
-28
-33
-38
-41
-44
-47
-50
-52
-52
-48
-43
-42
-43
-44
-45
-47
-47
-46
-45
-42
-38
-35
-32
-29
-25
-23
-18
-6
12
33
54
72
79
