-16
-17
-18
-19
-19
-20
-21
-20
-17
-12
-6
-1
3
7
12
17
21
26
30
34
37
41
42
42
40
36
32
27
24
20
16
12
9
6
2
0
-2
-4
-6
-8
-10
-11
-13
-14
-16
-17
-18
-19
-20
-21
-20
-18
-15
-13
-9
-5
-1
2
7
11
15
20
24
27
31
33
32
30
27
23
19
14
9
5
1
-1
-4
-7
-10
-12
-15
-18
-20
-21
-22
-23
-24
-25
-26
-27
-28
-27
-25
-22
-19
-15
-11
-8
-5
-2
0
1
4
5
6
5
3
0
-3
-6
-8
-11
-13
-14
-16
-18
-20
-21
-22
-22
-22
-22
-22
-23
-24
-25
-25
-26
-26
-27
-27
-27
-28
-29
-29
-30
-31
-30
-29
-28
-26
-25
-24
-22
-20
-18
-15
-13
-12
-11
