-14
-17
-19
-21
-23
-24
-25
-25
-23
-21
-20
-21
-21
-21
-20
-20
-20
-20
-20
-19
-18
-18
-19
-19
-19
-19
-19
-20
-21
-21
-21
-21
-22
-22
-22
-23
-24
-25
-25
-25
-24
-25
-25
-25
-25
-25
-25
-25
-25
-25
-24
-25
-25
-25
-24
-24
-23
-23
-23
-23
-24
-24
-23
-23
-23
-23
-23
-23
-23
-23
-23
-23
-23
-23
-23
-23
-23
-23
-23
-23
-23
-23
-23
-23
-23
-23
-23
-23
-24
-24
-24
-25
-25
-25
-25
-26
-26
-27
-27
-27
-27
-27
-27
-26
-26
-27
-27
-27
-26
-26
-25
-24
-23
-23
-22
-22
-22
-21
-21
-21
-21
-21
-21
-21
-21
-21
-21
-21
-21
-21
-23
-25
-26
-27
-27
-28
-28
-28
-29
-29
-29
-29
-28
-28
-27
-26
-26
-25
-24
-24
