-22
-22
-22
-22
-22
-23
-23
-24
-24
-24
-24
-24
-24
-25
-25
-26
-28
-29
-29
-29
-29
-29
-28
-28
-28
-28
-28
-28
-28
-27
-25
-24
-23
-23
-23
-23
-23
-23
-24
-24
-24
-25
-25
-25
-26
-27
-28
-29
-29
-29
-28
-28
-28
-28
-28
-28
-27
-26
-24
-23
-23
-23
-23
-23
-23
-24
-24
-24
-25
-26
-26
-26
-27
-27
-28
-29
-30
-30
-30
-31
-31
-31
-31
-31
-30
-29
-29
-28
-28
-28
-28
-25
-24
-24
-24
-24
-24
-25
-25
-26
-26
-26
-26
-27
-28
-29
-30
-31
-31
-31
-31
-31
-30
-30
-30
-30
-29
-29
-28
-27
-24
-23
-22
-23
-24
-25
-25
-26
-27
-28
-29
-29
-30
-29
-29
-29
-29
-29
-30
-29
-29
-28
-28
-27
-28
-27
-25
-23
-23
-24
