-38
-38
-38
-38
-38
-38
-38
-38
-36
-33
-31
-28
-26
-25
-25
-25
-25
-24
-24
-25
-25
-25
-27
-30
-35
-37
-38
-38
-38
-39
-39
-40
-41
-41
-42
-41
-41
-40
-38
-37
-38
-40
-39
-34
-29
-26
-25
-25
-26
-26
-27
-28
-30
-32
-33
-35
-39
-42
-42
-41
-41
-41
-41
-41
-41
-39
-38
-37
-36
-35
-34
-34
-34
-32
-27
-24
-24
-25
-27
-28
-30
-33
-38
-41
-44
-47
-46
-43
-41
-42
-43
-44
-45
-45
-45
-45
-44
-42
-41
-40
-41
-41
-36
-30
-28
-28
-31
-33
-36
-38
-40
-42
-44
-47
-49
-49
-44
-42
-46
-50
-52
-54
-55
-56
-56
-55
-54
-52
-51
-52
-51
-42
-34
-30
-31
-34
-37
-41
-43
-43
-42
-39
-38
-40
-39
-38
-38
-37
-35
-32
