16
15
12
7
3
0
-4
-8
-12
-15
-18
-21
-23
-25
-26
-28
-29
-29
-30
-31
-32
-33
-34
-35
-35
-35
-35
-35
-35
-34
-34
-35
-35
-35
-37
-37
-37
-36
-36
-36
-36
-36
-36
-37
-37
-38
-39
-39
-38
-37
-35
-32
-28
-24
-19
-14
-9
-4
0
3
8
11
15
18
20
22
22
19
15
10
6
3
1
-1
-3
-6
-9
-12
-16
-19
-21
-22
-24
-25
-27
-28
-29
-29
-30
-32
-33
-33
-33
-33
-33
-34
-34
-34
-34
-35
-36
-36
-36
-35
-35
-35
-34
-31
-28
-24
-20
-16
-11
-6
-2
2
6
11
15
19
22
23
22
19
15
11
7
4
1
0
0
-2
-5
-7
-9
-12
-15
-17
-19
-21
-22
-24
-25
-27
-28
-29
-29
-29
-30
-30
