51
56
60
63
64
64
62
57
51
46
41
36
31
26
21
16
11
7
2
-1
-6
-11
-15
-19
-23
-26
-28
-29
-31
-32
-33
-34
-34
-33
-33
-33
-31
-30
-28
-28
-26
-24
-21
-18
-14
-9
-4
0
6
13
21
30
38
45
51
58
63
67
69
69
68
65
61
57
53
47
40
32
25
19
14
9
3
-1
-6
-10
-14
-17
-20
-22
-25
-26
-27
-28
-28
-29
-29
-29
-29
-28
-27
-26
-25
-25
-26
-27
-29
-30
-30
-27
-22
-17
-12
-7
-4
-5
-7
-10
-13
-17
-21
-26
-29
-31
-33
-33
-33
-32
-31
-31
-31
-31
-32
-33
-36
-37
-37
-37
-38
-40
-43
-46
-49
-52
-58
-64
-70
-75
-78
-80
-80
-79
-78
-77
-74
-70
-66
-62
-59
-56
