-27
-26
-27
-29
-31
-31
-32
-33
-34
-34
-35
-33
-31
-31
-31
-32
-33
-33
-33
-32
-30
-29
-29
-29
-28
-26
-26
-28
-30
-31
-33
-34
-35
-36
-36
-34
-30
-30
-31
-32
-32
-32
-31
-30
-29
-28
-28
-29
-29
-27
-27
-29
-31
-32
-34
-35
-35
-35
-34
-33
-31
-29
-28
-29
-30
-30
-29
-28
-27
-26
-25
-24
-27
-28
-26
-27
-30
-33
-34
-34
-30
-23
-21
-21
-21
-20
-19
-18
-20
-23
-25
-27
-29
-27
-18
-7
0
7
15
23
32
40
46
51
53
50
47
43
38
34
30
25
20
13
6
-2
-11
-18
-24
-29
-30
-26
-16
-5
3
11
18
25
31
36
40
44
45
43
38
33
29
25
22
19
16
14
11
8
4
0
-2
-6
-10
-12
