11
12
12
13
13
15
17
19
20
22
23
26
29
32
34
36
36
37
37
36
34
33
31
30
29
28
26
23
19
14
9
4
0
-6
-10
-15
-18
-21
-24
-26
-28
-29
-30
-30
-30
-30
-30
-29
-28
-26
-24
-22
-20
-18
-16
-14
-11
-9
-7
-5
-3
-3
-3
-4
-5
-7
-9
-11
-12
-14
-15
-17
-19
-20
-22
-23
-24
-25
-26
-27
-27
-28
-29
-30
-30
-31
-32
-32
-32
-32
-32
-32
-32
-32
-32
-32
-32
-32
-31
-31
-32
-32
-33
-33
-34
-35
-35
-35
-35
-35
-35
-35
-35
-36
-36
-36
-35
-35
-34
-34
-33
-33
-33
-33
-33
-32
-32
-31
-29
-26
-24
-21
-19
-16
-13
-10
-7
-3
0
2
4
7
9
11
12
13
13
11
8
5
