-7
-11
-17
-21
-22
-23
-24
-24
-23
-23
-23
-23
-23
-23
-23
-24
-24
-24
-23
-21
-19
-18
-17
-16
-16
-15
-14
-14
-13
-12
-11
-11
-10
-10
-11
-15
-20
-22
-23
-23
-23
-23
-23
-23
-23
-23
-23
-23
-22
-20
-18
-16
-15
-14
-14
-14
-13
-12
-12
-11
-9
-8
-7
-7
-11
-16
-20
-22
-23
-23
-23
-23
-23
-23
-23
-23
-23
-23
-24
-24
-24
-23
-23
-23
-21
-19
-17
-16
-16
-14
-13
-12
-12
-11
-10
-9
-8
-8
-7
-6
-8
-13
-19
-21
-22
-22
-22
-22
-23
-23
-23
-22
-22
-22
-22
-22
-22
-23
-23
-23
-21
-19
-17
-15
-14
-13
-12
-12
-12
-11
-10
-9
-8
-7
-6
-6
-10
-17
-22
-23
-23
-23
-23
-23
-23
-24
-24
-24
-24
-24
