-23
-23
-25
-26
-27
-28
-29
-30
-30
-31
-30
-29
-28
-27
-27
-25
-21
-16
-15
-16
-17
-18
-19
-20
-21
-22
-22
-23
-24
-24
-25
-25
-26
-26
-27
-27
-28
-29
-30
-31
-31
-32
-31
-31
-31
-31
-30
-29
-25
-21
-19
-19
-20
-21
-21
-22
-23
-23
-24
-25
-25
-25
-26
-26
-27
-28
-28
-29
-31
-32
-33
-33
-33
-33
-32
-31
-31
-30
-29
-25
-20
-18
-18
-19
-20
-21
-22
-22
-23
-24
-25
-26
-28
-29
-30
-30
-30
-31
-31
-30
-29
-29
-30
-31
-32
-33
-33
-33
-33
-32
-32
-31
-29
-28
-26
-21
-17
-17
-18
-19
-20
-21
-24
-26
-28
-30
-31
-31
-31
-31
-32
-31
-28
-26
-26
-27
-28
-29
-29
-29
-29
-28
-27
-26
-26
-24
-20
-19
-20
-21
