-19
-19
-19
-19
-19
-19
-19
-19
-19
-19
-19
-19
-20
-20
-22
-24
-25
-26
-27
-27
-28
-28
-29
-29
-29
-28
-28
-27
-27
-26
-25
-23
-22
-21
-21
-21
-21
-20
-19
-19
-19
-19
-20
-20
-21
-22
-24
-25
-27
-28
-28
-27
-27
-28
-28
-28
-28
-29
-29
-28
-28
-27
-26
-26
-25
-22
-19
-19
-19
-21
-21
-23
-24
-25
-26
-28
-29
-30
-31
-32
-32
-31
-29
-30
-30
-31
-31
-30
-30
-29
-28
-27
-26
-25
-22
-18
-17
-18
-21
-24
-26
-27
-28
-29
-30
-32
-33
-34
-33
-30
-29
-30
-31
-31
-30
-29
-29
-28
-27
-26
-26
-27
-29
-27
-24
-24
-26
-28
-30
-32
-34
-35
-34
-31
-26
-26
-28
-28
-27
-26
-24
-23
-22
-21
-21
-21
-21
-27
-29
-26
