-29
-28
-28
-28
-28
-28
-28
-27
-27
-27
-27
-27
-27
-27
-27
-28
-28
-29
-30
-30
-30
-30
-30
-29
-29
-29
-29
-28
-28
-27
-27
-27
-26
-26
-26
-27
-27
-28
-28
-28
-28
-27
-27
-27
-27
-27
-26
-26
-26
-26
-25
-26
-26
-28
-28
-29
-28
-28
-28
-28
-28
-28
-28
-28
-28
-28
-28
-28
-28
-29
-29
-29
-29
-29
-28
-28
-27
-26
-26
-27
-27
-28
-28
-29
-29
-30
-30
-31
-32
-34
-34
-33
-32
-32
-32
-32
-32
-32
-33
-32
-32
-32
-31
-31
-30
-30
-29
-30
-31
-30
-29
-28
-27
-27
-27
-28
-29
-30
-30
-31
-31
-32
-33
-34
-36
-37
-36
-35
-33
-33
-33
-33
-32
-31
-27
-22
-16
-10
-4
2
8
15
21
27
33
38
41
42
40
37
