-14
-13
-11
-9
-9
-9
-9
-9
-9
-10
-11
-12
-13
-13
-14
-15
-16
-16
-16
-16
-16
-16
-17
-17
-17
-17
-17
-17
-17
-17
-17
-16
-16
-16
-15
-15
-16
-16
-16
-16
-15
-15
-15
-16
-16
-16
-16
-16
-16
-16
-16
-16
-16
-16
-16
-16
-16
-16
-16
-16
-16
-16
-16
-16
-16
-16
-16
-16
-16
-16
-17
-16
-16
-16
-16
-16
-16
-16
-17
-17
-17
-17
-17
-17
-17
-18
-18
-18
-18
-18
-18
-18
-18
-18
-19
-19
-19
-19
-19
-19
-19
-19
-19
-20
-20
-21
-22
-23
-23
-24
-25
-25
-26
-26
-26
-26
-26
-25
-25
-25
-24
-22
-21
-20
-20
-20
-20
-19
-19
-19
-20
-20
-20
-21
-22
-22
-22
-22
-23
-23
-23
-24
-26
-27
-28
-28
-29
-29
-29
-29
