-27
-27
-28
-28
-29
-31
-32
-33
-35
-38
-39
-38
-39
-39
-40
-41
-41
-42
-42
-42
-41
-40
-38
-38
-38
-38
-36
-32
-28
-25
-25
-25
-26
-26
-27
-27
-28
-28
-29
-31
-33
-34
-36
-37
-38
-39
-40
-41
-42
-43
-46
-49
-49
-48
-47
-47
-48
-49
-49
-48
-47
-45
-44
-42
-41
-40
-40
-38
-33
-29
-28
-29
-30
-31
-32
-34
-35
-37
-39
-40
-41
-42
-43
-46
-48
-49
-48
-48
-48
-48
-47
-45
-42
-40
-38
-37
-35
-34
-32
-32
-35
-39
-36
-33
-32
-33
-35
-37
-40
-41
-41
-41
-40
-41
-42
-42
-42
-42
-40
-34
-26
-16
-5
7
21
35
48
61
73
79
80
80
80
78
72
64
56
49
42
32
21
11
1
-8
-17
-23
-29
-34
-35
-28
