-28
-30
-30
-31
-32
-33
-33
-34
-34
-34
-35
-35
-35
-35
-36
-36
-34
-32
-29
-27
-24
-21
-18
-15
-12
-9
-5
-1
1
4
7
10
12
14
14
14
13
13
11
9
6
3
0
-2
-4
-7
-10
-13
-16
-18
-20
-23
-25
-26
-29
-30
-32
-32
-33
-34
-35
-35
-36
-37
-38
-38
-38
-36
-33
-31
-28
-26
-23
-20
-16
-13
-9
-6
-3
0
2
6
8
11
12
11
9
4
1
0
-1
-3
-6
-9
-12
-14
-18
-21
-23
-25
-26
-27
-29
-30
-30
-31
-31
-31
-31
-31
-31
-32
-33
-34
-35
-36
-36
-35
-34
-33
-32
-31
-29
-29
-28
-28
-27
-25
-24
-22
-21
-20
-19
-19
-20
-21
-22
-24
-26
-28
-29
-30
-32
-33
-34
-35
-35
-36
-36
-37
