-33
-33
-33
-33
-33
-33
-31
-30
-30
-29
-28
-27
-27
-27
-29
-31
-34
-35
-36
-36
-35
-35
-35
-34
-32
-30
-28
-26
-25
-23
-23
-24
-24
-24
-24
-23
-23
-24
-26
-30
-35
-38
-38
-38
-38
-38
-38
-37
-37
-36
-36
-36
-36
-35
-34
-33
-33
-33
-33
-32
-29
-28
-27
-26
-25
-26
-26
-26
-25
-23
-22
-23
-24
-26
-30
-34
-37
-37
-37
-37
-37
-38
-38
-39
-39
-39
-38
-38
-37
-37
-35
-33
-32
-33
-33
-31
-28
-25
-25
-26
-26
-27
-28
-31
-33
-37
-42
-45
-49
-52
-51
-47
-45
-45
-46
-46
-46
-45
-45
-43
-41
-40
-38
-36
-37
-41
-44
-41
-36
-33
-33
-34
-37
-41
-44
-46
-48
-51
-52
-53
-54
-48
-46
-48
-49
-50
-51
-51
-50
-50
