-26
-27
-28
-28
-29
-29
-28
-28
-26
-25
-25
-25
-22
-22
-23
-26
-28
-30
-31
-31
-31
-30
-26
-24
-26
-28
-29
-29
-28
-28
-26
-25
-23
-25
-27
-24
-24
-26
-29
-31
-32
-33
-33
-30
-23
-21
-23
-24
-24
-25
-24
-23
-22
-23
-25
-25
-25
-24
-20
-13
-3
5
14
22
30
37
45
51
55
53
47
41
34
26
17
8
0
-6
-11
-16
-18
-17
-7
2
10
19
30
40
49
56
61
61
57
52
46
41
37
31
24
16
6
-1
-8
-14
-18
-22
-24
-26
-25
-18
-6
3
11
19
26
33
40
45
49
52
52
52
51
50
50
48
47
47
47
46
44
41
38
35
32
27
21
15
11
7
3
0
-3
-5
-9
-12
-14
-15
-16
-16
