-35
-34
-34
-34
-33
-33
-33
-32
-32
-32
-32
-33
-34
-35
-36
-36
-36
-36
-36
-36
-35
-35
-34
-34
-34
-33
-32
-32
-32
-31
-31
-31
-31
-32
-32
-32
-32
-32
-32
-32
-31
-31
-31
-32
-33
-34
-34
-34
-33
-33
-33
-33
-32
-32
-32
-31
-31
-31
-30
-30
-30
-30
-30
-30
-31
-31
-31
-31
-30
-30
-30
-30
-30
-31
-32
-32
-32
-32
-32
-33
-34
-34
-33
-33
-33
-33
-33
-32
-32
-32
-32
-32
-31
-31
-30
-30
-29
-28
-27
-27
-27
-29
-29
-30
-30
-31
-31
-31
-31
-32
-33
-34
-35
-35
-36
-36
-38
-39
-39
-38
-37
-37
-37
-37
-36
-36
-37
-36
-35
-34
-33
-32
-31
-31
-31
-30
-28
-29
-30
-31
-32
-33
-34
-35
-38
-40
-41
-37
-26
-14
