-26
-26
-26
-26
-26
-26
-26
-26
-26
-26
-25
-24
-23
-22
-22
-21
-21
-20
-20
-19
-19
-18
-18
-17
-16
-17
-19
-22
-23
-24
-24
-25
-26
-26
-26
-26
-25
-25
-25
-25
-25
-25
-23
-23
-22
-22
-22
-22
-22
-22
-22
-22
-22
-21
-20
-19
-18
-17
-18
-20
-21
-23
-24
-25
-25
-25
-25
-24
-24
-24
-24
-25
-25
-25
-25
-25
-25
-25
-25
-25
-25
-25
-24
-23
-23
-22
-22
-21
-21
-20
-20
-19
-18
-17
-16
-15
-14
-13
-14
-17
-22
-23
-24
-24
-24
-24
-24
-25
-25
-25
-25
-25
-24
-24
-24
-24
-25
-25
-24
-23
-22
-22
-21
-21
-20
-19
-19
-18
-17
-16
-16
-15
-14
-14
-17
-20
-22
-23
-24
-24
-24
-24
-24
-24
-25
-25
-25
-24
-24
-24
