-25
-27
-27
-28
-28
-28
-28
-29
-29
-28
-28
-27
-26
-26
-26
-27
-26
-24
-22
-21
-21
-21
-22
-22
-22
-23
-24
-25
-26
-27
-28
-30
-31
-32
-32
-32
-31
-31
-31
-31
-31
-30
-29
-28
-28
-27
-28
-28
-26
-24
-23
-23
-24
-24
-25
-26
-26
-27
-28
-30
-31
-32
-33
-31
-30
-30
-31
-31
-31
-30
-29
-29
-28
-27
-27
-26
-24
-22
-22
-23
-24
-26
-27
-28
-29
-30
-31
-32
-32
-32
-30
-30
-31
-31
-31
-31
-31
-30
-30
-29
-28
-28
-26
-23
-23
-24
-26
-28
-28
-29
-30
-29
-26
-25
-25
-26
-26
-26
-25
-23
-22
-21
-21
-23
-25
-24
-23
-22
-23
-25
-27
-27
-28
-29
-30
-31
-31
-28
-26
-25
-25
-25
-27
-28
-28
-28
-27
-26
-24
-23
