-10
-11
-12
-13
-13
-13
-13
-13
-12
-11
-10
-8
-7
-5
-3
-1
-1
0
-1
-2
-2
-3
-4
-5
-6
-6
-7
-8
-9
-10
-11
-13
-14
-16
-17
-18
-18
-19
-20
-20
-21
-22
-22
-22
-23
-23
-23
-23
-23
-24
-24
-24
-24
-24
-24
-24
-24
-25
-25
-25
-23
-22
-21
-22
-22
-22
-23
-23
-23
-22
-22
-22
-22
-23
-23
-23
-23
-22
-21
-20
-19
-17
-15
-13
-10
-8
-5
-3
-1
0
1
1
0
0
-1
-2
-2
-4
-5
-7
-9
-12
-14
-16
-18
-20
-21
-23
-24
-26
-27
-27
-28
-29
-29
-29
-28
-27
-27
-26
-25
-24
-23
-22
-20
-19
-18
-16
-15
-13
-12
-11
-11
-11
-11
-12
-12
-12
-12
-12
-13
-13
-13
-13
-14
-14
-15
-16
-17
-18
