-29
-28
-28
-27
-27
-27
-27
-27
-27
-27
-27
-28
-28
-28
-29
-29
-29
-29
-28
-27
-27
-26
-26
-26
-26
-26
-26
-25
-25
-25
-25
-25
-26
-26
-27
-28
-28
-29
-30
-31
-31
-31
-30
-30
-30
-31
-31
-31
-31
-31
-31
-31
-31
-31
-31
-30
-29
-28
-27
-27
-27
-27
-26
-25
-25
-25
-25
-25
-26
-27
-28
-30
-34
-36
-36
-33
-27
-22
-19
-15
-12
-8
-2
3
9
15
22
29
35
41
46
51
56
59
62
61
59
55
50
46
40
34
29
25
22
19
16
12
9
5
0
-5
-10
-15
-19
-23
-25
-26
-24
-19
-13
-7
-1
3
9
14
19
25
30
36
44
49
51
54
54
53
50
46
42
36
31
27
24
20
16
12
9
6
2
-1
