-30
-29
-28
-28
-27
-26
-26
-25
-25
-25
-25
-26
-27
-28
-28
-28
-28
-28
-28
-28
-28
-28
-28
-28
-28
-28
-28
-29
-29
-29
-29
-30
-31
-33
-34
-34
-34
-33
-33
-33
-32
-31
-30
-29
-29
-28
-27
-27
-26
-26
-27
-28
-29
-31
-31
-31
-30
-29
-28
-28
-27
-28
-29
-30
-30
-31
-31
-31
-32
-32
-33
-35
-37
-37
-37
-37
-36
-36
-36
-36
-36
-36
-35
-35
-34
-33
-33
-33
-33
-32
-32
-31
-31
-31
-32
-33
-33
-33
-33
-31
-30
-29
-29
-29
-30
-31
-33
-32
-29
-25
-19
-13
-7
-1
4
11
19
27
35
41
46
50
53
55
53
50
47
43
38
32
26
22
17
14
10
7
3
0
-4
-9
-14
-18
-21
-24
-26
-26
-22
-16
-8
0
