-9
-10
-11
-12
-12
-13
-13
-14
-14
-15
-20
-27
-32
-34
-34
-34
-34
-33
-30
-26
-21
-18
-15
-13
-12
-13
-14
-15
-16
-17
-18
-20
-21
-23
-24
-25
-26
-28
-30
-31
-32
-34
-35
-37
-39
-40
-41
-42
-43
-43
-43
-42
-40
-37
-34
-30
-26
-22
-19
-18
-15
-7
0
8
14
18
20
19
16
13
11
9
8
6
5
4
3
1
0
-2
-4
-7
-9
-10
-12
-14
-16
-18
-20
-21
-22
-24
-29
-34
-37
-37
-37
-37
-38
-39
-41
-43
-43
-42
-39
-34
-30
-25
-19
-14
-10
-5
-1
3
9
14
21
28
34
38
39
40
40
39
36
32
27
22
17
14
10
7
5
2
0
0
-2
-4
-6
-8
-10
-12
-14
-16
-18
-19
-20
-21
-22
-24
