-20
-20
-19
-19
-20
-23
-24
-26
-27
-27
-27
-27
-27
-27
-27
-27
-28
-28
-27
-25
-24
-23
-23
-22
-22
-22
-21
-21
-20
-20
-19
-18
-18
-19
-22
-24
-26
-27
-27
-27
-27
-27
-27
-27
-27
-28
-28
-27
-27
-27
-27
-27
-25
-25
-24
-24
-24
-24
-24
-24
-23
-23
-23
-23
-23
-23
-23
-24
-26
-26
-27
-27
-27
-27
-27
-27
-27
-27
-27
-27
-27
-27
-27
-27
-26
-25
-24
-23
-23
-23
-23
-22
-21
-20
-20
-19
-18
-17
-16
-15
-15
-17
-21
-24
-25
-26
-26
-26
-26
-26
-26
-26
-27
-26
-26
-26
-26
-26
-26
-26
-26
-27
-26
-25
-24
-24
-23
-23
-22
-22
-21
-21
-21
-20
-20
-19
-19
-18
-17
-17
-19
-22
-24
-25
-25
-26
-26
-26
-26
-26
