-26
-27
-28
-27
-26
-25
-25
-25
-25
-25
-25
-25
-24
-24
-22
-19
-18
-19
-20
-21
-23
-24
-25
-26
-26
-25
-22
-21
-21
-22
-23
-24
-24
-24
-24
-23
-22
-21
-23
-22
-20
-20
-21
-22
-23
-24
-25
-25
-26
-28
-29
-30
-29
-26
-25
-26
-27
-27
-28
-27
-26
-25
-24
-23
-24
-22
-20
-20
-21
-23
-24
-25
-26
-27
-28
-29
-30
-30
-28
-25
-25
-26
-27
-28
-28
-28
-27
-27
-25
-24
-24
-24
-20
-19
-19
-20
-24
-26
-27
-27
-26
-23
-21
-22
-23
-24
-24
-22
-21
-19
-18
-20
-22
-21
-22
-24
-26
-28
-29
-30
-30
-27
-21
-16
-14
-12
-10
-7
-1
4
11
19
27
34
37
33
28
21
12
5
-1
-7
-12
-17
-20
-20
-15
-4
4
12
