-32
-32
-32
-32
-32
-32
-33
-33
-33
-33
-33
-33
-33
-33
-34
-34
-34
-35
-35
-35
-35
-35
-35
-36
-36
-35
-36
-36
-36
-36
-37
-37
-37
-37
-37
-36
-36
-36
-36
-36
-36
-35
-35
-34
-34
-34
-33
-34
-33
-33
-32
-32
-32
-32
-32
-32
-32
-32
-32
-32
-31
-31
-30
-30
-30
-30
-30
-30
-30
-29
-28
-27
-25
-23
-20
-17
-14
-11
-8
-5
-3
0
1
4
7
9
10
11
11
11
9
8
6
4
2
0
0
-1
-3
-5
-7
-9
-11
-14
-17
-19
-20
-22
-23
-24
-25
-26
-27
-28
-29
-30
-30
-30
-30
-29
-29
-28
-27
-26
-24
-21
-19
-15
-10
-7
-2
1
5
9
13
16
19
22
23
24
23
21
19
17
15
13
11
10
7
5
