-29
-29
-29
-28
-28
-27
-27
-27
-26
-23
-22
-22
-21
-21
-22
-23
-24
-25
-26
-27
-28
-29
-31
-32
-32
-32
-31
-31
-31
-31
-32
-32
-31
-30
-29
-29
-28
-28
-28
-27
-25
-23
-23
-24
-25
-25
-26
-28
-29
-30
-31
-32
-33
-35
-36
-36
-35
-33
-33
-34
-34
-34
-34
-33
-33
-32
-31
-30
-29
-28
-26
-24
-23
-23
-25
-27
-29
-30
-31
-32
-33
-34
-34
-31
-30
-30
-31
-31
-31
-30
-30
-29
-28
-27
-26
-27
-27
-25
-24
-24
-25
-27
-28
-30
-31
-32
-32
-33
-33
-31
-30
-30
-30
-30
-30
-30
-29
-28
-28
-27
-26
-27
-26
-24
-24
-24
-26
-28
-29
-30
-32
-32
-33
-33
-33
-33
-33
-31
-30
-31
-33
-33
-33
-32
-30
-29
-28
-27
-26
-27
