-26
-27
-29
-29
-29
-29
-29
-29
-29
-29
-29
-29
-28
-28
-27
-27
-27
-26
-25
-23
-23
-23
-23
-23
-23
-24
-25
-25
-26
-26
-27
-28
-28
-29
-30
-31
-30
-30
-30
-30
-31
-31
-30
-30
-30
-29
-29
-29
-29
-28
-26
-24
-23
-23
-24
-24
-25
-25
-26
-26
-27
-27
-28
-29
-30
-30
-32
-32
-32
-32
-32
-32
-33
-33
-33
-32
-32
-31
-31
-30
-30
-29
-27
-24
-23
-23
-24
-24
-25
-25
-26
-27
-28
-29
-29
-30
-31
-32
-33
-34
-34
-33
-34
-34
-35
-35
-35
-35
-35
-35
-34
-34
-33
-33
-32
-29
-26
-25
-25
-26
-27
-27
-28
-29
-30
-31
-32
-32
-33
-34
-35
-36
-35
-34
-35
-35
-35
-35
-35
-34
-33
-33
-33
-32
-31
-30
-25
-21
-20
-21
