-30
-30
-31
-32
-32
-31
-31
-31
-32
-32
-32
-32
-32
-32
-33
-33
-33
-33
-33
-33
-33
-32
-32
-32
-32
-32
-33
-34
-33
-33
-33
-33
-33
-33
-33
-33
-33
-33
-34
-34
-34
-33
-33
-33
-33
-33
-33
-33
-33
-33
-34
-34
-34
-33
-33
-33
-33
-33
-33
-33
-33
-34
-34
-34
-34
-34
-34
-34
-34
-34
-34
-34
-35
-35
-35
-35
-35
-35
-34
-34
-34
-35
-35
-35
-36
-36
-36
-36
-36
-36
-36
-36
-36
-36
-36
-37
-37
-37
-37
-37
-37
-37
-37
-36
-36
-37
-36
-37
-37
-37
-37
-36
-36
-36
-36
-36
-36
-36
-36
-37
-37
-37
-37
-36
-36
-36
-36
-36
-36
-36
-37
-37
-36
-35
-33
-32
-29
-26
-23
-20
-17
-13
-9
-5
-1
1
5
8
12
14
