-25
-24
-24
-24
-24
-24
-25
-26
-27
-27
-27
-27
-28
-28
-29
-30
-32
-33
-32
-31
-31
-31
-31
-31
-31
-31
-31
-31
-31
-31
-30
-29
-29
-29
-28
-26
-24
-24
-24
-25
-26
-27
-28
-29
-30
-31
-32
-34
-35
-36
-33
-32
-34
-35
-34
-33
-33
-33
-33
-33
-32
-32
-32
-33
-31
-30
-29
-30
-30
-31
-31
-32
-32
-32
-33
-33
-34
-35
-35
-34
-33
-35
-35
-35
-35
-34
-33
-33
-32
-31
-31
-30
-28
-27
-28
-29
-31
-31
-32
-34
-35
-35
-33
-29
-27
-26
-26
-26
-24
-21
-18
-13
-8
-2
1
7
12
16
20
24
27
27
25
23
21
18
13
8
3
-1
-7
-11
-16
-19
-21
-23
-25
-27
-26
-21
-14
-8
-3
2
8
14
20
26
30
35
