-36
-36
-36
-35
-35
-35
-35
-35
-36
-36
-36
-37
-37
-37
-38
-38
-40
-40
-39
-37
-36
-34
-33
-32
-31
-31
-32
-33
-35
-37
-38
-38
-38
-37
-37
-38
-37
-37
-36
-36
-36
-36
-36
-37
-37
-37
-37
-37
-37
-37
-36
-36
-37
-37
-37
-37
-37
-37
-38
-40
-40
-41
-41
-40
-40
-39
-38
-37
-37
-36
-36
-35
-34
-34
-34
-35
-37
-38
-39
-40
-41
-41
-40
-39
-39
-38
-37
-36
-36
-35
-35
-34
-34
-33
-33
-31
-30
-29
-29
-29
-28
-28
-27
-27
-27
-28
-31
-35
-38
-39
-40
-40
-40
-39
-38
-37
-37
-36
-35
-35
-34
-34
-34
-33
-33
-33
-33
-33
-33
-34
-35
-37
-38
-38
-36
-35
-34
-30
-19
-8
-4
-5
-6
-7
-8
-10
-12
-16
-21
-24
