-29
-29
-28
-27
-27
-26
-24
-22
-22
-22
-22
-23
-23
-23
-24
-25
-25
-26
-27
-28
-29
-29
-30
-30
-31
-32
-32
-33
-33
-32
-32
-32
-32
-32
-32
-31
-30
-30
-29
-28
-28
-28
-27
-24
-23
-23
-23
-24
-25
-25
-26
-27
-28
-29
-30
-31
-32
-33
-33
-34
-33
-31
-30
-30
-30
-30
-30
-29
-29
-29
-28
-28
-27
-27
-26
-24
-23
-23
-24
-26
-27
-29
-30
-32
-32
-33
-34
-35
-35
-33
-30
-30
-30
-31
-31
-31
-30
-29
-29
-28
-28
-28
-28
-26
-25
-25
-26
-28
-29
-31
-32
-32
-33
-34
-35
-36
-37
-37
-37
-37
-37
-35
-32
-31
-32
-32
-32
-31
-31
-30
-30
-30
-29
-28
-29
-29
-26
-25
-25
-26
-28
-30
-31
-31
-32
-33
-33
-33
-34
-34
