-23
-23
-22
-21
-21
-22
-22
-22
-22
-22
-22
-22
-22
-23
-25
-27
-27
-28
-28
-29
-29
-29
-29
-28
-28
-28
-28
-27
-27
-26
-25
-23
-22
-22
-22
-22
-22
-22
-23
-24
-25
-27
-28
-29
-30
-31
-32
-33
-33
-33
-31
-31
-31
-31
-31
-31
-31
-30
-29
-28
-28
-27
-28
-27
-24
-23
-23
-24
-25
-26
-27
-29
-30
-31
-32
-33
-33
-34
-32
-30
-29
-29
-29
-29
-29
-29
-28
-28
-28
-27
-26
-26
-25
-23
-23
-23
-25
-27
-28
-30
-31
-32
-32
-29
-26
-26
-27
-28
-28
-29
-28
-28
-27
-26
-24
-23
-23
-26
-25
-20
-19
-20
-23
-26
-28
-30
-31
-31
-27
-21
-19
-18
-15
-11
-4
2
11
19
28
35
42
48
54
61
67
73
75
72
64
54
