-32
-31
-31
-31
-30
-29
-27
-24
-22
-21
-21
-20
-21
-21
-21
-22
-22
-22
-22
-23
-23
-23
-24
-25
-25
-25
-25
-26
-26
-27
-28
-29
-29
-29
-30
-31
-31
-31
-31
-31
-30
-30
-30
-29
-29
-28
-25
-22
-20
-20
-20
-20
-21
-21
-21
-22
-22
-23
-23
-23
-23
-24
-24
-25
-25
-25
-26
-28
-28
-28
-28
-29
-30
-30
-30
-30
-30
-30
-30
-29
-29
-28
-25
-22
-20
-20
-20
-21
-21
-21
-22
-23
-24
-24
-24
-25
-25
-26
-27
-28
-29
-29
-29
-29
-29
-29
-29
-29
-29
-28
-28
-28
-27
-27
-26
-22
-20
-20
-21
-21
-22
-22
-23
-24
-24
-25
-26
-27
-27
-26
-26
-26
-26
-26
-25
-24
-24
-24
-23
-23
-21
-19
-19
-20
-21
-22
-22
-23
-24
-25
