-15
-13
-12
-11
-11
-13
-18
-23
-25
-26
-26
-26
-26
-26
-27
-27
-27
-26
-26
-26
-26
-26
-26
-24
-22
-20
-19
-18
-17
-17
-16
-15
-14
-13
-13
-12
-11
-10
-9
-10
-15
-20
-23
-24
-25
-25
-25
-25
-25
-25
-26
-26
-26
-26
-26
-26
-25
-22
-20
-19
-18
-18
-17
-16
-16
-15
-14
-14
-13
-12
-11
-11
-13
-17
-21
-23
-24
-24
-25
-25
-25
-25
-25
-26
-26
-25
-25
-25
-25
-25
-25
-23
-21
-20
-19
-18
-17
-16
-16
-15
-14
-14
-14
-14
-13
-11
-10
-9
-8
-9
-14
-20
-23
-24
-25
-24
-24
-24
-24
-24
-25
-25
-25
-25
-25
-25
-25
-24
-24
-24
-24
-23
-20
-19
-17
-16
-16
-15
-15
-14
-14
-13
-13
-12
-11
-9
-9
-12
-17
-21
