2
6
10
13
15
14
9
4
-1
-7
-12
-16
-19
-21
-23
-24
-25
-26
-25
-25
-25
-25
-26
-25
-26
-26
-26
-26
-25
-25
-25
-25
-24
-24
-25
-25
-25
-24
-24
-24
-24
-24
-25
-25
-25
-23
-20
-16
-11
-6
-1
2
7
11
14
16
16
15
11
5
0
-7
-12
-17
-21
-23
-24
-25
-25
-25
-25
-25
-26
-26
-25
-25
-24
-24
-24
-24
-24
-24
-25
-25
-25
-24
-24
-24
-24
-23
-23
-23
-24
-24
-24
-25
-26
-25
-24
-22
-18
-14
-11
-8
-4
-1
0
3
5
8
10
13
14
13
10
6
0
-5
-10
-15
-19
-21
-23
-25
-25
-25
-25
-25
-24
-24
-25
-26
-25
-25
-25
-25
-24
-24
-24
-24
-25
-25
-24
-24
-23
-23
-23
-24
-25
-26
