-26
-26
-25
-25
-26
-27
-28
-29
-29
-30
-32
-32
-33
-33
-34
-34
-34
-35
-35
-35
-37
-38
-38
-37
-37
-37
-36
-36
-35
-35
-37
-37
-37
-37
-37
-37
-37
-37
-37
-37
-38
-38
-37
-36
-34
-32
-30
-29
-28
-27
-27
-27
-27
-28
-29
-30
-30
-30
-31
-32
-32
-33
-33
-34
-34
-34
-34
-36
-37
-37
-37
-37
-37
-37
-37
-37
-37
-38
-38
-38
-37
-37
-37
-37
-36
-36
-37
-37
-37
-36
-36
-36
-36
-36
-36
-37
-38
-37
-36
-35
-34
-33
-32
-32
-31
-31
-31
-31
-30
-31
-33
-35
-36
-37
-37
-37
-36
-36
-35
-35
-34
-35
-35
-34
-33
-32
-31
-30
-29
-28
-29
-30
-30
-30
-30
-29
-29
-28
-28
-30
-32
-34
-36
-38
-39
-39
-39
-39
-38
-38
