-36
-37
-37
-38
-39
-39
-40
-38
-36
-34
-33
-33
-32
-31
-29
-26
-23
-20
-19
-19
-18
-17
-17
-17
-18
-18
-19
-22
-25
-27
-27
-26
-26
-27
-28
-28
-28
-28
-27
-26
-25
-24
-24
-25
-23
-18
-16
-17
-19
-20
-23
-27
-31
-33
-35
-37
-40
-43
-45
-47
-47
-44
-42
-43
-43
-43
-43
-41
-39
-35
-33
-31
-29
-29
-27
-22
-19
-21
-23
-26
-29
-31
-34
-36
-37
-39
-41
-41
-38
-38
-39
-41
-43
-45
-45
-43
-41
-39
-38
-36
-37
-35
-25
-10
7
18
19
14
9
5
2
0
-2
-2
-1
0
1
4
8
10
9
1
-4
0
12
30
49
67
78
79
80
80
80
80
80
80
80
80
80
80
80
80
80
80
79
74
64
54
42
27
