-20
-20
-20
-20
-21
-21
-22
-22
-23
-25
-26
-27
-27
-28
-28
-28
-29
-29
-28
-28
-27
-27
-27
-26
-24
-22
-21
-20
-20
-20
-20
-20
-21
-21
-22
-22
-24
-24
-25
-26
-27
-28
-29
-30
-31
-30
-30
-30
-30
-30
-31
-30
-30
-30
-30
-29
-28
-27
-27
-27
-27
-24
-21
-21
-21
-21
-22
-24
-25
-26
-26
-27
-28
-29
-29
-30
-31
-30
-29
-29
-29
-30
-30
-30
-29
-29
-29
-28
-27
-26
-26
-27
-27
-26
-23
-22
-21
-22
-23
-25
-26
-28
-29
-30
-30
-29
-28
-28
-29
-29
-29
-29
-29
-28
-28
-27
-27
-27
-24
-22
-22
-24
-25
-26
-27
-28
-29
-32
-34
-35
-33
-33
-31
-28
-29
-30
-30
-30
-29
-28
-27
-26
-25
-23
-23
-23
-26
-29
-27
-24
