-23
-23
-25
-26
-26
-25
-25
-24
-24
-25
-26
-26
-25
-24
-23
-22
-20
-19
-18
-17
-16
-14
-14
-15
-16
-16
-17
-19
-19
-19
-19
-19
-20
-20
-20
-21
-22
-22
-22
-22
-22
-22
-22
-22
-22
-23
-23
-23
-23
-23
-23
-23
-23
-23
-23
-24
-25
-24
-24
-24
-24
-25
-26
-26
-27
-28
-29
-30
-30
-31
-31
-31
-31
-31
-30
-29
-28
-27
-26
-24
-24
-23
-24
-25
-25
-25
-25
-24
-24
-24
-24
-24
-25
-25
-25
-25
-25
-25
-25
-25
-24
-25
-26
-26
-26
-26
-26
-26
-27
-28
-30
-31
-32
-33
-33
-34
-35
-35
-36
-36
-36
-36
-35
-35
-35
-34
-33
-30
-28
-26
-25
-23
-23
-22
-22
-22
-22
-22
-23
-24
-25
-25
-25
-25
-24
-25
-25
-27
-29
-30
