-40
-41
-42
-44
-45
-46
-48
-50
-50
-51
-51
-50
-49
-47
-46
-45
-43
-41
-36
-27
-20
-20
-21
-23
-24
-26
-28
-29
-30
-32
-33
-34
-35
-35
-36
-38
-41
-42
-41
-42
-42
-44
-45
-45
-45
-45
-44
-43
-42
-41
-41
-40
-38
-36
-35
-34
-33
-27
-23
-23
-24
-25
-27
-30
-31
-32
-34
-35
-37
-38
-40
-42
-44
-46
-48
-50
-51
-52
-52
-50
-49
-49
-50
-52
-53
-53
-52
-52
-51
-50
-49
-47
-45
-42
-40
-38
-31
-23
-21
-24
-27
-29
-30
-31
-32
-33
-34
-35
-36
-38
-39
-40
-41
-42
-40
-38
-38
-37
-37
-37
-37
-38
-38
-38
-37
-36
-34
-31
-28
-24
-21
-23
-29
-32
-31
-31
-30
-29
-24
-10
7
31
57
75
80
80
80
80
80
80
