-30
-30
-30
-31
-31
-31
-31
-31
-31
-31
-31
-30
-30
-30
-30
-31
-30
-29
-27
-26
-25
-24
-24
-24
-25
-25
-25
-25
-25
-25
-25
-26
-27
-28
-29
-29
-29
-29
-30
-30
-30
-31
-31
-31
-31
-30
-29
-29
-29
-28
-26
-25
-24
-24
-24
-24
-24
-24
-24
-24
-25
-25
-25
-26
-26
-27
-27
-27
-27
-27
-28
-30
-31
-31
-31
-31
-32
-32
-32
-31
-30
-29
-28
-28
-28
-27
-25
-23
-22
-23
-23
-23
-23
-24
-25
-25
-26
-26
-27
-28
-28
-28
-29
-29
-29
-29
-29
-30
-31
-31
-31
-31
-30
-29
-27
-26
-26
-24
-20
-17
-18
-20
-22
-24
-25
-26
-27
-28
-30
-31
-32
-33
-31
-29
-29
-29
-29
-30
-30
-30
-30
-29
-28
-28
-27
-26
-23
-22
-22
-23
