-22
-24
-26
-27
-26
-26
-26
-25
-22
-23
-25
-26
-27
-28
-28
-28
-28
-26
-25
-23
-23
-23
-20
-18
-19
-21
-23
-25
-25
-25
-25
-25
-24
-21
-22
-23
-24
-24
-24
-23
-22
-21
-21
-22
-19
-17
-18
-20
-22
-23
-23
-23
-23
-20
-17
-18
-19
-21
-21
-20
-19
-18
-17
-17
-20
-22
-21
-22
-24
-25
-26
-26
-26
-26
-21
-13
-6
0
6
14
23
32
40
49
55
60
58
53
47
40
31
21
11
3
-2
-8
-13
-17
-18
-14
-8
-2
0
1
2
5
14
24
33
42
50
58
65
71
76
76
72
66
58
52
48
44
40
36
31
26
20
13
6
-2
-9
-15
-19
-21
-18
-9
0
8
16
23
28
33
36
39
42
42
40
38
35
33
