-39
-39
-39
-39
-38
-38
-38
-37
-38
-39
-40
-41
-42
-42
-41
-41
-41
-40
-40
-39
-39
-38
-38
-36
-36
-35
-36
-36
-37
-38
-38
-37
-36
-35
-34
-34
-33
-33
-33
-33
-32
-31
-31
-30
-30
-30
-29
-30
-30
-32
-33
-33
-34
-35
-35
-35
-36
-36
-36
-36
-37
-36
-35
-34
-34
-33
-33
-33
-32
-32
-32
-33
-33
-33
-35
-36
-37
-38
-37
-35
-33
-32
-30
-30
-29
-29
-29
-29
-29
-29
-30
-32
-34
-36
-36
-36
-37
-37
-37
-37
-37
-37
-37
-37
-37
-37
-37
-37
-37
-37
-36
-37
-37
-36
-33
-30
-28
-28
-27
-27
-26
-26
-26
-26
-26
-27
-27
-28
-28
-29
-29
-29
-31
-34
-34
-34
-34
-35
-35
-35
-36
-36
-36
-36
-35
-35
-34
-33
-32
-31
